3264 2
-1.457851 -3.365710
-5.743505 1.184931
9.911794 -1.667976
-5.491805 0.278235
-2.889126 0.280246
-2.906223 -5.355037
-2.671227 -4.250355
-5.016603 3.841892
-0.080101 -2.038240
-1.803794 -6.580423
-5.440546 4.546446
-0.168685 -7.030048
-6.610310 3.671267
-1.100820 -3.996893
-0.004800 -1.956670
-5.471227 4.403189
-0.463756 -5.809052
-2.981180 -3.864172
-1.456225 -4.581836
-1.512489 -5.489007
-2.634264 -4.230915
-5.117988 1.885353
-5.117460 4.433081
0.649136 -4.623011
-3.199532 1.091972
-6.927833 3.574258
-4.307838 2.454007
-0.251081 -4.874217
-4.335973 4.167799
-6.493893 -7.161951
-5.985148 1.757247
-6.023885 2.030909
-4.532269 2.095767
-1.817281 -6.376789
-5.194072 3.737000
-2.292214 -4.242895
-2.905184 -5.326562
-6.407990 2.833410
-2.334625 -4.303417
-2.947184 -3.761451
-1.156072 -6.042177
-0.311012 -6.190778
-3.035466 -3.800525
-1.310704 -4.616597
-0.136623 -2.091117
0.654624 -4.711085
-1.340633 -4.640087
-4.126368 0.143048
-4.330511 4.201558
-1.305902 -4.609467
-4.449413 0.616587
-5.980542 4.102451
-2.985552 -4.121824
0.735308 -4.540550
-4.332410 4.163867
5.303998 -7.716406
-5.944859 -0.076320
0.938612 5.923955
-5.250170 4.084695
-1.486063 -4.485300
-3.922335 4.494646
-1.725322 -5.715540
-7.205144 2.019901
-2.922404 -5.312552
-2.643750 -4.287305
-6.695996 1.606110
5.818265 3.357626
-4.410681 4.217402
-0.568196 8.625753
-6.845712 3.573730
-1.434792 -5.537543
-0.291294 -4.920888
-2.866034 -5.290241
4.255097 -2.046598
4.643495 -1.878736
-1.518575 -5.488945
-2.864385 -5.260041
-2.988318 -5.381164
-5.990492 1.042938
-6.428163 2.672364
-0.348633 2.856154
-1.303025 -4.614731
-5.395421 4.326251
-2.610970 -4.752224
-1.585468 -5.577943
-5.039855 4.008685
-4.934216 2.588754
-5.815461 4.432038
-5.297909 1.965505
-1.936403 -5.857159
-5.880122 0.936889
-2.845615 -4.261413
-2.309096 -4.233608
-4.419181 0.523756
-5.869429 3.304388
-4.909477 4.192791
-1.043810 6.499823
-2.903476 -5.314649
-5.157531 4.244372
-1.658080 -3.378088
-6.550554 4.550889
-0.702847 -5.224197
-5.893453 1.947402
-6.161492 2.992802
-0.723687 -3.742121
-4.436324 4.202468
-4.334922 4.215973
-6.976326 3.548818
0.156249 -2.887511
-0.188471 -3.010153
-0.788276 -7.059496
-1.442102 -3.346909
-2.247546 -1.897908
-5.899544 4.463738
-2.953600 -5.363244
-2.877443 -4.090300
-1.324059 -5.256006
-5.105107 4.473820
-3.739946 -2.135546
-5.516416 0.288324
-2.104413 -4.206395
-5.530060 2.431214
-5.447021 3.778280
1.433893 0.759921
-0.543499 -6.032838
-2.883042 -5.273681
-5.594191 2.446541
3.811620 -7.878247
-0.726344 -3.737582
-3.128586 2.971527
-0.713200 -3.760183
-0.788794 -4.879590
0.354367 -2.753572
-0.790758 -3.798331
-5.544486 -6.745690
-2.210652 -4.278101
-0.796226 -5.861558
-1.254070 -4.707263
-1.483977 -5.451961
-0.717156 -3.743893
-0.470912 -6.023647
-0.616578 -5.915572
0.598935 -4.697176
-0.525318 -6.042800
-0.475101 -5.813963
-0.764120 -5.976057
-5.354964 4.155108
-1.111431 -6.027969
-2.189960 -1.848578
-2.196421 -1.862388
-5.239169 4.500663
-5.313273 2.192552
-4.423609 4.102585
-5.574698 3.838173
-5.136065 4.265875
-5.215164 4.213136
-1.847657 -3.499058
-1.821901 -6.523375
-5.685828 3.430432
-1.238871 -5.781669
0.727163 -4.541581
-5.201696 0.589833
-1.509439 -3.497876
-2.348937 -0.197985
1.088478 -5.209202
-1.625957 -5.319287
-5.868770 4.275679
-5.825806 4.868222
-4.098783 0.099049
-1.741209 -4.054976
-0.351217 -5.305449
-5.738640 -0.348016
0.101629 -2.847781
-1.400399 -5.055042
3.608033 -6.032610
-4.383705 4.240536
-1.133548 -6.073291
-5.819937 0.343452
-5.891784 2.152939
-4.903461 4.134232
-1.342977 -4.631629
-6.253752 3.099801
-4.141799 -2.179707
-4.265351 4.112391
-4.158100 -2.233036
-1.289257 -4.599515
-1.336339 -4.597528
-0.651555 -5.299315
-5.902353 4.472225
-0.292698 -4.900091
-1.422414 -4.680048
-1.080985 -6.392364
-0.466608 -4.258755
-6.755854 3.545418
-4.363907 -5.970663
-1.451111 -7.224514
-0.913977 -3.919352
-0.668850 -5.987642
-3.925990 -2.112267
-5.384866 4.542640
0.154778 -2.885351
-0.798572 -7.041659
-2.753170 -5.042139
-0.123336 -7.083821
3.763988 -0.394184
-3.100376 4.671357
-0.786777 -4.476680
-1.440697 -5.509106
-2.111220 -3.626151
-3.017124 -4.268558
-1.352651 -5.566249
-5.682142 4.686280
-4.133386 0.160167
-0.674707 -7.100052
-0.319525 0.196545
-3.922077 -1.627106
-2.263725 -2.022125
-6.817045 1.578535
-5.456312 4.850514
-4.864361 4.040394
-5.474892 4.257338
-4.987772 2.254003
-5.996946 4.605411
-4.998808 3.843853
4.213787 5.636980
-1.486563 -5.607060
-4.297713 -6.022014
-5.844254 0.326060
-1.163010 -6.218559
-1.108667 -6.055448
-5.437676 4.933200
-5.812222 0.346133
-5.363678 5.011519
-5.486990 4.198825
-3.321657 0.861615
-5.842365 0.346233
-1.393113 -5.544979
-5.817977 4.786434
-2.574313 -4.412068
-0.741055 -7.106929
-1.350049 -5.486074
-1.143362 -5.422038
-2.899936 -5.279564
-5.701910 4.211357
-1.022427 -4.887414
-0.086641 -5.733320
-1.043176 -6.784931
-5.437354 4.970480
-2.223383 -7.145388
-1.145804 -4.017143
-5.797889 3.842813
-1.522097 -3.514897
-5.772256 4.176545
-5.458199 4.335591
-0.737564 -7.078133
-4.363328 0.400697
-5.475266 3.254681
-1.782834 -5.772839
-5.756132 4.259799
-1.816113 -6.332817
-6.146418 3.352083
-5.502407 2.543093
-4.318253 2.262314
-1.977014 -3.917224
-6.859086 3.608652
-5.135979 2.023039
-5.856400 2.025166
-5.600572 3.775939
-0.288737 2.875778
-0.073856 -2.044202
-2.763081 -4.006825
-5.678444 2.781527
1.595676 -4.637113
-2.841473 -5.196634
-4.329320 4.136740
-7.049565 3.468405
-4.171231 -5.831174
-6.365376 2.927595
-3.983075 -4.182241
-2.190136 -2.073091
-0.507459 -6.253406
-1.400719 -5.579673
-4.066747 2.296021
-6.147428 0.296879
-5.725211 3.333525
0.077393 -1.867567
-1.775534 -3.921029
-2.181169 -2.043673
-5.996922 1.062149
-1.533807 -3.492604
-5.684841 3.874580
-5.358451 5.041576
-4.097042 0.102028
-2.912425 0.304019
-5.667053 0.530779
-6.953345 3.554634
-5.624351 2.453846
-2.716195 -3.733009
-4.345876 7.063451
-0.447191 -6.125219
-0.569868 8.628731
-5.962609 4.024915
-5.033082 4.249525
-5.525261 0.291973
-6.021649 0.176282
-1.802800 -3.618743
-1.301698 -4.611989
-0.096708 -2.051564
0.716905 -4.559441
-5.542346 3.583519
-3.692230 2.359828
-2.449867 -4.608777
-2.395280 -4.556963
-2.452315 -4.547340
-2.459270 -4.615392
-1.396003 -5.195573
-5.498272 3.963341
-5.820333 4.335140
-5.438896 -6.738798
-1.040839 -4.375386
-4.424362 0.571887
-4.458426 2.167874
0.054931 -2.841875
-2.181988 -1.894496
-2.205136 -1.868133
-2.219490 -1.883929
-2.173616 -1.813927
-2.861457 -5.268589
-2.956146 -5.351942
-1.162807 -5.690177
5.817366 3.358130
-6.047373 4.573114
-0.802498 -5.115821
-1.427167 -7.216187
-5.128526 4.468934
-5.472811 4.317549
-1.784587 -3.903600
-7.023669 3.457187
-3.531089 -5.603974
-1.507571 -4.697724
-1.912716 1.519095
-5.174711 1.697299
-0.452770 -7.512436
-4.151585 2.260398
0.455878 -5.110192
-4.115754 -5.846053
-2.107060 -3.590833
-1.837576 -4.194952
-4.800762 3.934834
-2.137228 -2.395726
-1.472097 -1.065794
-1.570468 -0.741555
-1.641319 -0.645374
-1.500631 -0.977060
-6.117262 4.078437
-5.973816 3.993294
-7.013315 3.540120
-3.992715 -4.181694
-4.016273 -4.183894
-0.435388 -6.182167
-0.404986 -6.173615
5.280147 -7.689841
-5.324120 4.716124
-5.930717 4.095360
-6.157169 4.306467
-5.049376 3.978036
-3.112716 -3.750329
-3.047504 -3.821062
-3.573631 -5.737325
-5.871262 -6.551686
2.145700 -0.167638
-6.882839 3.632389
-5.774352 3.055485
-5.852520 3.193193
-2.077371 -2.732254
-5.190231 2.919147
-4.965030 3.063092
-2.469177 1.803613
-0.640280 -2.726425
-7.216679 3.542914
-3.828835 -2.044009
-5.827767 4.373859
0.109879 -2.855890
0.104413 -2.857738
-0.763770 -7.063283
-0.750204 -7.102802
-0.197944 -6.956935
-2.195548 -7.120272
-1.440066 -7.163064
-5.477966 4.266136
-5.857693 4.465290
-3.250604 0.964743
-0.256084 -4.886180
-0.457564 -4.916418
-4.097993 0.100027
-4.106467 0.115719
-4.103337 0.117007
-1.823026 -6.636063
-4.163438 -5.829960
-3.116864 -6.232844
-3.153632 -6.282722
-3.100941 -6.256151
-3.082113 -6.268106
-3.194322 -6.279252
-3.141574 -6.277324
-3.257250 1.139538
-5.523437 4.647841
-6.185874 3.984803
-1.387551 -4.654083
-1.278883 -5.217056
-1.189417 -5.839623
-0.531901 -6.045458
-5.960001 5.393518
-5.430940 4.193534
-1.609188 -3.207631
-0.660816 -5.923429
-0.455339 -5.946127
-0.506271 -6.037577
-0.435966 -6.246984
-5.373662 4.992727
-0.882254 1.494308
-4.254172 4.234681
-2.692279 0.023894
-4.220505 2.231295
-4.246433 2.241673
-4.226117 2.235505
-4.451220 0.623561
-5.173817 2.721043
-6.192404 0.033941
-6.006376 1.091326
-0.095121 -2.055158
1.567280 -4.667120
1.605317 -4.630380
-0.200381 -6.418983
-1.336976 -4.631972
-1.274292 -4.645969
-6.058341 3.927601
-5.963593 3.878519
-5.899343 4.142584
-5.399001 4.643634
-1.633464 2.681025
-4.256217 4.238288
-3.940235 4.470994
-6.004772 3.180969
-5.882928 3.346133
7.286772 -0.257869
-4.352762 0.381598
-0.101127 -5.642551
-5.469921 5.024656
-5.517324 4.902976
-5.604809 4.842008
-4.136698 -2.121585
-0.521704 -6.020115
-0.268293 -5.599453
-5.263791 4.557675
-5.236246 4.129897
-0.783014 6.382139
-0.782877 6.382399
-5.157990 3.611302
-4.748755 2.555556
-6.877098 3.536757
-5.973454 3.373471
-7.075562 3.448107
-3.540081 1.155244
-0.453667 5.764132
-0.453136 5.764623
-1.177434 -6.913302
-4.314621 7.096536
-4.249233 4.244945
-5.748175 3.995250
-5.657103 2.543203
-0.536789 -5.914108
-0.611870 -6.113587
-5.965101 0.855119
-5.629176 0.478933
-5.631881 0.451281
-4.158113 -5.864316
-0.088421 -2.098660
3.606301 -6.027093
-1.109646 -6.074799
-5.892721 4.125156
-5.748822 4.107996
-5.861306 4.252392
-1.299237 -4.640629
-1.162625 -4.806237
-1.202101 -4.770992
-3.069175 -3.813504
-3.024668 -3.825799
-3.052536 -3.807459
-6.014102 3.868430
-5.621184 -4.209016
-1.289931 -5.582834
-1.282567 -5.605412
-0.897378 -5.983432
-1.511987 -5.491535
-0.725010 -5.882607
-0.422227 -5.777897
-2.598022 -4.434326
-0.799089 -4.476252
-2.303152 -4.209620
-6.779480 3.752852
-6.803862 3.731636
-5.521038 0.307808
-5.699288 3.094315
-6.005688 1.018826
-0.472696 -5.050894
-4.902575 3.370263
-6.795025 3.672138
-1.513282 -4.640586
-5.577312 2.540236
-1.202104 -4.026470
0.092021 -2.819228
0.087819 -2.831071
0.045697 -2.828675
-2.092347 -2.683432
-6.085156 4.047947
-5.750552 3.921736
-2.664183 -0.007991
-1.501789 -4.327301
-1.628100 -4.265110
-4.923275 4.199162
-4.286891 4.048663
-6.132019 3.392132
5.299063 -7.710932
-5.708283 4.105063
-1.392683 -4.556575
-1.320285 -4.625549
-1.369842 -4.615052
-0.500138 -6.088360
-0.399624 -5.479516
-0.341031 -5.481026
-5.983253 1.044545
-5.969501 1.027869
-5.004879 0.422080
-0.798145 -4.895728
-7.147862 3.547230
-4.577047 2.489476
-4.770627 2.671385
-1.447585 -3.394817
-5.524503 2.626186
-0.726769 -5.221057
8.592666 1.897929
0.065344 -1.883142
0.076535 -1.870623
-1.962169 -5.878773
-5.422151 3.766757
-1.894545 -5.818712
-4.840403 3.998279
-5.770370 4.168974
-6.584254 4.589298
-2.509170 -0.697852
-5.206212 1.914600
-4.225474 4.141976
-7.099962 3.459477
-5.692364 3.100084
-5.182896 5.480854
-5.609607 0.469013
-3.751659 -6.148182
-5.505155 4.922308
-5.862572 3.671554
-6.014282 0.891561
0.552688 -4.730381
-0.887000 -4.911575
-2.777436 -5.238596
-5.293180 2.312000
-6.452996 2.647295
-1.871233 -6.494056
-2.795601 -4.094426
-1.306466 -5.412733
-4.936504 4.120067
-4.931109 3.965616
-5.258809 3.502287
-4.917679 3.944646
-4.903233 4.043591
-5.514059 4.029846
-4.042314 -5.380423
-5.798224 4.808675
-2.102661 -6.948028
-7.120846 3.432055
-7.103323 3.449615
-5.347804 4.684500
-2.374815 -4.832623
-0.787679 -7.025229
-4.843627 2.564002
-4.050148 4.382801
-2.124906 -4.343382
-2.892584 0.278848
-0.735371 -3.761434
-5.500675 3.837284
-2.328962 -1.954808
-3.352220 0.899503
-1.423519 -4.664224
-1.407853 -4.665998
-1.472402 -4.677470
-0.905951 -5.825027
-5.841706 4.352562
-5.201389 4.560499
-5.117890 4.573029
-2.856152 -4.130117
-3.014199 -3.823877
-5.650480 0.445250
-2.906948 -5.300121
-1.702954 -4.271965
-4.140527 -2.052998
-3.847416 -2.070840
-1.074733 -6.366806
-5.776447 4.700882
-6.588676 2.589607
-5.559579 -6.712012
-3.040677 -3.766157
-2.924435 -4.053163
-3.142097 -3.853238
5.277858 3.344620
-2.133150 -2.170259
-4.697518 4.129054
-2.881989 -5.270511
-0.699819 -7.147581
-4.949604 4.019184
-1.250965 -6.063637
-1.198118 -6.118526
-1.468766 -5.097245
-1.225405 -6.149333
-1.203362 -6.195483
-1.176553 -6.154854
-4.722387 2.708359
0.987476 1.044428
-5.375819 -6.097662
-2.114138 -2.578086
-2.065073 -2.787017
-1.404607 -5.567480
-0.098382 -2.074906
-4.258530 4.189896
-5.525345 0.301526
-5.630977 -4.216485
-1.430117 -7.198238
-2.227157 -1.818666
3.809629 -7.882635
-5.902295 4.642530
-5.939727 4.555218
-2.089171 -3.624089
-1.642336 -5.607628
-2.411317 -4.340922
-2.964534 -3.789417
-1.699642 2.613116
-5.970406 1.874655
-0.915002 -3.941466
-4.398999 7.003291
-0.200041 -6.972685
-0.145055 -7.053328
-2.155137 -5.340925
-4.091953 0.095785
4.214291 5.639332
-0.711509 -7.101779
-6.908330 3.615484
-1.839592 -5.185333
-1.896658 -5.090410
-5.370843 4.301516
-1.370908 -5.551004
-1.491554 -5.780191
-2.824386 -5.230515
-2.286636 -5.840466
-2.570982 -4.188523
-6.811827 3.758901
-4.480621 2.043289
-1.497145 -5.628956
-1.497719 -5.604346
-5.226954 3.995910
-5.595169 3.903170
3.764308 -0.392528
-2.891182 -4.123829
-0.285867 0.172311
-5.206498 2.914272
-2.857150 -5.258626
-1.786862 -3.875164
-2.295634 -7.331812
-0.152006 -2.045060
-0.222559 -2.143087
-6.579224 4.578973
-6.512403 4.488831
-5.416739 5.022686
-2.773831 -4.265750
-6.796351 3.630643
-3.978543 -1.633885
-4.531632 2.154347
-4.685376 2.016982
-4.638546 2.076535
-4.877594 4.189319
-5.219327 3.484508
-1.457971 -3.845965
-1.210265 -4.074650
-1.892357 -2.549515
-3.150028 -6.276167
-4.993610 4.011738
-4.931705 -5.471159
5.317239 3.295519
-5.058678 3.889288
-5.048100 4.086107
-4.994430 4.116277
-5.059022 4.059256
-5.169435 4.156319
-5.744433 4.269935
-2.343159 -4.227396
0.564245 -4.698014
1.554302 -4.645825
-5.824125 4.429780
-6.032223 4.628480
-5.947992 4.534735
-6.104671 4.724738
-0.930760 1.791719
-5.214980 3.121955
-1.506895 -5.308200
-3.756429 -2.061104
-4.353013 4.182403
-5.539799 -6.748976
-5.524405 -6.825984
-4.882323 4.156450
-2.220691 -5.853193
-2.119519 -3.607997
-0.375386 -4.222467
-0.604498 -5.083481
-0.849612 -5.119745
-1.948471 -4.005305
-2.313048 -1.998042
-6.891708 1.512607
-2.849212 -5.209866
-4.427719 2.020898
-4.400102 2.019129
-1.117647 -4.454167
-1.072088 -4.380266
-1.475063 -5.440267
-5.980244 1.150907
0.787853 -4.722549
0.637514 -4.714723
-2.943580 -5.328744
-1.036641 -4.353221
-1.017866 -4.269410
-3.515361 1.209833
-3.403969 0.987678
-6.504514 -7.180191
-1.264916 -4.621085
-5.597186 0.485548
-1.484122 -5.518539
-4.376413 0.478952
-6.007207 3.971594
-5.952557 3.985640
-6.042606 4.004222
-4.369989 4.172952
-5.530522 0.305234
-1.452738 -5.502564
0.576639 -4.716849
0.439334 -4.735992
-4.375701 -5.954575
-5.319801 0.759407
-5.934357 4.082032
-1.429240 -7.251198
-0.387572 -4.214259
-0.426442 -4.241045
-0.402426 -4.239167
-1.093514 -4.456810
-1.340160 -4.618212
-4.800099 3.142401
-4.451093 0.606334
-2.537837 -3.767261
-5.310699 4.834908
-5.202439 4.018041
-0.784252 -6.115846
-4.496219 2.053337
-4.412743 2.350476
-4.988679 1.986692
-5.164266 1.784204
-5.930697 4.277420
-5.735305 4.594211
-1.414827 2.482615
-0.886460 -4.766430
3.676711 3.994194
-6.205760 4.100489
-4.153524 0.166948
-5.830901 2.081036
-5.844966 1.959038
-1.763773 -1.850391
-5.206639 0.602936
-1.477102 -3.436403
-1.484233 -3.399676
-1.297770 -4.683011
-2.024510 -4.248765
-0.819879 -5.162657
-1.868109 -5.786923
-3.381336 1.167666
-3.113902 -3.781864
-0.666227 -5.266326
-6.502941 -7.177953
-6.503433 -7.178479
-0.715074 -7.147582
-5.787398 -3.736989
-4.350283 2.298916
-5.532341 2.517789
-3.745912 -2.063277
-5.993421 4.543980
-4.419147 0.498951
-5.405708 1.658544
-5.485998 2.532678
-6.063470 4.653474
-5.983309 4.091829
-6.026828 3.939570
-1.102774 -6.904588
-2.211345 -4.295550
-2.217541 -4.312589
-2.220774 -4.287117
-0.306334 -5.775174
-4.291831 -5.989700
-5.506424 4.598291
-3.085070 -5.437532
-2.048470 -4.245471
-1.952813 -3.886026
-1.928330 -4.212158
-0.292260 -5.617856
-6.434349 -7.080095
-5.531709 0.275212
-1.808616 -6.631236
-3.451559 -5.602013
-0.544624 -6.028342
0.997589 1.047880
-1.641476 -6.679350
-4.430995 0.589017
-1.156089 -4.450983
-6.998198 3.372846
-6.496977 2.636239
-5.341809 3.387714
-4.288472 4.229404
-2.859585 -3.948452
-3.043242 -3.815933
-3.068846 -3.791034
-3.007525 -3.862644
-2.794590 -5.225220
-2.800421 -5.233387
-2.775983 -5.252803
0.132790 -2.864682
-5.234869 2.984097
-2.429574 -4.272525
-4.889272 4.121109
-5.188100 4.498019
-0.864450 -4.801939
0.854213 -0.026006
-4.538813 2.182382
-1.736095 -4.082864
-1.316936 -4.638026
-1.719625 -4.180315
-1.097911 -6.286206
-1.899439 -4.272587
8.595157 1.899955
-2.783104 -5.224377
-5.908216 -5.567430
-1.241160 -5.807828
1.403638 -4.798257
-2.229352 -5.824054
0.444406 -5.087180
-2.366652 -3.147164
-6.510496 -7.181210
-0.647054 -7.055238
-0.461579 -6.811506
-5.851769 1.006081
1.035747 -5.187957
1.069066 -5.197365
1.283843 -5.172803
-2.140588 -4.183297
-0.139249 -2.070115
-0.099740 -2.060113
-0.537112 -7.378436
-5.610821 -4.202912
-5.754670 3.932964
-4.123404 0.135652
-5.478484 -0.355152
-4.354428 -6.040089
-1.664983 -5.755522
-6.871747 1.501426
-2.256068 -5.861321
-0.281099 2.871200
-0.522781 -6.045753
-1.660824 2.645792
1.435902 0.763411
-5.797628 1.267777
3.677195 3.990115
-2.057250 -4.241887
-1.420312 -5.523130
-2.876809 -3.807158
-5.264255 2.038363
-6.979396 3.536969
3.721027 -5.205174
3.719393 -5.198108
-5.082508 2.254637
-2.300888 -4.211799
-2.364542 -4.297583
4.256198 -2.047898
2.147758 -0.166231
-5.557956 4.619492
-5.099900 5.740199
-1.010909 -3.957528
-5.265541 4.422815
-0.230033 -5.753677
-7.037360 3.536802
-7.081046 3.474848
-4.478626 2.139831
-4.991507 4.127017
-4.754550 2.082335
-5.167552 4.198892
-1.203259 -5.676571
-2.779145 -5.202333
7.284213 -0.260043
-6.017348 4.012826
-6.062961 4.073706
-1.077096 -4.344543
-1.042840 6.499234
-1.901687 -2.307918
1.604938 -4.627626
-2.919032 -5.343068
-2.214241 -1.910959
-5.852012 4.190011
-2.662934 -3.743319
-6.641758 4.291045
-4.369481 0.391579
-5.487499 4.683980
-2.352177 -4.343888
-4.995351 2.251943
-0.105691 -2.075630
-5.743671 4.151483
-5.471016 4.023211
-2.156070 -5.362660
-5.360197 4.330891
-0.287724 -4.936532
-1.635853 -3.341065
-0.711242 -7.151052
-1.021633 -6.889759
-6.517226 4.617868
-1.598308 -5.467145
-1.500659 -7.290656
-1.651609 -7.055100
-0.352722 -4.992687
-0.318038 -4.966988
-0.316104 -4.929795
-0.329735 -5.004252
-1.074284 -4.391659
-1.668096 -5.649741
-1.749978 -5.733760
-0.129165 -7.072288
-4.489096 6.884274
-2.759634 1.519826
-2.875674 -5.290961
-2.935333 -5.360625
-3.073328 -3.779118
-4.158865 -5.833975
-2.690332 0.026779
-1.739144 -3.091640
-1.074332 -3.418558
-3.046074 -3.913352
-4.299317 4.155775
-0.129063 -7.067128
0.856713 -0.027468
-1.646029 -5.615014
-5.103592 2.719263
-5.694739 -4.240912
9.908305 -1.663072
-5.782460 5.681209
-2.978957 -3.934252
-3.818922 -5.066739
-1.303064 -4.608812
-4.366936 0.403272
-4.288055 -1.010624
-4.224055 -1.460966
-1.680074 -6.657203
5.296556 -7.708347
5.299334 -7.716538
-1.441351 -7.209605
-2.665354 1.601611
-1.088431 -5.077559
-6.391423 4.217710
-6.196729 4.077877
-2.335290 -1.897227
-1.430915 -5.506751
-1.394509 -5.406074
-1.652473 -4.827970
-1.646504 -4.840904
-1.549217 -4.314912
-1.512918 -4.443336
-2.105170 -2.557827
-1.616809 -5.609900
-4.436646 4.192069
-1.414460 -5.577993
-0.557046 -5.148985
-0.505971 -5.125817
4.640259 -1.878838
-6.805843 1.547237
-4.833940 -1.492340
0.158874 -4.788537
-1.563603 -5.549714
0.342254 -4.743404
-1.042560 6.499430
-4.360224 4.231402
-4.374399 4.174476
-4.340358 4.163584
-4.901302 3.179244
-0.429321 -5.930355
-1.022594 -5.896351
-6.627216 3.934552
-6.714646 4.389994
-5.166488 2.361812
-6.914853 3.676827
-5.226625 4.635803
-1.157268 -4.788209
-2.911555 -3.758512
6.379387 -7.168230
-4.431806 6.967785
-0.654426 2.718730
-11.686092 -0.533226
-1.150078 2.394243
5.234855 -4.230744
-2.486520 -1.772758
-5.651331 -0.598270
-7.199084 2.196511
4.473606 4.364857
-4.303982 -4.068468
2.042450 1.276409
5.248338 4.429119
3.111422 0.203029
3.334930 10.075695
-6.384963 -0.121126
-8.112237 2.899229
2.658690 1.615122
0.476247 4.912166
-11.659727 0.310768
-5.818313 -4.261464
4.265007 1.895368
3.444557 -9.234100
6.350545 -7.195834
4.509566 2.807430
2.949353 3.046370
1.877396 5.967101
0.886099 5.972817
-5.662001 1.134768
1.765195 5.820608
2.253231 6.265114
1.879757 5.977472
-2.277336 3.019163
4.577338 -6.116511
-6.701683 -5.531082
-1.284753 2.953476
1.207526 5.897886
2.653771 1.611429
-5.612779 -0.733067
-6.742542 -1.474780
-5.814075 -1.107955
-11.553489 -0.392960
4.510508 2.812496
6.577723 2.420843
4.041201 0.768561
-5.746182 -0.873705
-0.993322 2.555220
-11.711590 -0.559120
-8.353336 -0.468321
-3.869248 3.610308
-3.990507 3.486807
-4.756966 -1.391838
-6.055286 -2.834280
-4.495681 -0.736141
6.582272 2.421215
-1.033822 2.447755
-3.299002 0.817611
5.991760 -2.180696
-0.909783 2.527146
-11.566106 -0.415283
-2.073318 -0.297430
-5.729841 2.498712
7.945541 0.603921
-5.764701 2.420184
1.701676 5.749459
3.109952 0.203524
1.670360 5.709548
-0.046137 0.042402
-11.394425 -0.262580
1.144858 5.208380
-8.529954 0.098814
-1.010359 2.139821
0.977641 0.754572
-8.782930 0.055488
1.103838 -2.499298
0.218708 -2.910497
-0.901582 2.532010
-0.694201 2.633732
0.873989 5.970034
-6.913600 0.114730
-5.632400 -6.893220
-4.513668 -0.715332
2.954117 7.736851
-8.329123 -0.431122
-7.823824 -3.004384
-6.949166 -5.648857
0.689990 -2.650477
5.084330 1.850549
-2.235714 2.958620
-8.251732 -0.312834
-1.764199 -1.307815
-6.219480 -5.337294
4.270632 -1.300966
-2.066845 1.124289
-1.926952 1.835568
0.912905 5.973814
2.954036 7.737355
0.490047 4.926375
5.866894 1.518268
-6.032959 -1.128122
-8.009379 2.068335
3.041942 -4.056265
-7.153759 1.313546
-6.042106 2.308389
-2.389077 3.105278
0.019805 -1.849562
-8.261016 -0.341385
2.246532 6.261844
-2.034537 1.184062
6.882037 -3.533443
-1.674152 3.072466
-8.337722 -0.446477
-3.842792 3.627399
-1.251959 3.011169
-4.192248 -5.646076
1.083872 5.910995
-7.964126 -2.503662
-5.747251 1.060061
-11.339461 -0.166767
-0.763550 1.291770
-1.775524 1.981989
-1.544303 4.467061
-5.923686 -5.719233
-0.036471 -1.920193
0.198917 -2.922782
-6.804100 -1.610209
-2.012444 2.839350
-8.431392 0.102630
-3.820789 3.591594
0.958222 5.064452
0.768044 -0.679688
-6.105899 -5.402069
-2.536438 2.902683
-8.476645 0.100254
3.658486 -2.421214
-7.924709 2.078192
-0.875164 1.805147
-7.985824 -2.578147
-0.945023 1.836111
-5.192877 -5.277691
-0.873489 2.045083
7.702362 4.857968
0.015466 -1.861718
3.074844 -3.070331
2.757321 1.462845
-5.925477 -0.056146
-5.701350 -5.979315
-3.156547 5.845697
-4.749739 -0.422819
4.041270 0.768311
5.122694 0.209866
-0.807134 2.548228
1.695219 2.889724
-6.057691 1.626926
4.377522 6.235184
5.456136 4.624158
-5.556132 -0.603864
-5.728800 2.505091
-1.622048 4.374377
6.570181 2.416725
-6.170552 0.069098
-3.623152 10.118668
0.886861 5.978646
-7.989220 2.872971
-4.308277 -4.055474
-4.272406 3.634603
-6.867605 -5.643639
-6.778680 -0.394432
-0.945877 2.094863
-4.634560 -0.566441
7.282643 -4.928052
9.921395 0.299292
-3.886267 3.816732
-7.262909 -5.279102
-6.218792 -5.418935
-7.193170 1.277573
-6.532684 -3.029198
-11.370864 -0.220117
1.568764 5.702906
-5.986491 -2.334307
0.766806 -0.685583
-4.714161 -5.684521
-11.489992 -0.338610
-11.363870 -0.214766
-0.964221 2.092463
-6.733892 4.483036
-4.872845 1.808905
-5.745245 2.504531
0.885072 5.982829
3.122127 -1.316688
9.924251 0.302134
-6.671498 -1.922477
1.934746 -3.081860
1.478751 -5.088104
-2.034711 1.195610
-6.607608 0.893774
1.929899 -3.080717
-3.266783 0.767838
-2.027816 1.190389
5.992836 -2.175371
-5.620949 1.221642
3.075312 -3.069178
-5.806688 -5.967568
-6.000094 -5.544214
1.364874 -5.152911
-5.646809 -6.999506
-3.825787 3.647042
-1.107630 2.422338
-5.768219 2.452038
-6.028698 -2.790242
7.338089 -4.981070
-6.900387 -1.578093
-5.659023 -6.743637
1.927448 6.013764
-3.326324 0.863867
0.009267 0.027108
-7.891305 -2.170529
-4.772329 -1.386460
-5.989913 -2.371876
-4.223070 2.395874
-7.858170 -2.076864
4.504023 -1.083461
-4.261125 2.396996
-7.909244 -2.294182
-1.046642 2.453566
6.526981 -0.796934
-4.493047 6.889154
-5.957172 1.724458
1.332044 -5.151318
-5.920507 -2.088288
-1.211817 2.284674
-5.582991 -6.250259
-11.658826 0.303529
-0.034853 0.020082
0.967060 4.877323
-6.872019 1.532006
0.718632 5.093337
-4.197230 3.981546
-1.226634 3.031694
-1.025664 2.401038
-5.943687 -5.211263
0.919645 5.919368
-5.678939 -0.881030
-2.117489 2.976381
-2.032949 1.216311
-3.247616 5.748003
-5.705115 -6.292128
-7.153947 -5.808055
6.651229 -3.659940
2.108463 -1.828950
-0.883115 1.450500
-5.638773 -6.661129
-2.563771 -1.612981
-7.747034 -3.119890
7.290632 -4.940859
-6.492328 2.726825
5.134614 0.212762
-6.364549 -0.088025
-7.152548 -5.807864
3.368188 1.974994
-6.069535 2.258252
-2.510696 1.970552
4.577183 -6.113571
0.740122 5.492818
-6.602548 -3.032130
-5.792761 -1.319676
1.599237 3.693798
-5.862495 2.039685
3.085584 -1.844536
-5.280799 1.724818
-6.008220 1.976056
5.022138 0.362705
-3.873641 2.753385
-6.093451 -5.526723
-1.279675 3.040087
-3.110563 5.896042
-5.834842 -1.148199
0.987292 5.937459
-4.463964 6.942153
-7.225666 -5.963842
1.358499 8.518658
-5.893434 -4.324455
-0.925254 1.831348
-3.506527 5.478376
4.576283 -6.117332
-0.621215 2.698352
-6.915097 -3.130431
-6.781939 -1.521968
-6.880314 -5.713769
-5.094027 -5.341156
-1.257548 3.003983
1.442234 -5.103216
7.541805 4.907896
-4.674173 1.929871
3.711250 -3.488769
2.369647 6.349644
-6.107244 -4.420325
1.840416 5.905880
7.854141 -0.669513
-4.761507 3.044811
-7.400012 1.956867
3.044278 -4.056001
-11.391939 -0.256419
6.231485 1.274459
-11.455402 -0.282059
2.954370 7.737229
-4.599672 -0.602167
2.688877 4.082961
-0.767433 1.288090
-0.740052 1.298573
-3.290098 0.839421
2.683414 4.084396
-7.812138 -3.212705
-7.837641 -3.227886
-6.652346 2.526002
-4.543800 -0.684304
-4.735699 -0.455901
7.709834 4.851291
-6.878604 1.489938
5.131320 0.211218
-5.774364 -5.701007
-6.824505 -5.669484
-0.370417 -7.650745
5.128509 0.215149
-6.847451 4.261245
-6.327859 -6.189151
-5.738267 -5.716167
-2.065860 1.726804
-3.349923 5.635216
-7.615057 -4.605280
7.714335 4.844321
-3.178823 -6.369521
-7.209019 -5.960174
1.457487 0.337752
0.562740 0.948944
-0.713989 2.609167
-5.613412 -4.990781
-4.463749 6.939361
-11.409720 -0.261235
-2.449651 3.187525
-6.598049 0.904567
-5.589738 -4.984750
-7.344458 2.188544
3.334937 10.065392
-4.686500 -0.520346
-5.983081 2.140950
-1.822411 1.409863
-11.401282 -0.214144
-8.057700 2.889747
8.444717 -3.871264
0.940846 -2.577394
3.439637 -9.223642
-11.452591 -0.275130
-11.747119 -0.597239
-5.880311 -1.961359
-11.450686 -0.276090
3.338192 10.079287
-4.754065 -0.439764
-11.457479 -0.284450
1.755374 5.707873
4.939672 -2.483547
-0.917894 2.076636
-4.028466 3.500097
-4.611914 -0.598471
-4.721967 3.114393
8.446875 -3.866248
-11.679351 -0.526246
7.953375 0.597030
-11.634390 -0.478237
5.130710 0.221938
-7.313046 -6.051668
-6.034612 2.278816
-1.844568 1.430554
-8.048343 2.866849
-1.838490 1.450503
-5.751702 2.474837
8.272312 3.626608
3.657089 -2.414818
-0.896124 1.979013
-6.488101 -3.686785
0.855709 5.972858
-4.387289 -4.004612
-0.154938 -1.997377
3.043285 -4.057251
-1.060291 2.450612
-1.239968 2.293464
8.994878 -2.923702
8.998309 -2.919859
8.995205 -2.922364
0.493660 4.928651
5.466812 8.726346
-0.873384 1.808343
0.879970 5.940532
-0.805818 2.703727
-11.439005 -0.270905
-6.614516 -0.294029
-6.360940 0.022148
-6.313648 -0.065094
-4.019095 3.465194
1.903344 5.994496
-3.188763 -6.392327
1.329852 -5.169838
3.335913 10.080395
3.337238 10.082062
-3.983119 2.569917
-0.671954 2.659874
3.719921 -3.485679
-5.751718 1.857416
1.490193 -4.715563
1.300155 -5.240693
-5.949604 -5.696430
-5.994560 -5.489141
-2.897213 4.823503
0.898557 5.976492
0.767852 5.859518
-0.591411 2.741614
3.969400 3.241372
3.959932 3.250200
0.943111 2.125459
-3.851298 2.575228
-6.691597 -2.024286
-6.678361 -2.154044
-7.724909 -4.903108
-7.667772 -4.895008
-7.700422 -4.898997
8.274739 3.625207
7.704847 4.856233
-1.226431 2.458358
-1.192299 2.389367
-8.256187 -0.328142
1.136481 5.939540
3.948181 3.132511
-1.191358 2.417198
-0.826838 2.694877
8.450688 -3.872405
8.449438 -3.869552
8.475259 -3.892989
-6.476812 0.992204
0.727371 5.826964
-3.101976 5.906750
-6.710227 -5.446213
-6.725888 -5.550878
-2.460169 2.004810
-7.799554 -3.113488
-7.896453 -2.202657
-7.880790 -2.115864
-5.478262 1.412507
4.285920 -1.316643
-3.891927 3.627619
-5.691452 -5.915742
7.957018 0.588286
-7.927139 -2.727873
-3.988756 3.860382
-7.096639 -3.117771
0.945272 2.715101
5.674275 3.057452
5.670833 3.058435
-4.805549 1.849808
-6.675055 -5.526633
5.143958 1.394221
7.571073 4.922086
7.545753 4.912951
-5.962519 1.770388
2.132785 6.173855
3.334444 10.075665
2.610705 2.330915
-1.564207 2.730191
1.086152 -2.505725
1.109563 -2.499269
-2.423434 2.975330
6.888976 -3.529193
7.852084 -0.671013
0.574720 0.952176
2.950732 3.046445
3.440604 -9.226329
-5.952755 -4.322431
-5.779815 -4.256903
-6.786602 1.638398
-7.858850 -2.940347
4.512580 2.813386
-5.930959 -0.074965
-7.758179 1.434925
0.182347 -2.899882
-11.726130 -0.574932
4.475377 4.363059
-2.789279 3.013869
-0.713164 2.592976
-0.827589 2.578061
4.386666 7.185638
4.390429 7.188592
-6.114967 -5.533635
7.954031 0.606642
-5.595380 -6.228360
-0.921782 1.823174
-0.926335 1.833183
-0.907974 1.797071
-2.132636 -1.797789
2.631366 3.259186
-4.946913 -1.243254
-6.115352 0.062131
-6.165338 0.205407
-5.955186 -2.153357
-3.266888 0.760492
7.725846 4.828541
5.129448 0.210007
1.474657 -4.970205
1.436579 -5.067551
4.503050 -1.085145
-1.466707 2.990251
2.681631 4.080106
5.453615 4.629080
-5.627256 -0.578566
0.954746 -2.562688
-3.943298 3.856491
3.112815 0.201662
-1.855392 2.922018
-1.634181 4.351444
-7.489151 -5.046679
-1.558323 2.754785
-1.290644 3.041527
-0.919856 1.758165
3.944144 3.131681
3.945141 3.129674
0.861509 5.907012
-0.168848 -1.982173
0.650591 5.078534
-6.612166 0.877594
7.312935 -4.959276
7.286598 -4.936711
-6.002472 -5.563111
-6.555259 2.483688
-5.527849 -0.633595
-0.548091 2.758035
1.948841 9.062976
1.954449 9.061065
-4.744360 -5.696957
-2.507340 -1.811708
-7.894714 -2.185174
-0.864672 1.794910
-8.333204 -0.445027
-7.322731 4.382812
-7.235467 4.365449
4.846116 1.667846
4.849905 1.660957
-4.884348 -3.203440
-4.881696 -3.205568
3.374685 3.218572
-2.012455 1.559037
3.439863 -9.228326
-0.715368 1.291208
5.897809 1.487302
5.895393 1.491389
5.905228 1.484286
-1.828547 1.452321
5.794765 5.371012
-3.330323 0.850559
7.526937 4.916664
7.538653 4.913111
-5.697507 -5.977223
-6.156463 -5.669989
-3.083853 5.925539
3.083053 -1.846236
4.398841 7.196331
5.792732 5.367526
0.214840 -2.906718
-7.507214 -5.052035
-2.375713 2.916242
-5.779539 -1.388540
-5.627412 -0.548879
-6.494049 -3.638673
-11.378248 -0.262361
-11.404673 -0.251509
7.613009 4.905321
-6.772219 4.416097
-6.673247 4.465898
-7.930715 -2.327995
-7.969174 -2.557084
-7.948687 -2.637080
-11.635598 -0.482023
7.028254 -1.310268
7.028092 -1.315729
7.027068 -1.315927
1.404017 3.918692
1.404534 3.921753
-6.700124 4.013435
-6.753375 4.011827
1.601054 5.660897
1.647105 5.670657
7.534506 4.900220
8.488397 -3.901493
-7.739284 -3.110898
-2.050829 1.142650
7.946472 0.603158
-2.049681 1.151008
-4.392834 -4.003207
0.867800 5.960281
-8.056382 -0.039681
7.852622 -0.669615
1.139343 1.372235
-5.632906 -6.636272
1.490888 5.750319
1.932604 6.009844
1.913031 5.991476
5.251284 4.430910
-6.996991 -5.767179
-6.721250 -5.441966
-6.541452 -2.984202
5.227906 -4.223328
5.989546 -2.180420
0.726429 5.452330
3.237609 -3.625479
-5.665213 -4.970412
6.226361 1.284349
-5.641547 -6.884290
-8.740742 0.056871
-2.916497 4.808066
7.658648 4.889740
-0.043467 -1.979074
-5.819117 0.989744
-1.699120 2.677694
-1.774251 2.496315
-2.324310 3.040565
-2.893773 4.857868
0.954072 5.957840
-4.608642 -0.606708
-4.643045 -0.569661
-1.908960 -1.493284
6.228047 1.263950
3.012868 2.861651
-3.892639 2.943932
-6.882375 0.115058
2.398910 3.996444
-5.784452 -4.255736
-0.793451 1.331176
4.876432 1.651371
-5.909435 -5.674028
-6.069313 2.239496
-6.069732 2.183050
-0.038888 0.026375
5.861760 2.444055
6.526739 -0.797648
-5.825201 -1.110008
-5.904248 -5.766350
5.029992 -0.941924
-11.400026 -0.242780
-11.416532 -0.250589
-0.938455 1.864748
0.928063 -2.580637
0.916660 -2.586128
-6.720981 2.475472
-6.025335 -1.102332
-5.821349 1.903829
6.354564 -7.188911
6.355572 -7.189277
-6.599931 2.527550
-2.030995 1.911303
-7.173050 -5.815701
4.667120 0.944156
4.669806 0.942445
-0.866343 1.942276
-1.775092 -1.318184
6.887775 -3.530189
1.354440 -5.076997
2.953799 7.736969
-6.637608 2.531789
-5.080761 1.791873
1.847157 5.966517
-11.533247 -0.376571
-6.461307 -0.179142
0.932875 5.966465
-7.816445 -3.208363
-7.772721 -3.152470
1.595797 5.645779
3.370349 3.217593
-0.903940 1.757436
-0.859018 1.928523
4.376932 6.241135
-1.753201 2.992299
-2.864027 -10.608610
7.025702 -1.316978
6.650526 -3.661040
6.240745 1.250548
-2.099666 2.965395
-0.239228 4.406697
-0.234536 4.411961
-6.323170 -4.210461
-0.376247 -7.641098
2.639299 3.253499
-2.201186 -1.863488
-5.934492 -4.886922
-5.954515 -4.938949
-6.615815 -5.588533
-6.677013 -5.640603
-5.631602 -6.515570
-4.714628 -1.387384
-6.321426 -6.904785
-7.824710 -3.041705
-6.152966 0.086928
-6.918743 -1.610386
-6.895832 -1.587899
-6.915302 -1.565083
-4.593023 3.102221
-6.507926 0.020792
-8.506610 0.097948
-8.658423 0.078106
-3.278210 0.753140
2.400695 3.997738
-0.132635 -2.037930
-5.654555 -0.984749
1.460933 0.340789
-2.018886 2.877762
-6.558011 2.613520
-0.612453 2.723429
-3.990657 3.454822
-5.964329 -2.278007
-8.774210 0.060246
-8.739712 0.067868
0.767973 -0.682995
-11.423244 -0.276379
-11.426680 -0.254805
-11.652363 -0.496151
-11.446825 -0.302504
-11.395838 -0.237816
-11.401110 -0.237947
-11.407107 -0.235145
-8.039942 0.663742
-6.536220 -3.067279
-6.114756 2.064972
-6.307328 2.440524
-0.034354 0.033128
-7.658469 2.139120
-11.676229 -0.523210
-6.366323 -0.101553
4.492216 4.348166
-0.155540 -2.056497
-3.254369 0.769973
-7.908972 -2.275360
2.122500 -1.812698
-5.513580 -0.669466
-2.877249 4.828520
-2.883724 4.848710
3.007335 2.860880
9.914098 0.292510
5.486434 8.726139
-1.844357 1.432030
-1.841968 1.434809
3.440498 -9.227542
1.359146 8.519476
-4.017445 3.892487
0.678263 5.228714
1.947795 9.063046
-6.050708 -2.817881
1.315827 -5.260050
-6.098343 2.016688
5.087083 1.854234
5.083511 1.849375
0.883807 5.978078
-6.871561 -3.153534
-6.892979 -3.166210
-5.647173 -6.965779
1.948305 6.020245
-3.701418 3.583836
0.960500 5.950389
1.016148 5.926080
-5.988310 -4.602900
5.453585 4.627226
-5.827707 -1.147615
-3.739212 3.581391
5.792705 5.369636
5.155057 1.384597
5.484812 8.728960
5.487220 8.727611
5.487281 8.726396
-5.816036 -1.114801
-6.021412 1.689238
-5.835863 -1.137224
5.477249 8.736827
3.323023 10.059265
-5.908690 -4.135692
-5.956667 -4.356713
-5.906767 -4.171156
1.699292 2.879385
-6.648049 2.529731
-5.959548 -2.300999
4.940147 -2.253333
7.340276 -4.981847
6.597175 -1.821014
-1.637643 2.664347
-4.670674 3.146624
7.336455 -4.980274
-0.388114 -7.619359
-6.979590 -4.741824
-6.778925 -4.916251
7.336401 -4.975049
-4.494716 -0.725580
6.240695 1.245657
-6.062162 -2.755039
-3.656767 10.084881
-3.675507 10.066805
-1.763910 2.943649
-2.864019 -10.608639
-5.956590 -2.288809
3.236153 -3.625547
-2.041834 1.245188
-5.941596 -4.912081
-7.125473 -5.811562
-3.349210 0.884099
-11.403993 -0.223814
-0.021254 0.009465
-6.023477 -0.023619
-2.826995 4.858839
5.453876 4.627693
-7.768385 -3.116527
-2.239055 3.006727
8.500183 -3.913723
4.360226 6.221913
-7.090278 4.349011
5.037803 -0.937815
5.038300 -0.938452
9.899625 0.292420
9.918938 0.284346
9.922620 0.294507
9.907850 0.293250
9.912414 0.293168
-7.831420 -3.212742
-8.259049 -0.322048
9.929835 0.308675
-8.198839 0.107915
-8.061416 0.614803
6.648931 -3.659262
-5.985271 -5.205101
-5.994598 -4.894418
5.448163 8.764344
1.453607 -5.099186
1.522418 -5.021761
-5.422786 1.526746
-1.718481 2.590166
-3.372614 5.619481
-6.497092 -3.351105
1.361525 8.520087
-6.019017 -1.122835
5.863226 2.448843
-4.228269 -5.686615
-3.706395 -5.699738
-3.748144 -5.894409
-1.661704 2.082329
7.277826 -4.930485
0.935531 2.124051
-6.832834 1.832254
-8.312491 -0.410660
3.363367 1.975392
0.965905 4.884916
0.990552 4.794112
5.859529 2.453190
-6.053842 -1.066952
-6.792142 -5.708986
-6.911059 -5.627014
-5.791934 -4.254268
-6.029306 -1.084663
-7.800106 2.102834
5.248442 4.427948
-4.595537 2.011793
4.397915 7.192792
-7.723539 -3.112380
1.238850 -2.428805
-3.229181 5.767502
-3.169169 -6.364630
5.603268 -0.950050
-0.770856 1.294515
-0.753620 1.274281
-0.759270 1.279901
-6.912524 -5.631542
-8.694923 0.084204
-8.717922 0.090836
-7.330267 -6.054882
0.909839 5.915133
-1.280896 2.824625
4.576684 -6.107117
-2.448756 3.163972
-3.436735 3.865410
-5.914638 1.953548
-4.374040 -4.012866
-4.217006 -4.100485
-4.065417 4.409651
-4.077170 4.409472
-6.030097 -2.793670
-6.998313 -5.793247
-1.240580 3.056571
-5.771237 -5.101378
4.932983 -2.482574
-8.094828 2.891627
-6.142150 -4.556497
2.040637 1.276108
4.387589 6.248919
2.607896 2.329599
0.667416 5.229987
0.698648 5.252470
-0.972892 1.989339
4.095289 -5.282655
5.466225 8.745728
-6.146629 -5.662423
-6.548305 -3.088289
-6.515404 -3.080025
-5.987345 -1.067442
-6.020902 -1.109601
-5.788959 1.872702
-7.024414 -5.808523
-11.480030 -0.310013
0.747249 5.475323
-5.973201 -4.873586
-7.032298 -5.832309
5.482224 8.732329
5.478838 8.736246
-6.378848 -4.051624
-5.902257 -4.300364
-0.145325 0.105813
7.950458 0.609229
1.314422 -5.181957
-5.697105 -0.464998
5.794887 5.372915
5.794446 5.368864
-5.711409 1.165639
-7.207591 2.218168
-1.028606 2.128488
-6.524992 -3.082238
-11.618063 0.203958
-5.597253 -0.715738
-3.849812 3.579646
-6.827930 -5.578907
-7.005553 -5.487417
3.440083 -9.224691
3.438198 -9.222972
-2.833408 4.854147
-2.862096 4.839246
1.357402 5.430359
-5.342453 1.734846
-7.984812 2.073983
1.358813 8.518782
-6.721466 -5.547052
-6.672770 -5.486831
-5.936051 3.154056
-6.341941 -0.107651
-1.671756 -1.186546
-1.726820 -1.251350
-5.072571 -5.352473
6.582492 2.420470
6.581501 2.420320
6.580695 2.422606
-6.787542 -1.585118
-5.671482 -5.021798
-4.707484 -5.688957
-0.574562 2.754516
-6.181872 0.688945
-5.581763 1.198843
8.996612 -2.921350
8.994222 -2.923737
-6.906334 0.100483
2.752139 1.466083
-4.515576 -0.713376
2.753718 1.465281
-5.876287 2.035877
-4.556528 -0.678678
-6.204847 1.198618
-5.907750 1.370356
-6.041318 -5.477117
0.976102 5.925743
8.281657 3.613249
8.262897 3.637816
-0.181295 -2.089395
-11.452542 -0.321338
-0.094677 -2.051221
5.249258 4.434304
5.248248 4.436202
-5.930525 -2.036361
-4.755901 3.069216
-5.867083 1.896806
-2.864106 -10.608963
-2.863766 -10.607131
-5.806046 -5.720276
-6.844858 -0.420203
-6.821924 -0.417644
-6.814102 -0.409210
-5.264914 1.816661
-5.305408 1.786100
-6.005763 -5.201447
-5.931507 -4.983134
-6.643177 -5.439798
-6.245369 -4.781356
-5.715735 -5.969307
-5.727602 -5.838778
-5.779201 -5.858182
6.333889 -7.210943
-7.589226 -4.882358
-5.641116 -6.883369
1.256755 -2.411116
1.251994 -2.414622
1.226590 -2.428124
-4.660679 -0.545503
3.442111 -9.231748
3.443716 -9.234275
4.680457 1.946433
4.679684 1.947470
-3.650753 5.325109
8.996182 -2.922074
1.598263 3.696848
5.131219 0.222583
5.480552 8.731642
-6.518160 -3.067373
-0.961502 2.630942
-7.904374 -2.631015
-4.553205 -0.677777
-4.507878 -0.720931
6.381835 -7.163671
6.395308 -7.152310
6.578325 -0.814005
-4.469383 6.925260
-5.919224 -5.284621
-5.897376 -5.277705
0.992425 5.945567
-3.962651 3.486956
2.256703 6.266338
2.494059 6.443095
5.674788 -4.079266
5.674498 -4.080337
6.388395 -7.163422
-5.640089 -0.548240
5.013090 0.371262
-5.781712 -1.307318
7.346549 -4.990258
0.944621 2.721903
-1.514382 4.507140
-1.506051 4.516697
-5.997405 -4.808012
-5.981894 -4.942461
-5.922183 -5.491624
-4.408885 -3.981527
-7.899097 -2.772857
-2.517098 1.957647
-7.485151 -4.230036
-7.577819 -4.368122
-7.607492 -4.478973
-2.196823 -1.826228
-7.191887 1.273331
-7.187692 1.271668
3.126450 -1.337641
-4.673669 -0.526387
5.018915 -4.260942
2.675982 1.597543
-6.014337 1.837694
-6.017510 1.744973
-6.062461 1.666570
1.456556 0.341197
1.455445 0.339176
-11.460385 -0.286542
-6.665330 -2.978134
-7.773178 -3.132888
-5.211137 1.848514
1.640430 5.618240
-5.965407 -4.927737
-0.017774 -0.013081
-6.466693 -3.285297
-6.471398 -3.796475
5.127408 0.227929
-6.795939 -5.668114
-4.693085 1.971972
-4.793784 -0.344225
-4.721318 -0.464891
-7.027802 1.430471
4.280745 2.102024
4.277130 2.103970
4.281215 2.098810
4.937710 -2.484086
4.286581 2.090318
6.586936 -0.804324
-6.071838 1.770887
-5.652147 -6.994442
-1.154011 2.286137
-6.548378 -3.075319
-6.520892 -3.081903
-5.537990 -0.622352
-5.960077 -2.306731
-6.652717 -2.986913
-6.901513 -1.588543
5.616471 -0.950322
5.593507 -0.954199
5.612648 -0.952566
-6.242772 -5.324208
-6.979738 1.450424
-2.427076 2.888385
-5.518226 -0.631983
4.940241 -2.252315
4.939673 -2.254932
-5.736752 -5.844149
-5.728798 -5.823997
-5.697565 -5.737584
-5.719176 -5.713454
6.877043 -3.533236
-6.527209 -3.092681
-3.288034 0.810080
7.853049 -0.669851
4.264672 1.893485
-1.188755 2.363113
0.775255 5.877726
5.137932 0.212230
-6.773304 -1.531159
-6.448928 -3.279083
-6.888573 -3.157670
-4.461155 6.944293
0.170388 -2.895332
5.026457 -4.251868
5.021824 -4.259574
-11.670028 0.332492
-5.780957 5.794835
-5.777754 5.787933
-5.767848 5.815095
-8.281175 -0.353332
-8.237399 -0.324655
-3.141989 -6.230201
-11.502138 -0.340647
-0.140799 -2.013098
5.992200 -2.179664
5.230012 -4.227154
-2.316417 3.034388
1.773701 5.707961
-11.514216 -0.353338
4.093852 -5.281237
4.095254 -5.281718
4.095353 -5.280742
-7.354158 -4.382414
4.407446 2.224877
5.991864 -2.179270
-6.635168 -2.048280
-5.935838 1.761734
-6.617618 -1.958534
-6.676015 -2.149144
-3.685762 10.054455
6.597697 -1.815955
5.031625 -0.936552
1.145452 1.373415
-2.074283 -0.300423
-4.157301 2.452853
0.975783 0.747612
-6.507971 -3.141648
-6.709730 0.258206
-5.004077 1.936981
4.409322 2.227839
2.330608 -7.962337
2.330472 -7.962467
-2.273105 3.012663
-1.636546 4.348648
0.962911 4.880630
-1.740606 2.662578
-1.594682 4.404611
-8.252252 -0.315701
-8.265155 -0.334776
-8.255633 -0.325897
-8.051103 2.867469
-8.061764 2.871617
-6.452829 -3.280263
4.382771 6.242618
4.892323 4.089768
6.104225 -0.434534
-0.063404 7.100768
0.735627 1.335885
-4.407582 6.993699
4.777565 3.112963
-4.774415 2.406720
5.704587 7.249908
-6.307710 1.780391
5.312288 -0.942320
3.448153 -0.936504
-0.828700 -0.417719
4.510963 -0.554709
3.955678 -1.928839
3.468287 0.277783
3.331632 2.092292
-3.745043 2.576155
-3.314025 -1.482304
2.393608 -0.038455
5.309305 -7.724780
-1.796421 0.229869
1.230322 0.644867
-7.594966 1.839047
-0.063554 7.102462
-6.312202 2.357940
1.771980 2.986423
1.999907 7.454993
6.064568 3.772267
8.576555 -5.540553
-4.111202 -2.184781
5.379058 -5.058454
2.390846 -0.036347
-4.741224 -1.435252
1.300400 2.811778
7.210723 1.484195
-2.094450 2.180677
-6.785413 4.639817
4.449327 0.855102
-2.416866 2.940405
8.513577 -3.928570
2.197294 -2.682458
9.912019 -1.671044
-3.776798 1.367637
2.836147 3.156122
7.064105 -1.557042
6.992994 6.274063
5.894466 2.057946
1.373197 1.137205
3.983393 1.621526
1.353384 2.424557
-0.479597 6.551309
3.472395 1.763106
-10.151171 -6.437716
-3.540905 -5.640024
7.306636 -2.825274
1.234810 -0.619666
-3.727701 2.559002
7.300158 -0.273619
4.977349 1.909428
4.331864 0.501534
4.315491 -3.475635
4.429511 -0.440324
-3.609205 1.319159
9.774918 2.346144
-2.181911 2.759348
-0.572306 8.631703
8.790805 2.926616
6.140395 0.360204
5.487869 6.275582
-1.889805 0.293248
0.617463 -0.618138
-3.640016 10.101815
2.154059 3.907614
-1.006124 -0.927237
6.112171 1.830131
2.215080 0.500470
2.729114 -1.272858
-1.862335 3.932769
6.085248 -0.439475
-1.116954 -0.935659
1.565623 -4.758756
5.705918 7.249874
2.612352 -1.208692
-3.669108 10.072180
7.070567 -1.553084
1.999555 7.451839
-5.780493 3.070323
3.106157 2.486957
3.514973 3.205840
5.421612 -5.028583
7.302197 -2.836261
6.283229 -5.955468
5.517468 -3.189634
7.369404 -5.019454
-4.748485 -1.433893
-4.663224 2.759190
1.206459 3.147993
-4.772656 1.904726
5.264436 -0.299256
4.468573 -3.156518
1.221898 0.648177
1.479031 -4.865527
0.997673 4.718344
6.886261 0.847899
0.562336 10.226412
6.233895 -2.475590
3.936563 -3.294974
5.984654 -0.882803
-5.870608 -2.084595
-5.862785 2.996546
5.615157 -3.510683
-4.086774 -4.149045
-6.294590 2.203435
3.433835 0.397298
6.239325 -2.473959
0.618497 -0.624771
4.918721 4.768715
3.147618 -2.182981
-1.042890 -0.933380
3.603920 -3.333489
5.630916 -1.203028
6.889460 0.843997
4.504695 -0.546617
1.986841 0.581743
3.697058 -2.514427
5.704678 7.249403
1.603827 1.360796
4.197663 -4.518307
1.780644 -2.140043
-0.571085 8.631553
5.989927 -0.870275
9.987173 -1.734267
1.881754 -0.529959
4.304654 0.811151
3.307484 -6.817495
-6.704988 4.041999
5.397834 2.764112
-5.904843 -0.072672
3.823305 -7.873726
-6.962696 1.445431
3.708182 0.491085
-10.162132 -6.449901
6.232327 -2.476872
9.775012 2.346080
7.458501 2.387137
1.301821 2.811695
7.872699 -1.432587
-6.625172 2.486835
2.217154 3.408914
5.000830 -3.542917
-3.629903 10.111605
1.863225 -0.667444
7.808589 7.383840
6.232168 -2.476027
8.600199 1.906699
1.620823 -4.897334
2.231493 3.401188
-2.577065 1.701191
-6.932069 1.477620
1.373812 1.137591
-6.174796 4.808306
2.517248 -2.164207
2.677308 6.583383
3.502841 1.760330
4.161331 -3.047395
-6.823045 4.549296
6.707639 -0.077830
5.487899 6.276102
3.339199 -0.822089
-3.756281 -5.768540
5.447636 1.069087
-1.036982 0.401194
3.435545 -3.509265
2.114022 3.837670
5.705108 7.250940
3.422152 -3.526343
3.612196 2.956838
-1.364531 0.052863
1.681315 -4.580888
-3.152892 2.931537
5.279120 3.342182
-5.872458 -1.181023
-6.409474 -7.023961
4.569735 0.630407
6.145413 0.342865
3.001617 3.813854
1.813754 -0.336792
3.983947 -1.444809
-4.901383 3.030502
2.620116 2.933549
-0.229314 0.141955
5.414972 -5.040491
3.244287 1.182779
2.612952 0.035137
8.579888 -1.675357
-0.455513 0.236996
3.892511 1.436866
-5.509311 -6.878456
-5.766909 -3.633421
4.280503 3.416269
4.683629 2.197706
-4.518491 2.138104
4.305512 5.957692
-6.380134 -7.011732
3.369663 0.038928
-0.572174 8.631624
9.901400 -1.662041
6.382795 4.392959
-4.125110 -5.447240
-7.734449 2.116447
3.431984 -2.286991
-5.732534 -3.617999
-7.762054 2.100991
5.897840 2.062006
-7.033497 1.454884
-6.934351 1.468145
-6.900657 1.500539
2.885903 8.778198
4.623124 5.083296
3.082079 -6.523837
2.883253 8.777537
-6.736424 4.105130
-1.468443 -0.964544
-1.813050 3.028392
6.735495 4.061847
4.028566 2.377257
4.428370 -2.420784
2.608845 -1.207790
2.855979 -3.719271
2.540990 1.433560
-5.016798 2.530332
-0.212011 0.113487
4.028223 -0.976474
-6.402918 -7.020319
-4.231701 -2.335784
-0.244110 0.154253
0.620522 8.027633
-4.894772 3.043936
7.206316 1.484619
7.269355 3.615549
0.198750 -0.821797
8.596781 1.904390
-1.082433 -0.908555
3.409945 5.069880
-4.344618 -6.070151
-0.373394 -0.653104
2.879907 8.775288
4.595316 -2.031884
-1.123578 -6.929029
0.613939 8.025551
-0.318569 0.183050
-1.362454 -8.340766
4.039698 -1.496038
0.199345 -0.823189
1.437488 -4.758645
-1.079772 -0.923350
0.608805 8.019055
7.810432 7.386921
4.556198 -5.036606
-6.654823 4.506855
-1.461633 2.871258
7.577737 1.063781
1.194359 -1.024545
1.981595 1.353192
2.654661 5.014172
4.078260 4.660912
2.755075 4.885877
-2.414749 -7.698398
-0.349320 -6.884871
2.674726 6.582230
5.399624 2.763894
3.862101 0.884623
0.777799 0.676557
-6.527425 2.545830
-5.377828 5.307021
3.050605 0.872386
-4.957511 2.283858
-6.470004 2.845784
-1.360743 -8.347028
-5.994870 5.464979
7.733559 4.796532
-10.147281 -6.434360
-10.149919 -6.436584
7.743306 4.799316
-4.246529 -2.371693
5.365115 1.337542
-0.588116 8.646601
7.209039 1.485176
4.133136 -1.719822
6.092266 -0.441998
8.681816 0.104128
2.698643 6.597268
5.454588 1.064492
-4.607728 4.490098
2.554737 0.808689
-5.670823 3.192168
-0.572070 8.633141
4.666547 0.944061
-0.565594 8.624336
-1.590214 -0.645665
-0.624199 0.157823
3.332352 2.093727
9.898770 -1.660764
1.041185 4.665197
7.068438 -1.571729
5.544891 -1.696999
2.518463 4.402323
-4.768138 1.863808
3.240227 -1.051087
5.556623 -1.701102
7.197895 1.491464
3.473341 0.282526
1.864928 -0.666547
6.490229 3.095224
2.616751 0.037842
-3.633791 10.105823
-1.795608 0.231147
6.262705 -1.048673
6.885101 0.844553
9.773438 2.346980
4.448883 0.848089
-7.101450 1.354478
7.295644 -2.833998
-0.789612 -2.527264
4.773437 3.110710
-3.787769 1.366241
-5.004711 5.989295
2.850169 -3.719233
3.001071 3.814339
3.003320 3.814518
1.961792 2.541113
6.110198 1.832681
2.456875 1.693177
3.977656 -0.090218
-2.314740 -0.256425
-0.387904 -0.642131
3.884271 -0.009441
-6.730992 4.563947
3.152788 -0.748061
3.349178 1.344931
-6.199963 4.915266
-3.661433 2.336426
-3.672926 2.342359
-1.404440 -8.219674
-1.408121 -8.191663
-1.405883 -8.190062
-0.592563 8.651606
-0.584193 8.642490
4.480319 -3.162895
1.780050 -2.141768
-6.297457 1.840988
-10.149951 -6.436349
6.231954 -4.040187
6.233342 -4.039807
4.984445 -3.549981
4.998744 -3.533788
-3.726941 -5.826807
3.476059 0.284318
2.430075 -2.304412
6.712354 -0.088251
4.062743 4.667585
-4.067912 -4.214139
2.693306 6.595280
2.885332 8.778442
2.215125 0.498411
4.521986 2.809641
-2.985433 2.945511
3.978416 -0.084943
6.992931 6.275095
0.001153 -5.749707
1.810406 -2.948562
3.822196 -7.875018
7.582072 1.063645
7.571445 1.072876
-1.366222 0.053039
-1.038289 0.403360
2.849100 3.144960
2.840649 3.149873
3.410038 -4.167628
3.690749 2.412498
-4.060601 2.257973
-4.036208 2.240888
3.248973 -1.793540
3.243174 1.187557
-1.944802 -2.335053
3.681657 0.741819
-7.388127 -6.111040
2.912283 -0.483510
1.024659 4.697363
-1.466613 -0.967552
-1.486186 -0.969339
1.809633 -2.948872
2.620489 -1.007505
-1.575864 -0.683721
-1.530859 -1.136552
-1.566425 -1.177154
-1.533745 -1.099523
-3.626903 1.265905
6.101226 -0.434320
-3.520408 -5.648406
-5.903973 -5.549713
-7.411110 1.937552
7.462930 2.386760
7.458432 2.391011
-2.554486 1.723260
-0.476426 6.550260
6.714913 -0.089726
-5.017641 5.955926
4.953064 3.530308
5.728609 2.403173
6.287896 -5.953894
6.290990 -5.953294
2.543435 -1.086961
-10.166557 -6.455372
6.036963 0.547415
6.043025 0.546277
6.042650 0.549207
-0.589515 8.646528
1.656772 1.929962
2.015708 -1.034042
2.022238 -1.038971
-10.166450 -6.455766
0.547655 10.247441
0.562136 10.229257
0.557577 10.235341
0.550280 10.244203
0.547864 10.246321
0.545868 10.249192
3.838617 -5.243753
3.837767 -5.242447
4.120614 7.121451
0.049327 0.011677
2.673086 6.579071
5.008166 4.044846
5.008694 4.044230
2.758497 -1.594760
3.890502 1.437424
-0.244372 0.137574
3.692110 0.474083
2.571503 0.822802
-4.043898 -2.141534
2.927120 -0.497139
4.504088 -0.552623
4.021054 -0.193688
4.012980 -0.188949
2.291058 -0.411409
-6.967716 1.423056
-5.192628 0.585650
-5.190294 0.580903
-4.179987 -2.267139
5.728579 2.395951
1.078628 2.123034
1.076356 2.124780
1.072685 2.122856
1.544582 -4.894392
-4.787304 -1.466326
-7.122884 1.349696
1.754329 3.699426
-1.899204 -2.390042
6.283254 -5.956587
2.310388 1.093453
-1.642960 4.341120
5.011303 -2.595466
-3.312173 -1.480835
-1.345472 2.986655
-1.402531 2.943548
3.634417 -0.798867
1.754341 3.698158
2.623837 -1.011970
7.393357 -5.043426
7.367950 -5.015345
-3.606230 1.316241
3.439692 -0.937846
-1.366285 -8.335434
-4.719221 2.080400
-4.761918 2.091090
-4.713250 2.072564
4.031728 -1.510717
-1.543271 -1.160629
2.118108 -0.323680
8.587314 -5.549577
-0.843016 -0.973835
-5.783138 2.623133
-5.758215 -3.616231
1.742453 2.847759
8.580673 -1.678146
8.580806 -1.675082
8.581763 -1.674142
4.333004 4.099878
-4.567744 2.195601
6.735377 4.065390
6.734365 4.063618
6.734998 4.065348
5.008021 -2.594345
4.428998 -0.441859
-4.700664 4.950235
2.637550 2.914720
6.253474 -1.064775
7.201993 1.486020
1.004011 4.735265
-3.531287 -5.673773
-3.544971 -5.660328
1.463596 -4.743210
2.709725 -2.715508
3.799588 -7.896415
-4.809655 -1.464944
-0.445524 0.233138
6.285926 -5.951286
-0.638168 0.218243
4.551058 -5.036185
-5.517144 -6.814749
2.283520 1.168261
1.730933 2.845114
2.400923 0.472469
-1.367073 -8.317861
4.979428 -5.620492
2.307539 1.090364
-0.932542 7.275108
4.137965 -1.724857
3.330554 -1.627157
3.331296 -1.620583
3.853147 -4.605018
3.858312 -4.612787
-5.643458 2.735657
-0.332046 0.179768
2.379343 -2.200499
2.375029 -2.202582
-0.934039 -0.933272
3.981037 -0.090021
3.272600 -1.582287
-5.094682 2.060955
3.691461 2.410891
-0.477442 -6.188415
1.642808 -4.900584
3.165270 -0.755738
5.487787 6.272810
6.324111 -5.919600
7.509427 2.445878
6.103882 -0.428112
6.062931 -0.457709
-1.812167 2.980357
-5.533527 -6.781445
-2.099788 2.172210
4.431838 -2.422002
-1.643705 3.176443
3.764712 -0.093122
-0.996035 -0.933809
-3.650488 1.285893
5.487091 6.276999
3.917109 -5.749439
3.918537 -5.750554
3.518670 4.234711
5.268956 -0.306948
-7.526019 2.152195
7.116334 0.197835
-6.368500 -6.977405
4.834215 -1.205560
4.837027 -1.204850
8.598031 1.903689
3.407345 -4.173752
1.524396 1.039962
1.660457 1.921180
-3.634227 10.106579
2.402934 0.471929
2.000532 7.454102
0.618926 -0.625354
7.726636 -0.990209
-1.723974 2.723649
2.542488 -1.076251
-1.131748 -6.953238
3.307769 -6.817173
2.750387 -0.433913
-1.497016 -0.961217
2.023038 -1.084188
1.620155 0.002177
-0.204811 -6.294661
-6.163889 2.142026
3.109732 2.483828
3.105482 2.489092
5.501498 -3.199790
-0.867856 -0.953938
6.993516 6.272313
6.989941 6.276642
6.387113 4.402192
-0.186070 -6.341952
2.882639 8.778373
2.885584 8.777819
4.307682 5.961747
2.519247 -3.441955
2.516536 -3.443653
3.180627 -0.111202
-5.356039 5.434622
-5.210514 1.771529
0.044764 0.017150
3.344385 -0.823673
-5.887224 -2.087231
-5.899813 -2.092252
2.446523 -1.551352
-1.893823 0.295427
6.709649 -1.383050
-3.474184 -5.570805
1.728263 -0.356671
1.731613 -0.359987
6.080245 3.949686
3.882857 -0.012436
2.398367 2.389793
2.401463 2.395584
2.402662 2.392133
3.439490 -3.502943
6.306090 -5.939635
-6.760296 4.558893
1.371341 1.135369
-6.207283 2.033099
-1.350679 -8.352435
3.453477 -4.042888
3.457249 -4.048938
4.279304 3.417634
5.364741 1.338020
1.856274 -1.899039
1.856780 -1.897764
7.121818 0.194549
3.514626 3.205510
4.195827 4.668575
1.662737 1.923054
1.391006 1.859442
2.295178 1.163418
-6.216097 -4.467371
-5.776216 -1.425452
1.295652 -0.407985
3.862727 0.882735
5.613993 -3.509667
1.606043 1.360098
6.232862 -2.476864
-0.982671 -0.939544
5.627747 -4.509700
3.985767 -1.438096
3.610987 2.957665
6.179474 5.134321
6.180720 5.129539
1.632049 -4.620791
1.541491 -4.676035
4.310926 -1.780801
4.302944 -1.788583
-4.670243 2.757226
3.990215 1.622091
-6.814927 4.676784
1.954078 2.535959
7.331933 -4.955870
7.332235 -4.950690
7.329283 -4.952110
-0.344932 -6.867051
-0.323717 -6.916826
3.812060 2.802184
3.823849 2.806085
2.518922 4.401764
-4.069876 -2.178052
-7.460471 2.163167
-5.344424 5.479609
-6.492594 2.860032
4.115329 7.119408
-6.811595 4.526393
6.486094 3.093147
4.766293 2.601500
-0.687288 0.262702
-0.595742 0.217373
-4.428542 6.965749
3.447594 -2.297284
0.516823 4.048981
-5.991778 5.456467
1.774030 1.776046
6.987607 6.277968
2.729879 -1.276514
4.685331 2.191742
-5.787671 -1.434960
8.743210 -0.696726
2.844446 -1.853410
1.728709 7.682761
3.837080 -7.860862
3.805836 -7.890679
4.338620 4.101143
-1.641383 3.191486
1.185347 2.977206
6.178430 5.140067
0.620913 8.029766
7.265250 3.615923
7.267279 3.615637
7.261901 3.616506
7.124760 0.193198
4.191212 -2.821007
-0.996465 -0.935442
3.602543 -3.338187
2.431606 -2.307844
-5.825819 3.062772
4.213164 5.638147
4.212224 5.636567
4.214189 5.635866
5.277163 3.347308
6.067245 3.771719
6.042994 3.754831
5.304141 -7.715316
6.229453 -4.038907
4.894799 4.088509
0.620859 -0.619130
3.711883 -2.524605
4.658253 0.946384
3.333116 -0.819410
3.042503 0.876525
-4.200265 -2.321650
2.656826 5.011961
1.768856 2.988141
2.755232 4.885991
3.256614 -1.566531
2.842504 -1.854707
4.313610 1.460408
-7.364293 -6.085847
5.640096 -1.211864
4.190525 -2.824181
-6.994625 1.418310
2.372020 3.200701
2.372897 3.200278
-4.717907 4.903624
-4.711802 4.992454
2.182215 3.342575
-5.873921 -1.183871
4.211393 4.657639
0.517308 4.047538
-4.251400 -2.373296
5.552251 -1.699165
4.765662 2.602249
3.862419 0.882151
4.197038 -4.516991
0.734553 1.329681
1.771548 1.765256
3.635232 -0.785276
3.630696 -0.793701
-0.931683 7.275072
3.867741 -4.498640
3.359857 0.043178
4.316062 1.460393
-5.649459 3.186469
6.228235 -4.040562
2.114973 3.836415
3.181034 -0.094294
1.728874 7.683578
-3.641845 10.098841
-0.867433 2.013533
8.128398 -2.649461
-3.670853 10.069345
-3.650782 10.090131
8.131092 -2.650128
-3.638016 10.102880
-3.650475 10.091475
8.134486 -2.649787
-3.681108 10.060378
-3.604069 10.136686
-3.667483 10.073679
3.082169 -6.524146
-5.509874 -6.866357
5.631196 -4.512965
7.217410 -0.019399
3.242967 1.184569
2.214853 -3.665966
2.212301 -3.666370
1.901198 -0.407816
-4.128639 -4.132219
-1.807820 2.976930
4.027910 -0.982094
8.742745 -0.695730
4.606261 -1.937500
3.317601 2.529234
-7.028007 1.454840
1.388250 1.861428
-5.008580 5.981531
-4.226201 -2.345539
4.075711 4.661690
-5.502349 -6.814759
-2.405275 -7.700156
-2.396754 -7.693396
-2.377588 -7.632655
-2.398403 -7.685891
-0.476985 -6.165146
2.617932 -0.850334
2.616240 -0.850495
1.233092 -0.624049
1.070980 0.066164
-1.895863 -2.385570
-1.714546 2.662224
4.992444 -3.547394
5.000803 -3.548177
4.955097 3.524865
2.436491 -1.562778
6.490900 -1.987666
2.058141 -1.835695
3.351983 1.344426
-4.096249 -4.233631
-4.021010 -4.192472
-4.014061 -4.196405
5.516224 -3.194527
-1.380779 2.362792
-1.611645 2.536850
3.836621 -2.070388
3.827338 -2.079819
-6.411372 -7.024043
-3.719264 -5.755180
-5.717109 2.864872
-5.696552 2.763355
4.975771 1.921489
4.972170 1.932772
2.759522 -1.596982
0.518222 4.048196
-1.420652 -8.138871
-1.701612 4.228915
6.990869 6.273719
3.141053 -2.180895
2.451223 1.700499
-7.642317 1.823739
2.816763 2.807722
2.812999 2.801648
-6.468509 2.475385
1.200587 3.149184
1.988502 0.581084
2.881907 8.777575
8.675411 0.105859
-10.149850 -6.436315
8.790480 2.925668
8.791732 2.927281
6.489792 3.085517
8.511285 -3.924316
1.547073 0.065773
0.995550 3.487310
-4.830126 1.951367
-4.888216 2.084894
-6.271766 1.817041
-4.202039 -2.296739
-2.437154 2.935061
1.542461 0.073334
3.808590 -7.885831
7.510433 2.448499
-5.881452 3.018395
2.119340 -2.878580
2.118998 -2.877502
7.302248 -2.834311
7.302782 -2.832410
7.304837 -2.828493
7.302778 -2.831317
1.670181 0.011287
1.670668 0.005311
-10.148499 -6.435290
2.699466 -2.704400
2.221330 3.394008
7.255917 2.571671
7.257343 2.571930
7.263256 2.572170
1.527110 1.043427
2.288031 -0.408382
8.182780 1.758440
8.183917 1.758950
8.184928 1.759280
4.060853 3.010887
4.060604 3.013242
1.813840 -0.338023
5.420283 -5.025013
5.427920 -5.013654
0.995313 3.489206
9.774791 2.346076
1.193618 -1.022701
3.868138 -4.500875
4.614856 -1.938584
-0.985082 -0.933712
-3.656867 1.352773
-3.638307 1.338234
2.986208 -2.904946
2.986059 -2.900615
2.980840 -2.901461
2.991332 -2.911749
-4.781471 -1.474759
4.963105 3.529675
5.488465 -3.196931
4.981626 -5.618572
1.630941 1.685971
6.080403 3.949880
-5.059728 5.848486
2.879378 8.776711
4.669638 -6.600791
4.669343 -6.601006
4.668307 -6.602647
8.600270 -5.559101
8.590674 -5.552367
3.210087 4.601264
3.212252 4.600168
3.209399 4.600318
-3.705086 -5.826101
-3.711109 -5.831348
8.743348 -0.696002
3.404734 5.072408
1.458405 -4.716155
3.001295 3.816963
4.958986 3.526601
4.522505 2.807877
-4.203982 -2.307501
2.399134 2.391160
2.403287 2.388098
4.335875 0.504773
-3.709572 1.313119
4.314826 -3.472080
-4.182050 -2.263640
3.302265 2.524366
8.602798 1.908926
-0.006285 -5.758601
-6.804840 3.417734
-6.815916 3.502078
-6.243577 -4.390090
1.560404 -4.890640
-0.574205 8.634864
7.380382 -5.032389
-3.465569 -5.551900
6.307679 -5.934724
-5.617443 3.727916
-0.765210 0.326558
7.207653 1.484861
2.853106 -3.720430
2.851058 -3.717951
1.183869 2.978904
1.421622 -1.149495
1.413173 -1.148216
4.071539 4.664923
5.314900 -0.943245
-4.834222 3.026984
2.115548 -0.321647
2.760042 -0.446507
7.219295 -0.018062
0.999588 4.718377
3.957310 -1.927160
9.957592 -1.705727
9.965730 -1.712395
9.967155 -1.714993
9.977380 -1.724257
9.964866 -1.711755
9.931050 -1.681754
-6.614163 2.525443
0.775598 0.675344
-4.348605 -6.073654
-4.747940 2.492473
1.882528 -0.530035
-3.511525 -5.611140
-4.766867 2.551641
6.232109 -2.476201
6.236737 -2.474693
-6.536284 2.575743
3.677661 0.744656
-6.934452 1.466453
-0.318368 0.184609
-7.521743 1.873293
7.810068 7.386055
7.810588 7.386921
-5.689068 2.804438
1.780172 1.773835
7.059565 -1.558964
4.625873 5.078901
-3.649698 10.091814
-5.077099 2.077446
9.774846 2.345620
2.520367 -2.164840
3.411869 5.068166
3.406802 5.074327
6.490204 3.093467
3.443466 -2.292682
4.673019 -6.614753
-3.162331 -6.319043
-3.153708 -6.322643
-0.621429 0.155898
-5.487130 -6.900886
-7.548882 1.874256
6.143854 0.355917
6.144544 0.352725
4.315452 -3.475890
-4.835859 2.011325
3.249783 -1.799175
3.436916 0.393958
2.197822 -2.682887
5.485798 6.278554
1.636801 1.680421
2.832067 0.979456
2.843600 0.974045
6.231314 -2.484323
3.807310 -7.887978
-10.143550 -6.430152
-10.163400 -6.450242
-10.145377 -6.433018
-2.112008 -2.200339
-0.780958 -2.529649
-1.844551 3.925151
-5.191844 1.730301
-4.117270 -5.428586
-1.793638 2.988215
5.395307 -5.022446
5.409278 -5.049375
5.422065 -5.052038
5.415856 -5.037324
3.934376 -3.289327
5.402767 -5.049305
-2.065327 -2.218308
4.596775 -2.032599
1.294278 -0.409354
8.743960 -0.693363
7.870461 -1.432153
0.614138 8.021196
-2.307428 -0.264525
7.726660 -0.995280
1.903780 -0.406717
4.153698 -3.055120
4.157915 -3.050967
2.631711 6.548829
2.381383 -1.191680
2.370963 -1.185350
2.708965 -2.713881
5.014039 -3.544405
5.007477 -3.541389
-2.083219 -2.223363
-6.812787 4.674376
-4.666955 4.484971
3.698597 4.249686
3.696917 4.249955
1.615740 0.000787
0.613194 8.024576
6.075868 -3.483978
6.072856 -3.481875
6.705595 -1.380558
-1.366437 -8.335196
3.922016 -1.027200
3.937751 -1.041518
6.229796 -2.477654
2.234609 1.223577
2.187773 3.361852
4.282233 -1.040015
4.271935 -1.037345
-3.983292 4.208650
-3.928495 4.219496
4.906852 4.759623
-2.904732 2.947647
2.310402 1.094648
2.539275 1.434978
-2.011258 1.906284
8.677466 0.105503
3.286479 1.381955
3.280578 1.382460
-0.064515 0.036575
3.286148 1.384692
3.518255 4.233398
6.498226 -1.973744
-4.158754 -2.302512
-4.158434 -2.277472
-4.145042 -2.319386
3.461894 1.766648
4.196687 -4.516068
4.198339 -4.515828
-1.138699 -6.929705
7.295801 -0.265291
-3.724454 -5.797304
4.032601 2.376686
1.986242 1.347747
2.030411 -1.085524
3.801178 -7.894590
5.304370 -7.718787
2.222470 3.404071
0.612893 8.017284
4.301846 0.809552
6.217667 1.048159
6.221914 1.044224
4.568641 0.631766
-0.448712 0.222432
1.560768 3.739856
1.567116 3.738840
2.230353 1.223049
7.810556 7.386438
-5.919141 -0.075769
2.666775 6.574577
3.250375 -1.046317
9.951946 -1.701581
-5.918800 -5.567506
4.339079 4.100332
3.767311 -0.094526
1.353329 2.425331
-0.828509 -0.426489
-7.120955 1.344100
7.919287 -0.410136
-6.950270 1.500475
4.626052 5.082084
-1.635219 4.349760
7.919614 -0.410961
2.060169 -1.839739
5.445723 -3.020546
5.452527 -3.016065
2.162330 3.921795
1.069930 0.064264
