2708 2
-1.817452 2.056292
-1.104996 -1.304415
2.337795 0.018615
2.680129 0.314706
0.509933 3.235283
1.596830 -0.519680
1.602041 -0.792304
-1.812810 2.016151
-1.821810 2.031791
-3.162363 0.545185
2.473354 5.007167
3.721451 1.699220
0.582791 4.415022
0.845926 -1.717379
-1.805297 1.994349
3.917925 1.167415
2.165961 -0.004988
3.368970 2.006966
3.411706 2.574590
3.866327 2.714592
-2.541135 0.272075
2.402316 0.068856
2.611646 -3.622553
-1.361230 4.639188
3.348268 -0.598304
-2.378356 0.272129
5.734157 2.395725
0.670954 4.502234
2.484754 2.560506
-1.229763 -0.517635
5.907740 -1.567973
-0.551590 2.418970
5.910822 -1.680630
1.225322 3.206723
2.005397 -0.166937
1.957227 -0.184745
1.612024 3.381044
1.926434 -4.461942
2.613014 -4.485645
2.764259 -0.195472
-2.880351 0.546070
-1.936983 4.554167
2.911342 -3.320166
4.862032 4.219831
0.640840 0.111813
1.686374 -0.250908
4.063484 1.647457
0.736404 0.519150
-1.658411 4.467714
5.239866 -1.309068
5.291747 -1.280126
0.629500 4.919096
0.684594 -0.841335
1.089794 -4.409087
2.567310 -2.525071
3.247137 -3.861690
-1.458164 0.045429
2.219287 -0.000711
4.867537 2.032370
5.133785 4.419895
2.881872 -0.014018
-3.699884 -1.975720
-0.572357 3.151575
2.752443 0.158252
5.515001 -1.321518
1.117800 -3.762691
1.638267 -1.116183
-0.410165 6.437944
1.417924 1.728714
1.620581 -1.135774
-0.643589 1.108555
1.144142 1.471109
3.161286 2.159438
3.308878 1.921130
1.460492 2.893963
4.737671 -1.584466
0.699842 2.868710
2.750235 3.777229
0.662136 2.103162
0.152381 1.235123
3.910995 1.383899
-2.579766 -2.723825
2.438632 -0.307161
2.751396 0.582015
0.552313 4.438249
2.388261 -0.143328
-5.533498 -3.335907
0.560909 0.624911
0.629978 0.089789
0.009854 -0.398488
2.032026 2.669057
3.144320 2.299052
1.095797 -0.815294
-0.987162 4.634700
-2.132596 4.338681
-0.326018 4.782991
1.257135 -0.600706
2.381887 4.964883
0.937579 0.830367
-0.404755 4.981522
2.803246 -4.297104
0.750568 2.177977
0.028981 -0.726966
2.471420 -0.158622
3.470643 1.930975
0.568857 5.707695
0.015820 -0.728614
0.422706 3.099556
0.522727 3.083149
-2.279896 0.147072
3.157421 2.343251
3.083595 1.383795
3.620483 1.901816
3.350559 1.942002
-2.352022 0.271378
-1.997161 4.668806
0.608385 0.028889
0.723208 4.235652
2.279517 -0.325379
0.252144 -0.310831
3.544209 -4.122209
3.973719 3.335876
3.844258 2.854200
3.607909 3.131892
3.570286 2.587782
0.739608 2.220224
-2.381859 4.116540
3.638446 2.767804
2.503990 0.090237
2.698189 -4.254045
-2.579979 0.327497
0.776370 3.017670
2.745774 3.719056
2.253656 2.720084
1.924672 0.199945
-1.559840 0.274624
0.858793 -0.924560
-1.787501 4.543864
-1.936592 4.627617
3.206655 -3.484758
-0.302962 -0.978581
3.009185 -3.412798
2.142647 1.477691
2.774962 3.703670
3.164043 -3.226016
2.141961 -3.305252
3.321878 1.975166
0.812671 -1.022224
2.719144 -0.868985
1.633192 -1.143124
5.284845 -1.242634
-0.540269 -0.476886
3.882159 1.058397
2.670741 0.355414
0.932805 2.902099
0.684360 4.325722
-0.697672 -0.986082
0.849438 2.138373
-5.570489 -3.032586
1.073740 -0.916511
0.764382 2.083161
0.115504 4.568413
1.910723 0.257923
2.451522 -3.508438
-0.715232 1.115776
-5.594552 -2.953124
3.435730 -1.504874
2.195271 -0.001789
3.190504 -2.596329
5.086067 4.468387
0.561526 3.100729
-2.304183 0.190654
0.073566 -0.501700
2.321097 -0.067048
3.391492 -5.419893
3.414420 1.988793
-1.873857 3.377789
-0.504218 -1.599118
-0.658619 -0.667826
1.928731 2.652807
2.782785 3.591745
0.747106 2.335490
-2.222372 4.700367
4.365924 -0.638155
-5.580583 -3.010488
-0.585109 3.273552
2.632035 0.556404
2.035485 1.118617
3.114197 -3.376105
2.936064 -3.457662
2.468931 5.083491
2.638037 -3.585501
2.479898 5.030477
2.470598 4.911234
-1.355402 -3.501451
-5.516427 -3.195994
-5.543858 -3.153438
2.468831 0.250084
3.378619 1.996604
-2.434836 0.273277
5.071302 1.888957
2.766410 2.152418
3.095698 1.892423
4.146603 3.963396
2.851965 1.568057
3.146412 2.023888
4.833180 1.904728
3.148805 0.045465
0.170097 -0.207549
3.022805 -3.229441
2.632357 -0.128297
0.623091 5.006950
5.075988 4.464439
1.620765 -0.290957
0.916277 2.061016
1.413967 -0.593695
-5.524311 -3.226040
3.188949 2.074655
-0.588169 -0.717730
2.640753 -4.316921
1.742378 -0.247510
5.567871 -1.061882
5.222744 -1.304013
0.270730 -0.261541
-0.092897 -0.842328
0.522212 -0.007157
-3.455252 -0.728877
1.990414 1.374340
0.544677 -1.021344
3.036342 1.132168
2.137252 1.408241
5.913904 -1.574461
-1.746566 2.155169
3.962558 3.326371
3.523821 1.784038
3.330414 1.850839
-0.322142 -0.607426
1.934378 -3.458999
4.100591 1.677271
2.375970 -0.150860
-3.624326 -2.055782
3.252752 2.394829
-2.364300 0.894626
1.375372 -4.334975
1.537119 -0.594202
-0.013928 -1.362034
0.505399 1.941716
1.843353 -4.165481
0.575775 5.690638
-5.543229 -3.342634
0.576705 3.050015
1.250200 -1.580394
2.903879 0.252248
4.039320 1.350779
4.100713 0.896239
-1.335019 0.976820
0.049537 -0.515004
1.571384 3.502170
-1.750725 1.971948
0.764767 -1.112387
0.633155 5.526585
2.029268 2.671895
2.981725 -3.127437
1.442480 2.857861
-0.147875 -0.718143
2.911031 -4.315012
2.970581 -3.160336
-2.655617 0.239706
-1.737241 2.156480
3.285595 -0.594840
-0.351918 6.405808
2.040642 2.507135
-1.994846 -4.125525
2.557086 -4.540541
2.325438 0.497244
-0.410316 6.433807
-0.375850 6.425388
2.676939 0.103025
-0.677775 3.154730
-0.393900 6.423271
2.501904 5.009005
3.895177 -0.435090
-4.602633 -2.282211
3.204165 1.073905
5.622972 -1.413782
5.871766 -1.476781
-0.573204 -0.644757
-2.474072 0.376163
1.586810 -0.948212
5.473559 -1.280541
3.437425 -4.363094
2.794005 -4.658832
-1.116797 4.642799
4.946483 4.547168
2.560129 0.253573
2.325581 -0.121057
-0.063884 0.487464
6.518684 2.416368
2.512463 -0.268682
-2.879488 -0.632903
4.134463 -1.894144
4.103770 1.640015
-5.591636 -2.979452
0.104917 -1.329420
0.629905 3.101721
2.437887 -0.210013
2.378244 -0.057476
-5.557278 -3.171904
-3.170047 0.417551
2.286479 -3.662533
1.567518 2.619132
2.379986 1.061707
0.664420 4.771520
3.947194 -0.653895
-0.777513 -1.871740
3.294749 1.906951
-1.124441 -1.217714
0.423806 1.428103
0.002344 -0.686844
-1.219509 -0.009476
0.760694 -1.114107
1.882735 0.720164
-0.758605 0.053330
-0.228002 -0.948697
-0.636921 3.230298
0.541179 4.743722
-0.663424 3.191374
-0.672944 3.169585
4.357419 2.180915
1.789577 -3.700468
4.497358 3.968246
1.804218 2.619637
-0.681004 3.282831
2.374104 0.143981
-2.605627 0.178008
-0.624404 -1.026872
3.323013 2.054641
2.763816 3.751367
-0.496961 0.987511
-0.103665 6.221313
-4.804079 -1.388427
-4.805292 -1.389473
-0.325382 6.369307
2.001360 -3.243509
-0.893331 -1.134746
1.134434 3.101566
2.765477 3.733151
0.556423 4.411135
-0.895144 -1.464192
3.364599 1.973467
3.014148 1.497784
3.266652 1.134000
-1.937685 4.557229
3.064801 1.949028
4.992948 4.298153
4.175931 3.312262
2.475810 5.067448
1.418604 -4.343668
-0.357556 4.875882
4.109320 4.032534
-0.513489 -0.327401
3.113375 -3.877436
2.996291 3.751056
2.756712 3.702998
-4.149410 -3.065621
-4.158661 -3.073267
-4.147615 -3.064328
2.675885 0.033193
2.679912 2.588427
3.373811 1.929592
2.801600 0.046381
0.897936 1.854422
2.592016 -4.537677
-5.527234 -3.333131
2.749945 -0.342714
-0.170978 -0.768238
-0.613267 2.784003
1.450080 2.940701
-0.561240 -0.678157
-1.860214 3.369652
3.427989 -3.612188
0.192304 -0.177732
-1.719725 -0.655491
0.341528 0.709739
-1.786848 2.085404
3.081916 -0.219150
2.785763 2.540568
4.936377 4.603255
2.375084 4.966527
-0.559754 3.233108
2.411852 -3.504827
2.219259 1.562416
0.818807 2.946043
-0.677232 2.182322
1.668412 2.805558
2.804549 -3.489123
0.594255 -0.645010
3.479359 1.692273
0.550797 5.743585
3.861997 1.259455
-2.116656 1.537041
-0.016578 0.310851
2.735964 -4.418722
2.716990 -4.744205
-0.017467 -0.734900
4.260240 0.843009
2.312023 1.256403
4.574015 1.549397
6.698036 0.383059
4.128495 1.002939
2.413762 -0.385706
4.615421 1.805697
2.631101 0.009730
2.482966 2.694626
0.573566 -1.791634
3.026797 -3.352338
-1.905676 4.661049
0.405474 1.345971
-1.498028 0.282691
0.584437 5.649159
2.440901 5.019925
-1.315464 1.023431
2.651570 -3.229040
-0.426637 2.971400
4.816177 2.785500
2.382818 -0.154854
-0.486499 -1.066409
2.745691 1.852569
-5.588468 -3.001472
-1.186837 -0.439709
0.182599 -0.259545
-0.421573 -0.290517
-5.587018 -2.996688
-5.572361 -3.021111
-0.044086 -0.736933
-1.818792 2.056338
-0.065116 -0.316340
-1.777687 2.078317
0.591164 1.157215
2.422859 5.004253
3.122565 -0.075961
6.504501 2.394936
0.146792 0.136743
-1.929287 2.083881
4.254371 0.442968
0.709589 -1.650697
2.440426 0.023705
6.730078 0.430195
2.525335 -3.481613
0.382811 -0.843080
1.062989 2.570336
2.986974 0.777768
0.648273 4.333756
-2.116869 0.817359
4.350440 -0.588140
2.701938 -0.283982
-2.371970 0.531496
3.115023 -1.459788
3.319518 2.135912
-2.671004 0.261245
3.782751 -0.471636
2.672170 1.864143
1.995830 1.099908
2.627129 0.380931
-0.415819 6.448877
2.255245 -0.350882
2.210419 -0.116594
-0.376596 6.422047
-2.169604 4.664221
0.845315 2.083395
1.066324 -0.647905
2.340076 0.021930
2.567832 -0.392704
2.332647 0.128828
-0.171986 -0.178510
3.343513 -2.850919
4.612877 5.009658
2.507178 0.718306
1.015869 -0.668991
0.879109 -0.917965
1.562499 3.519156
-3.142998 0.505745
1.253688 -1.648854
2.701844 0.246025
-0.857376 2.268080
1.016511 0.310357
5.759934 -1.446636
2.794991 -4.667207
-2.371428 0.354188
4.058177 1.680052
1.644864 -0.300485
-2.261060 4.725222
1.621940 -0.240764
2.776490 1.879081
2.867814 1.872889
-0.330181 6.388358
3.554762 -5.648345
0.258396 -0.194191
0.500317 3.008440
0.147197 3.168910
1.848514 -4.345532
3.495413 -5.569256
2.786059 0.199769
3.505294 -5.589397
-2.048810 -3.052441
1.598410 2.635795
-1.913754 0.805794
-2.288798 -0.339564
0.455205 1.383859
-0.699048 -2.023513
2.467806 5.047677
2.062954 2.764189
4.580525 1.718252
0.704216 4.300387
-1.925816 0.825674
-1.022478 3.082934
-1.997300 -4.124691
-1.448169 0.974467
0.709397 2.386504
2.467882 5.023101
1.609090 1.171893
-0.963583 -1.242035
0.798678 2.759707
2.619891 -1.146398
1.559283 1.165193
0.585710 3.447127
2.921680 1.830014
4.049230 2.806000
-4.491356 1.285345
-4.804377 -1.388721
2.137752 -3.207650
6.190349 0.615336
0.618195 4.424268
-1.881926 4.315781
3.927618 -0.653441
-2.829992 0.601792
4.830155 1.991887
1.990250 -4.237878
2.782099 -4.450896
4.548771 -0.725904
5.925247 -0.877067
4.399740 -0.626530
3.758115 2.182118
5.977085 -0.847305
-1.813204 2.047234
3.258203 1.928587
2.451385 -3.413814
0.408994 0.230551
2.402128 -0.165266
-2.478739 0.438287
-0.434824 1.068472
1.431285 -1.530642
2.434276 -0.025140
3.691659 3.126096
2.340799 0.027778
-2.237909 1.415281
-2.308722 1.286395
-0.384235 2.921913
-0.335418 2.915682
2.019247 0.033262
0.611741 1.955314
3.014613 1.980918
3.099059 0.070290
2.343844 -4.276997
2.645328 0.172589
2.475601 -0.198019
2.317831 0.177108
2.857439 0.139536
1.207645 -0.452440
-1.188815 0.886155
5.125151 4.421409
4.858310 2.728012
3.698282 1.977122
-0.399893 6.439264
-2.536001 0.496834
2.344009 -0.249737
4.999935 4.354669
-0.405283 3.123996
1.071330 -1.794674
3.098021 2.099658
4.927608 -1.400532
5.177202 -1.325395
0.912601 -1.198561
5.375589 -1.369437
2.419423 2.305537
-0.658817 -1.253570
2.205809 2.370028
1.268312 2.059481
2.553147 0.549775
-4.597885 -2.277200
-4.152904 -3.067092
-2.456568 0.329008
-4.598614 -2.284980
4.150093 -1.903698
4.149934 -1.917341
3.994328 3.366423
-2.891008 -0.681414
-0.027007 -0.881496
-5.582098 -3.035489
3.196730 1.963262
3.150835 2.347576
2.664517 0.224079
2.308950 -3.595788
5.946731 -0.819270
1.509365 2.821382
4.674019 4.942986
2.319206 -4.089021
1.724010 2.454263
2.046400 2.688860
2.329368 1.598149
2.753698 1.810022
2.427937 2.712392
5.617218 -1.099830
-1.730811 2.190438
-2.236993 1.373662
-2.202375 1.384834
-1.629912 2.257426
-3.458208 -0.729413
-0.142972 -0.792913
0.617396 5.470922
3.270267 1.877439
2.481132 -0.053691
1.412212 3.004429
-0.847592 3.292570
3.662667 1.742622
3.603809 1.774364
2.182560 2.533935
-0.121621 0.701980
3.439111 2.002847
5.601304 -1.107084
6.715462 0.400253
0.001478 0.787928
0.096123 0.091215
2.355215 0.242343
0.048004 -0.135141
0.149051 -0.252332
1.969778 -1.875833
-0.979224 3.154437
-0.279084 -0.685141
2.642108 2.533548
-2.550395 0.292115
-1.016421 1.969300
-0.842239 2.316020
5.270880 -1.220654
2.535741 -0.083460
0.648259 4.849691
0.996473 2.596236
-2.578377 -2.720776
6.459343 0.524819
2.932345 -1.422224
2.606658 -0.783663
0.235697 -0.182735
-5.534373 -3.335835
2.343736 -0.326983
-1.566213 0.256427
3.492070 1.969961
2.642676 -0.980315
2.506284 -1.710427
2.073027 -2.769044
3.607611 1.732049
-0.007704 -0.462872
1.073098 2.678084
0.766010 2.226160
3.562425 -5.662416
2.733011 1.490978
2.915622 1.531995
3.108191 2.304829
1.539063 3.504216
1.645914 2.573780
-0.698690 -2.020460
6.135560 -0.679796
2.298678 0.187681
-2.497618 0.521717
-1.356593 -3.505506
2.580857 1.872681
0.004884 -1.589705
4.600292 4.995228
1.061770 1.465656
-4.487301 1.283085
5.929968 -1.687189
2.033318 2.700412
2.774498 -4.381391
1.165363 0.307262
0.259321 -0.206706
0.590239 3.444707
3.227062 1.973324
0.297488 -0.248820
2.962597 2.371114
2.670324 0.050621
1.818890 -2.639177
1.173131 -2.062982
2.598402 -0.397348
-0.049378 0.621135
6.528593 0.511073
0.649323 3.042991
3.564192 1.691356
2.735036 1.837702
-0.851440 2.333590
-0.254191 -0.051647
2.481550 0.559249
3.503693 1.807135
-0.273778 -0.582242
-2.050947 -3.059459
3.182401 1.661425
-0.640566 2.796963
2.609587 5.148705
-2.209844 0.835746
-5.535393 -3.135439
-0.174334 2.610781
-4.803294 -1.387687
-1.212625 0.722306
1.057368 0.515778
2.780418 -4.198413
0.360193 4.407742
1.982818 -4.003632
0.644562 4.309968
1.295591 2.276496
3.390725 -2.156898
2.209065 2.608810
1.122321 0.873603
0.360336 1.142835
3.202837 -3.327356
-0.231303 -0.542507
2.367599 -0.181665
4.197382 1.968081
-1.620611 4.508546
4.296288 4.187403
2.227544 -3.616204
2.298832 -3.238435
-0.389757 6.425295
3.396448 0.995927
4.402707 3.783185
-2.627670 0.230744
2.254746 0.162638
1.642446 -0.313797
-5.545076 -3.284496
-0.556462 2.480634
3.484989 2.529430
2.639052 -0.140965
2.847790 0.216204
1.092776 1.047938
2.939427 1.937321
0.624130 4.742780
1.140262 -3.709590
1.174121 -3.727747
3.082449 2.413872
-2.833536 -0.546160
3.305652 1.924192
-1.613009 4.321029
2.188288 0.312409
1.515741 -0.619675
-1.834442 2.047451
3.530260 -1.553575
4.219235 0.765839
1.147895 -0.562093
3.059589 -3.489270
-1.862291 3.369935
3.045692 -3.497811
2.902524 -4.207744
-0.746630 4.730949
0.523029 -0.105686
-3.003479 0.588822
0.796948 0.212072
3.275019 2.404040
1.709379 -2.266547
2.344997 -3.272558
0.739267 2.211246
-1.328586 0.913906
0.755001 4.960711
1.888966 -2.641639
3.460032 1.000429
3.157305 2.078366
0.629608 4.841829
2.624545 -0.876028
1.921456 2.730729
2.015830 0.270465
0.514181 5.725507
-1.910446 4.327097
-2.198758 0.161956
3.721209 2.160635
2.323944 -3.996667
3.219955 -3.533568
-0.745659 2.794505
-0.405349 0.102525
-0.155355 5.153672
-0.319540 0.021665
-2.959877 0.428705
0.409115 3.165644
-0.494271 3.059115
2.865788 -3.830561
-0.281771 -1.602503
-2.888816 0.466299
-3.457441 -0.103990
2.542124 -3.317433
1.204080 -1.592019
1.240023 -1.621472
-1.412584 -3.542900
2.556150 0.965794
-3.444862 -0.073463
4.538401 -1.887470
2.093173 -3.649069
4.030041 -0.641450
-4.032472 0.970486
1.101059 -4.409423
1.879613 0.436867
5.146101 2.170472
5.647463 -0.869984
2.742527 0.520219
4.347949 3.953894
6.507475 2.428071
1.056168 2.433650
1.277448 -2.773829
6.503645 2.426595
2.055234 -3.521477
6.507205 2.427747
1.765888 -3.337119
4.121404 2.213263
4.122663 -1.450476
4.085257 -1.458795
4.177094 -1.430398
3.541097 -0.626106
1.716570 2.962909
-0.395303 0.427405
2.158144 1.480724
4.266546 -1.645238
4.336819 -1.523207
-0.934677 0.958978
0.673741 5.558197
-0.950391 1.004027
3.574542 -0.588185
3.545325 -0.666735
-0.500998 -2.090659
2.445477 3.522773
1.723237 -3.881641
5.043847 4.385380
2.872230 -0.070512
-0.238230 -0.826000
-1.262139 -1.492284
-4.229764 -1.196675
5.087287 4.379893
0.721981 2.186772
0.441848 4.624781
2.187779 -0.073308
1.358924 -0.113407
3.433939 -3.791521
-0.115738 5.112228
3.103115 -3.100034
-1.410872 0.338601
-1.367733 0.356331
-2.744646 2.903838
-0.071108 5.164132
4.698419 1.287266
-0.103083 5.157310
-0.011384 1.010222
4.152660 -3.551846
-0.112381 5.145363
2.529327 -3.395064
3.605108 -1.503486
4.462200 -0.308306
-1.476217 0.987248
3.490256 -3.939935
-0.882815 0.065223
-0.269062 0.112782
4.369304 4.061320
2.137635 2.766743
1.268220 -1.634363
3.601110 2.718215
1.636972 3.221621
2.674453 -0.962881
0.733827 2.916863
2.657112 -1.048005
1.585638 3.034755
5.128834 4.377490
5.147627 4.383963
5.022346 4.320820
2.273438 0.187406
-1.902086 0.779130
-0.960417 -1.962716
-0.405281 3.891781
3.061074 1.720455
1.683981 -3.525949
4.134673 2.183336
2.319230 -0.447213
4.565986 -0.744175
-2.187254 0.046151
-0.486048 -1.668771
-3.066606 -0.341797
0.409763 -1.540708
-1.992106 4.543102
-2.011383 4.594310
3.582932 2.707193
0.145052 3.110256
-1.965471 4.582117
-0.945939 -0.970164
-0.386259 4.911060
-4.176437 -0.003557
-1.988102 4.506320
0.517647 4.195986
0.460738 3.077424
2.650979 2.165851
2.971744 -2.785061
4.074823 -1.001614
1.265770 -2.741467
3.752685 1.443176
-1.923769 4.608667
-0.055895 3.087183
0.800072 0.641272
3.565820 -0.730780
6.515910 2.388872
0.672571 5.531918
1.337787 -2.729877
-0.488654 -1.515043
1.061018 4.447237
0.685747 5.553666
-1.993651 -4.128127
-0.838006 3.442162
1.111115 2.208328
-0.121545 5.158584
3.544587 -0.677647
6.500551 2.414100
5.129208 4.362619
2.683614 3.143776
5.021394 -1.542953
5.133390 -1.575045
-1.903191 0.585772
-0.638275 2.737826
-0.191072 0.930646
-0.120912 0.391958
0.046865 -1.540117
1.181720 1.048331
5.145347 2.136729
-0.583171 1.072274
1.242474 -1.637594
2.584780 0.193351
3.515173 -3.776685
2.033363 -3.725497
2.380338 -2.168393
-0.585971 -1.326990
2.048390 2.224651
-3.876310 -1.501287
2.919536 -3.631952
2.312547 -4.115870
2.437008 -3.500825
2.412824 -3.278457
-0.515781 0.187888
-0.443834 3.142675
3.246188 1.664312
-0.419948 0.097356
6.972862 0.404079
0.043127 1.348620
0.533846 4.568973
3.640783 -0.763641
-1.011940 3.451392
-2.508205 2.047386
1.166600 2.648778
-0.668091 1.657228
4.120594 -3.501864
-1.400302 0.288563
3.040181 -4.346912
2.692506 -3.365663
0.004105 -0.885449
2.396533 -2.234333
3.593283 -0.521708
-1.068066 -1.541585
1.254802 -2.740064
1.248420 -2.738298
1.340203 -2.772856
-1.315002 0.226169
4.303348 0.740858
1.187700 2.673201
2.850826 -1.421945
0.462087 5.732614
-2.498299 2.046657
-4.042505 0.946509
3.402784 -3.174799
1.807244 2.717232
-0.119942 3.069298
-0.425406 -1.496780
1.594653 1.579350
1.355539 1.812226
3.852179 2.401426
1.272706 -2.769548
1.651801 -3.653673
0.199791 -1.526482
-2.338911 -0.984520
1.068336 -0.944454
0.199262 -0.185673
0.679939 3.130205
2.365667 -2.112695
4.202956 4.153573
4.979028 2.152285
4.369759 -0.306865
4.993546 -0.579424
-4.039846 0.888431
4.997056 -0.753871
4.062426 -3.553787
-0.069202 4.956965
-0.580404 -0.735064
0.589708 4.539459
-0.566945 1.161770
-0.824343 1.052022
5.023678 -0.767510
0.169437 -1.498492
-3.055039 0.398389
-3.075221 0.354656
4.663309 0.665524
-2.238058 0.801957
-1.279478 -1.335280
-0.940413 -2.019678
3.517897 -4.009702
-0.951377 -1.945145
-0.971896 -1.992630
2.390153 -0.234068
-1.743638 -3.545845
4.663343 4.917718
-0.106823 5.073269
2.464323 -3.315219
0.891173 2.394497
1.989641 -3.679416
-0.011367 0.493954
-0.549997 -0.024686
5.223932 1.820940
7.115877 0.559174
-0.407012 3.908918
-0.550015 0.783423
-1.730964 0.705594
-3.365032 0.023025
-1.037160 -0.207797
4.980721 1.785847
-1.167781 4.275539
1.639593 -3.757818
-0.571145 0.510894
-1.457779 0.349421
0.194924 -1.626185
3.964267 -3.345025
1.906607 -4.034734
2.852212 -4.554776
4.948689 1.820359
0.899553 2.223753
4.920994 -0.678502
4.993329 -0.611225
6.535115 2.407820
4.974535 1.809564
5.021332 1.775585
6.504162 2.424590
2.275970 0.083888
5.898431 -0.914262
5.815780 -0.853674
-2.349375 -0.986520
0.165521 -0.995039
1.812045 3.009186
2.865242 3.656334
2.686816 3.566931
-0.376621 0.945113
3.240073 -2.885500
1.852319 1.991791
4.587549 5.077461
-0.699999 1.009829
4.792023 3.847645
1.860937 1.993339
1.919893 -3.421434
-0.918244 -1.714388
5.175029 2.192753
2.184572 -3.880152
-0.879482 3.383583
2.283517 -3.742670
1.832341 3.564764
5.057060 4.391222
4.180168 4.133239
2.577028 -3.161048
2.582172 -3.304890
0.169092 -0.973009
5.100599 4.356744
-0.710465 -1.752785
-1.909068 0.063457
0.841962 2.172810
0.183534 4.189885
2.412589 -3.596817
0.175781 4.179708
1.947960 2.732231
6.503987 2.428162
-0.931809 -1.466037
-1.010343 -1.274138
-1.087390 3.443537
4.395314 -0.260641
0.216828 -1.142004
0.178869 4.142805
-0.463511 0.855769
2.452391 2.315322
4.981546 -0.709129
-1.136251 4.249522
4.570086 5.009477
-0.958750 0.943134
4.112307 3.225597
4.167702 3.300099
-3.429401 -0.031711
2.539507 -3.037090
0.006537 3.143845
2.335087 -3.508781
3.702885 -3.429630
5.142501 1.879624
-0.221268 0.201671
0.861501 -1.026829
2.227084 2.433133
-1.583606 0.279922
-3.263010 0.088771
2.255758 -3.571157
-0.269649 -0.325822
-6.230133 -0.116760
-0.502949 0.172739
2.618378 -3.123235
-0.428172 0.291432
-0.209717 1.054230
2.456174 -3.616632
1.903916 -4.013134
3.558614 -0.648104
-0.080014 2.674222
1.787906 -3.952168
1.899307 0.338552
4.168952 2.227574
2.926023 4.103111
5.814686 -0.923178
4.115585 -1.967674
4.754438 -0.720232
-2.323841 0.878226
3.861908 -1.486107
5.038939 -1.436845
2.410383 -3.416481
0.217703 3.021853
6.488177 2.426816
2.718285 -3.573541
1.319747 -2.754414
-1.974192 0.630571
1.109730 0.938694
3.442060 -2.910062
0.257579 -1.813724
1.955776 -3.668114
2.550659 -0.853767
5.702186 -0.918452
2.300465 -3.785380
1.292533 -2.754574
0.486916 4.563788
1.892735 -3.762569
3.144668 -3.420845
-4.591004 -2.290025
4.697518 2.231484
3.272610 -0.385047
0.597148 4.719479
5.862726 -1.385309
4.495872 2.032103
4.513975 2.188287
-2.059726 2.992932
4.481012 -0.609252
2.475353 -3.652202
3.991492 -1.445008
-0.372777 0.089557
-1.749008 -3.557130
2.975593 2.350836
0.402780 3.345790
2.439752 -2.886044
-3.482651 2.244154
0.185874 1.354806
-0.229832 5.117271
4.497495 -1.483947
-0.408893 -0.086878
-0.467179 -1.052926
-3.480399 2.243595
4.461689 -3.856317
-4.018178 0.984498
1.602980 1.235960
-1.491369 0.942864
1.807876 3.094893
-0.789480 3.342176
-0.022951 -0.526533
0.341537 -1.637215
2.372948 -4.539805
4.292673 0.622001
-0.580184 -2.309406
3.932670 -3.477007
3.227685 1.680772
-0.558972 -2.369904
-1.499727 0.393696
-0.842545 -1.925122
3.227684 -0.169426
3.448816 -3.954605
-0.783097 1.078052
-1.928253 0.700987
-0.489861 -1.351177
4.778935 -0.695750
2.455691 -0.953953
6.525536 2.421269
-0.081020 0.750283
1.972088 0.495941
3.146807 -0.292964
4.152297 -1.911801
4.320539 2.218033
0.790440 2.249384
-0.823169 0.842977
-1.492956 0.877513
0.200889 2.734658
5.125708 4.388125
0.562555 4.733802
3.287743 -0.276296
4.198186 2.232269
2.712279 -4.217691
2.527408 -3.376404
2.817703 -3.706699
1.852252 -2.899489
-0.118931 -1.854231
4.404612 -1.101987
4.576880 -0.755397
5.009616 4.086767
4.391824 -1.380718
2.590257 -0.240497
4.694038 -1.733631
4.329812 -1.522904
2.083677 -4.089055
-2.587041 -2.608758
1.949714 -3.852485
2.414443 -3.582393
-0.195862 1.141215
2.723928 -4.451777
6.507332 2.430199
-1.051105 0.696823
2.063343 -3.048875
1.832734 -3.741411
-0.520649 -1.365775
-1.568063 -0.438546
2.819299 -1.086239
6.552583 2.367809
4.148269 -3.519537
4.118758 -3.501358
4.097204 -3.519954
5.131646 -1.554542
-0.389376 -1.516464
-0.468879 0.453328
-1.428120 -0.374806
-0.921893 0.996908
-1.018488 0.066034
-3.463936 0.629303
0.557794 4.588147
0.586773 4.687830
-3.880054 -1.506768
5.131986 4.369982
-0.904531 -1.568604
5.056710 4.332083
5.207445 4.436380
5.076473 4.124982
2.515860 -0.594606
3.221045 -2.880333
3.893069 1.272486
3.889590 1.252728
3.542133 -0.674392
1.384553 -2.801005
5.170368 2.044705
-0.329272 4.856829
0.192277 0.327327
3.415909 -4.109136
5.073654 4.389941
-0.893404 -1.213065
-1.484042 0.029961
1.850185 -4.129797
-1.607128 0.374767
-0.442499 -2.105475
2.911350 -4.251949
2.609771 2.956356
0.031988 -0.905838
-0.699156 0.409580
-0.498038 2.967912
-1.860032 0.648508
0.026278 0.079509
-0.587687 -0.746951
7.020164 0.375026
-0.994874 0.920979
2.058357 -3.120408
-0.671427 -1.139522
-6.230630 -0.116327
3.540834 -2.998364
5.542675 -1.352653
2.289929 -3.764386
-0.638835 1.682773
6.995313 0.388203
6.981608 0.397944
2.192501 1.546551
2.163214 1.662454
4.288973 0.756778
2.138399 -3.550571
-0.080080 3.048429
0.298395 3.170123
0.791332 2.146827
-1.087969 -0.089292
0.536306 3.052532
0.153432 -1.059085
3.423531 1.485730
-0.898385 3.496342
-3.072049 -0.352300
-2.258155 0.468199
0.364895 -1.796747
4.285250 1.040328
2.005373 -4.189718
4.292820 4.016081
0.136132 -0.680600
0.256112 -1.543603
1.968284 -3.254636
5.043651 -0.661596
2.360562 -3.455140
1.801414 2.842870
-0.677381 0.982534
-6.230760 -0.114840
-1.871229 0.641603
1.763560 2.936819
1.393882 -2.682764
-1.331874 -0.464326
4.641884 0.660761
2.483477 -0.439931
1.927470 2.710297
2.357764 -0.320942
4.941602 -0.700637
2.124904 1.449901
-1.268340 0.492262
4.303736 4.005733
6.525191 2.421539
-1.012850 -0.345981
4.604932 2.214017
0.637879 5.487136
2.550660 -4.444514
0.569974 5.702363
-0.342480 -1.019889
-0.304515 0.082141
-0.548680 -0.002266
4.230546 -3.794643
4.502928 -3.837707
4.487223 -3.879112
1.955307 -3.125976
2.763736 -3.539639
-0.605599 0.407082
-0.910484 0.139803
-0.486529 0.150012
-0.119685 5.130621
-0.523985 0.177882
1.268785 1.963614
6.499911 2.421403
4.341318 3.926373
-3.040749 0.386552
5.901967 -0.860883
5.927760 -0.886386
7.021548 0.375975
0.598756 4.563566
5.628973 -1.086033
-2.592645 -2.609030
-2.054879 3.020723
3.273104 -2.180494
2.577593 1.836460
3.608394 -3.503269
4.908868 -0.704695
5.911559 -1.115914
-0.500940 1.700649
0.887103 3.651956
-2.422458 0.605655
-0.720341 0.985208
-3.476298 -0.109366
-0.472046 1.306312
3.569982 -3.716494
-2.924193 0.438824
-3.079667 0.331185
6.505639 2.426055
1.538650 2.392489
4.060546 -1.509564
4.310556 -0.486828
1.960343 -3.157262
0.988474 -0.942017
1.795363 -4.014918
-1.945274 4.470925
1.594482 2.350124
0.602130 3.019817
0.628064 2.045138
2.675963 -0.133015
3.888092 -0.663737
2.321980 -0.255038
2.484617 -3.713339
2.402626 -3.730782
5.049612 4.341650
4.482738 0.670153
3.817536 0.971676
3.666175 1.001607
4.683870 -2.032269
-2.574734 0.576567
-3.467468 0.625381
-1.479330 0.329579
1.908466 2.925632
4.626847 1.241159
-1.271026 0.484257
2.017541 -4.396412
-0.000401 3.152420
-1.351413 0.239005
-2.669521 -1.773813
2.960387 -1.703317
-0.045865 3.106413
3.791579 0.940276
2.167326 1.752975
-1.303594 0.224304
3.461672 -0.661057
-1.422761 0.371187
-0.227832 1.128163
2.862499 -3.668440
2.053257 1.816828
-0.430591 1.262092
-0.281499 0.018899
3.274816 -2.416533
2.937686 -4.399005
2.371527 -3.555715
4.156765 2.231020
-0.496364 0.224542
0.949650 -0.978425
-0.305457 3.066687
-6.229828 -0.115802
5.145254 -1.581891
1.724234 3.115050
4.223119 4.141424
0.558664 3.386802
5.400689 -0.839003
1.732763 3.120150
-0.952550 0.951700
-0.208878 -0.553864
1.974238 -3.767112
0.548867 3.411187
4.954688 -0.727535
0.556977 3.376227
-1.205836 -0.816193
-0.112059 -1.841760
-0.970402 1.023661
-0.910454 0.186442
1.328868 -2.649443
-3.422966 -0.035366
-0.172946 -1.894959
5.011346 1.783754
-4.178496 -0.003412
0.160825 3.095783
2.691886 0.377207
1.046990 -4.416429
2.410532 -0.362347
2.268724 -4.178619
0.209834 -1.811341
1.924369 0.027348
0.299424 -1.858502
-0.025161 -1.640037
6.977944 0.400394
2.334495 -2.092901
4.104931 -1.833063
-1.937558 0.728881
4.483546 3.843546
7.025666 0.367584
0.712003 2.079670
4.558090 -0.715169
1.537755 1.284141
2.669106 -3.285688
-3.213970 0.249780
-1.032957 1.050682
-4.230845 -1.198876
2.162766 0.259735
-1.863144 0.474685
0.609437 3.084516
-0.909596 1.049329
-0.427572 1.194713
5.140155 1.887786
4.960589 -0.753173
2.404927 -3.307626
2.381524 -3.329673
-1.265017 0.321562
-3.098393 0.297371
4.979117 1.858411
6.697771 0.469589
-0.398988 3.881345
3.254339 -2.997977
3.279227 -3.012089
3.974129 -0.647246
3.723686 -3.092244
3.567270 -0.710173
-0.764418 0.375852
0.900411 -0.894669
-1.832729 0.634210
1.298648 -2.727418
-0.816821 1.022940
3.533788 -1.534384
-0.844453 0.970603
2.521009 -2.587845
-0.916515 -1.961869
-1.058158 -0.318408
3.837024 2.299099
-1.119432 -1.560824
4.851025 1.794706
4.517984 1.256535
1.964414 2.977417
1.963918 2.767519
6.973651 0.394203
4.147086 -3.461203
3.728535 -1.516951
4.652069 -1.360513
3.587448 -1.763913
1.797822 2.919225
-0.818037 0.424643
6.668701 0.471967
0.105262 3.262416
-6.231970 -0.116136
-6.232572 -0.116960
1.271859 -1.596820
-6.233349 -0.115785
-6.233212 -0.114949
1.635387 2.574275
-4.600887 -2.285816
-0.220609 -1.599204
0.974979 3.787745
-0.344237 0.988023
-0.281361 0.013437
1.543221 -2.765144
2.361711 -2.145478
1.870064 -3.752250
-3.411510 -1.827726
2.729459 -2.626704
-1.067499 -1.927020
5.124672 4.382717
-0.793209 1.065655
-1.051519 0.878831
1.842267 -3.344740
5.078596 4.348469
-6.230841 -0.117222
5.053928 4.315880
0.602984 5.486364
-0.705012 -0.641080
2.250896 -0.515396
1.951393 -3.853496
1.512985 -1.305751
-0.602198 2.778551
3.217900 -2.858361
5.192336 -1.474883
5.593895 -1.096537
2.916287 -2.836730
5.590214 -1.160770
2.018260 3.046334
0.312447 -0.939775
2.237863 -0.015156
-2.647783 -1.772345
4.061150 -0.626813
0.652883 5.514952
2.493841 -3.211923
0.270595 0.614125
2.715639 -0.115684
2.313848 1.592558
0.657268 2.976041
0.164142 6.030698
0.480775 3.208382
-1.992662 -4.128905
3.957838 -0.922211
3.892578 -0.882856
3.866778 -0.891121
0.264517 3.260087
5.604549 -1.190477
2.667003 -0.825877
2.219444 -3.396745
1.177236 1.003373
-2.740239 0.564664
-1.400209 0.202823
-0.079937 0.800868
1.131075 -4.399406
2.715037 2.130945
2.537850 2.256873
-2.348966 0.845160
-2.430927 0.858246
-0.160767 0.458936
-0.886348 -1.934422
-0.423332 0.166686
2.044791 -3.532525
2.239578 -3.810473
1.416232 -2.592056
0.211946 2.395244
2.195928 -3.455183
-0.126661 -0.979179
2.056742 -2.736176
-0.973819 -1.919492
2.180056 2.363553
1.950659 -2.554636
2.331272 -2.087950
0.228490 0.407691
3.101454 -4.361907
-0.277674 -0.017394
2.232055 0.166858
-1.375555 0.130080
-0.857105 -1.954275
1.795292 -3.885735
1.384251 -2.755365
1.352359 -2.855231
1.653583 3.127933
4.229781 0.844724
0.221140 3.070926
2.074070 -3.665058
0.074676 -0.395899
-0.901883 -1.654268
5.739736 -1.288710
2.310025 -3.908316
1.675562 0.680341
3.532064 1.586362
-0.199316 -0.440820
0.157483 6.038191
1.800750 -4.008356
7.017872 0.374497
4.695108 1.173145
3.502896 1.322976
-1.094772 0.555677
-0.065308 1.035830
-1.014082 -2.000771
4.996463 1.760741
2.492210 -3.641351
-3.406305 -1.846974
-0.246498 5.113758
-0.277599 5.116401
6.525197 2.396654
2.454209 -0.919951
-0.278633 -0.387009
-0.189057 0.976419
-0.349553 5.063393
-0.542811 -2.382737
4.163366 -1.805377
-1.197196 -0.758459
4.697427 0.687227
0.598383 3.306693
1.951694 -2.463481
-0.128764 -0.197193
-0.344747 -2.011632
2.224649 -4.268263
-1.412922 -3.542465
4.341772 2.214821
3.865080 -3.580086
2.178946 0.107115
6.788501 0.445559
1.437143 2.740444
4.573278 -1.809878
-0.106039 -1.587151
0.205712 0.906941
2.305474 -4.212176
6.505686 2.415524
5.917619 -0.906994
-0.273339 2.980823
3.928843 -0.659422
2.627591 -0.883638
-0.093802 -0.007455
2.554965 0.921809
2.189047 -3.234777
0.126845 -1.687432
5.964757 -1.038097
2.677003 -0.877812
2.357875 -3.342793
-0.962605 -1.877177
4.246526 3.353851
4.694514 -2.056941
-0.104720 5.153410
4.665485 0.688060
4.315540 3.645924
-0.905112 1.042387
-2.198971 0.058252
4.176227 3.306020
-1.054373 3.455273
-2.663685 0.503961
2.826567 -4.553288
2.145067 -1.792899
1.256703 0.942021
4.544234 -0.747854
1.152461 0.990307
1.158867 0.971218
2.586992 2.926935
-1.474777 -0.439902
2.256982 -3.567172
-0.803732 -0.439170
2.724623 1.831588
1.295027 -2.696887
4.844126 -0.665793
2.444571 -3.582992
3.138992 -0.252143
2.960144 4.098809
-0.594634 0.087863
-0.867350 -1.912883
4.873812 -0.673947
-2.551188 -3.014011
-2.550702 -3.014489
1.117756 1.006236
-0.472554 -1.879910
2.581239 -3.252104
-1.337082 -1.412384
2.648782 -1.050432
3.860868 -2.943871
2.656225 -4.398337
4.113697 -3.397075
2.592928 -3.364162
-0.751797 0.886471
2.797046 -1.021280
2.502461 -3.436349
4.916880 -0.656762
3.620149 -3.785023
1.248179 0.896207
0.209293 -0.367685
4.585468 -1.781451
2.988795 2.388680
1.811339 3.385700
0.117197 2.276025
1.176676 0.948366
3.016436 2.376837
-3.128609 0.269958
4.614242 -1.896107
4.349966 -1.550344
1.904146 -3.078315
5.152925 4.409046
4.517972 3.782121
2.344707 -2.094067
-1.676604 0.651989
-2.116610 4.681953
-4.231448 -1.198616
2.541450 -3.138392
-2.098255 4.680715
2.365610 -3.977330
1.563385 2.356413
3.391921 -4.254696
-2.750499 2.902189
-0.991133 -2.038289
-0.365144 5.037136
-0.326391 5.101201
1.967406 2.931069
2.682537 3.134452
-0.795603 -1.925068
2.510532 -0.184931
3.144674 -2.935644
2.510961 -3.281122
3.659770 -2.949159
-2.030855 4.550668
0.139676 1.073677
-1.931088 4.566032
2.636647 -3.260122
0.190827 -1.436777
4.057626 -3.396658
3.927828 -3.478167
2.683364 -4.388895
-1.051512 1.884805
2.037271 -3.598419
2.581610 -0.143903
-1.679134 4.486020
-0.642215 -1.685939
-3.972907 1.140622
3.580163 -4.104786
-1.624935 -3.308817
0.578266 5.651551
-2.851974 0.266291
1.877491 -1.633659
-5.535933 -3.315456
-2.570009 -3.032905
5.982797 -0.844018
2.895701 4.121904
1.457666 1.554414
2.385608 2.797911
2.441581 -1.834479
-0.598867 3.068375
2.567411 1.750371
-5.134443 0.380586
3.083100 2.340358
-2.700984 3.875674
4.914344 2.680964
2.849127 2.552479
-5.102609 0.765206
-5.101132 0.766078
2.660293 1.110186
1.799115 -4.292333
1.763829 -4.294747
3.876909 -3.598923
-5.101743 0.766865
3.935750 -3.248982
2.278283 1.270243
5.373986 -3.151433
4.798456 2.215399
3.990496 -3.147253
0.793809 -0.749230
-1.982533 -4.176885
3.843113 3.118407
1.568089 1.599826
1.587444 1.583439
-0.403724 -1.133995
2.111425 0.112132
-1.581446 4.474860
3.429967 -3.980376
2.240587 -3.018089
-0.320215 1.321465
3.946333 3.971891
5.334738 -3.154263
-2.696505 -2.763917
2.794009 -3.077563
1.243383 0.506147
0.764396 -1.156135
5.232391 -3.155380
5.283949 -3.158026
5.252638 -3.161147
1.617186 -3.835193
2.822235 -4.445466
-2.284550 0.953046
2.201964 -3.606313
-0.755540 6.400725
4.992095 4.419193
-1.977349 -4.171343
-0.371116 4.921892
-3.276667 -2.628150
-3.271080 -2.633087
2.249746 3.504337
2.302193 -3.387871
-0.682117 -0.721636
-1.041105 -2.309449
2.707188 1.178733
2.777863 1.651254
-0.298285 0.082152
3.510093 -5.609066
5.044262 4.415675
4.102309 1.543154
1.984196 -0.077157
-2.911825 2.175266
3.531094 -5.658302
-0.230364 -0.975157
3.355571 2.980444
4.989152 4.492819
4.183928 3.181950
0.669073 -0.840967
0.175343 -0.448717
1.512452 1.761125
1.731251 -2.589384
-2.832326 -0.442571
3.187926 0.126741
1.186279 3.301733
-0.485198 -2.259273
3.005623 -3.321616
2.934289 -3.348819
-0.920134 -0.294469
3.113932 -3.910465
-2.950695 0.198151
3.033311 -3.322057
-1.823866 -0.717003
0.951034 0.306428
3.741794 -4.330625
3.857867 -4.368012
2.688601 0.142897
-0.644920 3.083709
4.921106 -1.631830
1.371140 1.668753
1.359536 1.705481
3.214046 0.846649
3.240311 0.869785
-3.213267 0.375659
-3.689105 -1.027834
2.505454 -3.454970
3.534199 -5.624552
-0.365737 5.020642
-2.878598 -1.565196
4.740908 -1.638580
4.684332 -1.610475
1.295555 3.390499
0.696418 2.138711
-2.771652 -2.667018
2.378260 0.003368
0.930342 0.301422
-2.869566 -1.565239
0.018912 -0.123944
0.132942 -0.191265
4.750226 -1.643365
-1.693980 2.290966
4.435111 0.358964
1.505005 1.710255
1.181590 3.268275
1.448352 1.506374
-2.141585 4.690219
4.143058 4.044088
3.332770 -3.824824
-2.954350 -1.904572
-3.030942 -0.608015
4.634655 1.607650
-1.072093 1.054596
0.871324 -1.812779
-1.600378 2.255652
3.193222 2.426862
2.624387 -5.187600
3.272087 -1.680934
-0.792842 -3.705182
2.513050 -3.639631
3.116291 2.518576
3.164314 2.522925
3.117690 2.541568
3.055893 2.471239
-2.261517 -0.179035
3.494622 0.754697
2.055126 -3.381789
4.693037 1.880618
0.931222 -3.569646
0.055967 -0.665625
0.662063 5.561837
0.003155 -0.769516
3.560472 -5.658369
-2.748651 0.241839
-0.690623 3.179651
-0.931034 3.211217
-0.028260 3.973435
-0.841847 6.400178
3.107601 2.559696
5.722550 2.425556
5.031422 -0.802309
3.040668 -3.824183
1.211058 3.297423
-0.865819 6.406522
0.635715 0.196934
0.201704 0.380443
3.085105 5.494541
3.474783 -4.351243
2.907988 2.970985
-1.184814 4.666202
2.677982 2.141411
-4.281620 -1.650530
3.820363 2.815210
1.828396 -3.649928
-1.117242 -0.247335
-1.222591 -1.238668
-3.028023 -0.610007
3.256186 -2.315741
5.085652 4.367702
1.526173 3.431738
0.012279 2.683355
3.700054 -4.690887
-1.603284 4.295349
3.174029 0.902891
1.510994 3.453999
-2.768305 1.058282
-0.152806 -3.045407
3.324006 -2.410501
3.346960 2.917829
-0.893272 3.752808
-0.214099 2.896417
2.727573 2.946213
3.524782 -3.667822
-0.611618 3.363621
-5.103663 0.762771
2.319071 1.271405
3.484754 -4.093140
-1.557350 4.254462
-2.665228 -1.796402
3.657741 -3.718129
-0.630093 -1.282222
-0.378468 6.414440
1.521947 -3.717057
0.321262 -0.537256
-1.622340 -3.300019
-1.310484 2.900179
3.805096 -4.492106
4.445712 -0.173066
3.505610 -5.583561
-1.706465 2.278693
1.736943 0.855784
-3.304343 -4.180843
-5.548906 -3.307707
2.741825 -0.072164
3.665780 -4.388523
3.587895 -4.200928
-1.238661 2.939145
-5.506409 -3.310459
-2.585734 0.394102
-0.432988 -0.661171
0.042685 -0.144869
2.687213 -4.088114
1.423392 1.818794
3.461329 1.587636
4.630630 2.377589
2.865283 -4.556438
3.512382 0.760475
3.815473 -3.595792
0.020242 -3.069851
2.387273 -4.330371
1.525559 3.481070
3.347879 -0.082583
4.682622 -1.566903
-2.222588 4.740802
-2.137725 4.695181
1.367541 1.658122
2.847363 -3.065835
-4.281128 -1.646285
-2.106959 4.669368
2.179954 0.399236
3.716965 -4.738956
4.186079 -3.544396
-0.599929 0.581867
0.105849 -1.453340
-2.889081 2.562179
-0.793135 -3.703417
3.902707 3.202577
-2.134948 4.723105
-2.221279 4.738285
-0.396939 6.434204
-0.869280 6.388762
-0.875649 6.394111
-2.018733 -3.136167
-2.014337 -3.133494
-2.958983 -1.931213
3.729842 1.579790
-0.418438 6.459378
1.590619 -3.875002
-2.171886 4.742295
3.757870 1.559332
-2.433613 1.146483
-2.916508 -1.567471
0.142549 -0.519419
1.550107 1.616028
-2.322687 4.803325
-4.092924 0.109420
-0.717915 -0.778517
-2.954924 0.198390
-0.079598 -0.830536
1.342918 2.970027
3.207635 0.093658
-0.570347 2.562566
-0.523924 6.422639
0.375801 0.298945
3.189115 0.031500
0.951096 2.206199
0.670819 2.184576
0.691100 0.514006
-2.291540 4.777418
0.068007 -0.830435
3.508796 2.755399
-2.334379 4.746181
5.060726 4.354699
2.115813 -0.539645
-3.057023 0.449602
3.511725 -5.610203
1.111338 -3.702345
-0.911090 -1.188773
-0.792789 -1.086665
0.274064 -0.282480
-0.389033 2.853507
4.389050 -0.272618
0.912126 0.771664
-0.166876 -0.003287
1.068928 -0.971265
2.103568 -3.399702
-2.346454 0.952169
-3.977188 1.141773
0.618484 0.044488
1.575471 3.542379
3.907354 1.614812
-0.447129 -0.684533
-1.713626 2.268572
2.528301 -5.078373
4.749471 -1.669003
3.134451 1.884933
2.460754 2.904367
2.673329 -4.590684
3.375664 -1.504776
-2.359420 0.260494
-2.432825 0.287151
2.509341 3.092701
1.912754 2.339944
-0.068086 -1.560719
2.957171 -3.424202
5.150497 2.249765
3.469840 -1.496930
1.328786 -0.671307
3.248760 -1.446723
-1.395818 -3.839516
-1.977807 -4.162202
4.249960 -3.564723
1.476382 -1.013250
0.785473 -1.146251
4.178816 3.329215
0.613098 5.700507
-3.530371 -1.656148
-1.113016 -2.340359
1.567706 3.506529
3.509789 -5.645270
0.154421 -1.642748
4.631719 -1.648177
0.650731 5.261520
1.172501 -3.711225
2.105225 0.466693
-1.237604 -0.727673
-1.242009 -0.451409
3.073533 5.498337
5.220488 -3.157293
-2.875245 -0.730042
0.080139 -1.925755
4.118669 3.220248
4.293235 -3.601966
3.548151 -4.225819
0.590262 5.624756
1.856798 -4.098413
-1.412263 0.217974
-0.538041 -1.251285
-1.413635 1.691924
3.284339 1.266761
1.858969 -1.559547
1.479553 2.288888
-3.822422 -1.736356
-0.897459 6.383630
-2.123398 0.781026
-2.130760 0.636708
-5.503848 -3.318909
4.473377 -3.615130
3.000269 -3.366704
2.678432 -3.191565
2.663664 -4.913437
-3.545271 -1.709925
-5.554173 -3.327276
-1.690057 2.284049
-0.795968 3.321778
-2.457969 -1.334687
-2.924265 -0.625582
2.550655 -5.045349
-4.164341 -3.077954
3.728992 0.707609
1.527978 3.451436
-0.418613 6.463602
3.796273 -2.955755
0.789373 -2.408137
2.184017 -0.063267
0.815988 -1.178460
-2.326617 0.971605
-2.382562 1.840569
4.708084 -1.606948
3.162003 -1.473045
1.556217 3.228607
3.851054 -2.955194
-1.117457 -1.192298
-0.584450 0.120509
1.118336 -3.673266
4.624177 3.701807
1.130725 -3.679756
0.949938 -3.568955
-1.852298 -0.717358
3.697411 -4.635240
-2.601145 -1.494339
0.018011 -0.768254
-1.571043 0.609197
-0.286759 -0.114540
0.921429 3.455399
3.775187 -4.212096
-0.765563 3.224092
-2.957839 -1.588727
-3.791904 -1.768243
5.346120 -3.156957
0.638319 5.680429
3.248875 -0.913740
-2.891392 0.286565
3.943323 4.118721
-1.587209 0.583147
-3.303510 -4.180220
1.785008 0.802473
-0.314067 0.078428
3.582899 -3.030519
-2.189854 4.717349
0.832423 -1.190501
-2.031824 -0.048620
-2.153519 0.771555
1.614426 -1.094753
3.434523 -1.726042
3.027277 5.452981
0.542351 5.763950
0.601384 5.675408
3.226737 2.207035
-3.695025 -1.017073
1.884283 -1.637668
2.842009 -4.375479
0.616752 5.509184
0.648065 5.551758
-3.150327 0.463789
0.566520 5.415886
2.345956 -4.474483
-0.881470 -1.150270
1.044238 -0.950283
2.789833 -2.674893
1.686302 -2.231899
3.528523 -4.095198
2.644588 2.792901
2.499481 -3.604522
5.281203 -3.154059
1.770743 0.827034
-0.739294 0.285715
5.296299 -3.163984
-2.900667 0.213047
1.765156 0.845696
5.201215 -1.421474
-2.459387 -1.322629
5.026458 0.012905
5.101242 0.073835
-3.305668 -4.183296
-3.294053 -4.167328
-3.305386 -4.179251
2.944603 3.999366
-0.550470 -1.625539
2.807643 -4.370653
-3.303260 -4.179846
-0.578107 -0.721625
3.353837 -3.591785
0.325517 -0.191191
1.191960 0.949197
3.507662 -4.043584
2.808692 -4.430512
3.050782 1.279375
1.969828 -3.438213
4.234678 2.297512
2.757153 -2.615518
2.150616 -3.604239
3.671920 -4.619823
0.005947 1.247452
-2.641917 3.894681
3.479601 -0.129312
-0.665674 -0.788768
4.109408 -3.548578
-2.400987 1.827705
-1.167889 -1.091055
2.414069 5.087862
0.340324 -1.740530
3.745512 -4.245063
-1.385276 -1.406310
3.614202 2.374176
-2.293749 4.782513
3.582263 -4.380716
2.195713 0.329243
1.665909 0.867778
2.440730 5.096741
-2.871645 -0.556301
0.047587 1.021697
3.734586 -4.408669
1.521856 3.458003
4.074446 3.193465
-0.939294 -0.964921
1.507643 2.291294
1.037066 -0.878813
2.736892 -3.367626
3.034068 1.203373
-2.715277 3.820156
-2.666828 3.876606
-3.675745 -2.438134
2.312814 -4.433393
3.658215 -4.270661
1.442150 2.234549
-0.501750 -2.233638
-0.899939 6.377957
3.131772 5.567552
-0.396532 -2.234688
-0.388567 -2.299953
-0.423967 -1.986817
-3.152700 0.345800
-4.849345 -0.143419
2.204792 -3.297394
3.568561 -4.153769
3.623578 -4.171457
2.256652 -3.344944
3.508523 -4.116457
-1.382987 -1.122675
1.928379 -3.294134
2.607334 1.823221
0.112908 -0.623197
1.797113 -4.250490
2.806158 1.994318
3.546104 -4.153952
2.411462 2.728401
3.600763 -4.193197
-3.665459 -2.436708
-4.848102 -0.145465
-3.020509 -1.006773
2.060263 -3.302816
1.203536 3.120468
3.395284 -3.554031
2.875466 4.097773
3.646113 -2.550822
1.560456 3.526503
3.630855 -4.182029
4.380876 0.446736
-2.382116 1.165767
2.241756 -4.377088
2.923107 4.077940
5.897907 -1.602914
3.497094 -2.676389
1.962140 2.476325
2.404784 3.476732
2.260586 -3.270023
3.476186 -2.863458
-1.373480 -1.363601
1.900234 2.425256
1.950084 2.471189
0.907809 3.969013
2.252055 -3.235808
0.362912 1.806583
-5.139879 0.375476
-3.276721 -2.626058
-0.777264 -1.157688
-0.705549 -1.088106
-0.944966 3.208724
-0.629394 3.400530
1.629265 -1.429850
2.876815 1.823487
2.210543 -3.308643
6.539461 2.356274
2.407725 -3.459582
4.702795 -1.639453
0.794878 -0.895069
-0.866329 6.403708
2.640934 -4.927197
4.429822 -0.264187
6.532596 2.376830
1.831008 0.852593
3.071590 1.848270
2.320975 1.281554
-3.596964 -2.082760
2.804579 -4.589404
0.081593 -0.885034
0.842174 4.290864
-1.072136 -1.326086
-2.697512 3.834167
5.103352 0.062803
-1.952179 0.382745
1.186144 -3.698956
3.497798 -3.078939
-2.259594 4.738291
0.971827 -3.551602
-2.916829 -1.555909
5.046840 0.025011
4.059186 4.099638
-0.471360 2.845604
0.253903 1.393117
2.890855 2.607467
0.377366 1.423305
-0.199914 2.683472
2.040817 0.136461
-1.358265 -0.383766
3.888903 -3.585214
4.893537 2.679073
1.997485 -3.590072
0.105721 -0.686902
2.430479 -3.473808
2.324951 2.921230
2.594405 3.346289
3.821080 2.774350
-0.532273 0.464065
-0.968753 -1.264374
2.591712 2.843640
-0.724220 3.228366
0.239232 -0.183828
-0.223667 0.155847
1.959617 2.783143
-2.928699 -1.534627
3.374513 1.553154
1.922268 -3.247858
-1.472808 4.477961
-2.726167 1.056269
-3.066027 0.410317
2.280852 1.248980
2.554991 3.065285
2.963616 -3.281933
-2.226267 1.293381
3.193269 2.466202
-3.221622 0.260207
4.285532 3.757117
-2.057180 -1.655273
1.677285 -1.177961
-2.365826 1.156501
3.457361 -4.041718
-2.261588 4.800935
2.942604 -4.377140
-0.247210 0.135039
-3.268913 -4.143345
3.137121 5.544959
-0.878915 -0.271027
2.356708 -0.361080
-0.076431 -1.108533
5.005843 -0.015940
5.304113 -1.301014
5.085594 -1.452803
1.439430 2.316448
1.501080 2.279101
3.125287 5.549625
4.062068 4.034643
-2.303812 4.731930
2.444137 2.909983
3.718671 -4.711565
1.123505 0.077652
3.323971 1.448450
1.348989 3.032263
3.214113 2.827592
-4.338792 0.585570
3.646606 3.755315
3.833275 -0.345884
3.840293 -0.348650
3.147825 5.425300
1.116672 3.355204
1.408671 3.203588
-2.335208 -0.386667
3.713125 -4.714061
3.536525 -5.628271
-2.279175 -0.430532
-3.027036 2.762032
3.130371 -4.642605
4.246435 2.314317
5.122752 -1.446365
4.866340 -1.612264
3.783177 2.821461
-2.886164 2.561244
3.279069 -2.316140
2.919877 -1.408683
2.113529 0.274868
4.194861 2.313125
2.172113 0.546568
3.900611 -3.386412
3.182131 -0.959736
1.982798 -0.549308
2.897064 1.710222
3.064009 1.026372
2.616065 1.794927
1.486418 2.350200
1.559646 2.402695
-0.177351 0.956257
3.102845 5.522316
0.813534 2.316026
-2.953493 -1.578130
-0.506076 2.891199
0.591116 5.487620
1.224714 3.206265
4.116153 4.084421
0.074416 0.995867
-1.489342 -0.888982
-0.519603 3.131343
-1.264869 -1.266823
-2.190479 -0.449292
0.711156 0.302444
3.372301 -2.766402
1.408675 0.307126
-1.349608 -1.187321
2.369650 2.810778
3.095418 2.268919
0.579841 5.737255
-3.675723 -2.442115
-5.552107 -3.341976
2.899492 2.015082
0.006278 -1.318066
4.660963 1.556691
0.991660 -0.793208
-0.558097 -1.675005
2.051044 0.126053
-0.458613 0.255759
1.794606 -4.322800
2.909402 4.111229
2.348269 -4.346360
-0.665242 -0.752455
2.295645 4.902088
3.340090 -1.694323
3.365464 -1.685580
2.500695 -4.269007
1.880977 2.674290
2.879859 1.363591
4.730668 3.825661
-2.263199 1.031471
-1.688109 4.442796
2.485024 -2.811995
3.140308 5.571133
3.778125 3.041979
-4.340244 0.586477
0.047508 4.056707
-0.449692 0.547753
-0.353574 2.939064
-2.918335 2.179730
0.114944 -1.066625
-0.458016 -2.210644
-0.971006 -0.618305
-1.064056 -0.519912
-2.705712 -2.766179
4.490179 -3.602867
-0.462636 -1.976974
2.459014 0.101772
1.761495 -0.816882
-0.526066 3.155880
-2.833380 0.422676
2.605850 0.353737
3.346716 4.115846
3.709192 -4.411906
1.111600 -3.699473
2.266616 -0.263279
-2.773930 -2.663039
4.652767 -1.628875
-3.155829 0.369655
0.050390 0.010492
2.083397 -0.168576
3.517393 0.761582
0.667973 -0.815147
3.021861 5.465537
5.240931 -1.326382
2.090568 -3.437477
-4.281175 -1.642247
0.003113 4.002897
-1.226506 -1.082305
-1.395584 -3.840369
4.908841 2.673183
-1.711519 2.295690
-4.285626 -1.657978
4.019228 4.122181
4.039711 4.047275
4.084272 4.081271
2.374606 2.749398
3.522703 -0.883263
-2.063407 -1.651302
2.694369 -2.546087
3.991117 3.973327
3.129107 5.544081
1.421227 2.234946
-0.484752 0.151833
-1.631174 0.881255
-2.150334 4.730395
-2.937184 -1.494991
-0.153147 -3.041047
1.516555 2.430753
0.975907 0.410539
3.715711 1.583594
1.419116 -3.712752
-1.736752 -3.143017
2.438858 -3.464866
-3.019285 -1.012437
1.635945 -1.182452
2.134693 -2.680550
2.938821 4.083908
-0.297125 4.096787
0.632442 5.541746
0.643987 5.578620
2.325726 4.918329
-5.520981 -3.304214
-2.768746 -2.664448
1.782745 -1.650612
-0.274904 0.865610
-0.628981 3.133235
0.688202 2.412178
-1.733639 -3.146715
-4.101286 0.112715
2.663042 2.952359
2.770918 -0.021416
3.063565 0.841995
3.091531 2.645120
-1.182392 -0.887883
0.831685 2.160833
0.230253 -0.504812
-3.669602 -2.435860
0.928908 -0.805191
5.245261 -1.297392
5.298838 -3.158551
-0.385695 6.425395
0.003477 3.983710
-2.334225 -0.425210
2.510235 4.951422
-0.615983 -0.706737
2.058907 -0.896596
5.088936 4.415007
4.541704 1.478929
2.566699 -3.522858
1.311002 -1.603198
4.686729 -0.479406
0.277415 -0.267952
1.070208 1.035298
0.633943 5.179054
1.344749 -1.598828
0.963778 0.373957
1.700016 2.518290
3.175178 -4.448994
2.341983 -3.047160
1.627144 -1.294358
-0.610511 3.140163
4.088053 4.105135
5.303027 -1.297321
3.355701 2.993412
1.572534 3.516787
-1.644507 2.266555
-4.170889 -3.081565
-2.666254 -1.798750
2.625024 1.851796
3.138499 5.525033
3.163464 3.946496
-0.612514 -0.007614
-0.355057 5.015244
2.531535 3.397427
0.666468 -0.901915
2.934545 -1.395413
4.179418 1.155938
-0.023738 -0.647243
-0.258899 1.206314
-0.568575 -2.242664
3.582870 0.817744
-1.153949 -1.319097
-0.895560 6.398180
-1.384164 -0.876065
2.394872 4.963807
-1.521436 -1.029532
-0.360910 5.007634
0.163220 -0.180468
3.317469 1.780828
1.776915 2.587162
0.418983 2.164956
0.145167 -0.517388
4.126612 -3.552283
3.259653 2.206859
3.054027 -4.301525
-2.649553 -2.539429
-3.528460 -1.655738
2.447694 -1.792624
3.750012 -3.491637
3.537389 -0.796287
3.858351 2.905149
0.079368 -1.359293
2.506113 5.014598
-1.271150 -0.581955
3.853179 2.883758
3.664274 2.771144
5.705020 2.401752
2.382437 -1.770453
0.212216 -0.149629
0.124018 -1.820385
0.041123 -0.065388
-0.611531 -1.175077
-1.918433 0.693014
4.696635 2.256521
0.020822 -3.066576
-3.547904 -1.709272
0.276623 -0.261116
3.718517 0.696080
3.459302 -2.613214
5.660875 2.398561
4.820919 -1.647585
0.084997 0.951512
2.726025 -0.101747
2.873075 -0.122119
1.347600 -2.629289
-2.650735 -2.542204
-0.297324 1.206198
-2.928482 0.204207
-0.986843 1.025195
0.955828 -0.928502
0.831387 -0.961604
-3.615541 -2.045879
2.211239 -3.362791
0.794276 -2.416985
-3.541461 -1.654284
3.508679 -3.950160
2.410959 -0.501210
4.532806 -3.626726
-2.598500 -1.495895
4.752812 -1.603784
4.505051 -3.605845
1.491275 0.354473
3.554725 0.740976
-5.545084 -3.360615
0.586278 -1.809522
5.195468 2.259242
-3.591295 -2.089065
-2.714164 0.524315
1.307975 3.172730
3.411646 -0.124157
4.648915 -1.723606
0.170240 1.206136
1.540753 0.363289
1.227317 -3.688371
-0.602462 3.287428
3.111315 5.534989
4.100772 3.041914
-0.742044 -1.095254
3.034116 -3.457012
-3.030422 2.764675
2.998657 1.015987
2.788398 -2.540559
-3.248466 -4.123318
0.325589 2.134848
4.136787 1.516490
4.033124 1.663575
2.083273 -0.626481
2.175575 -2.694855
1.399502 -0.776614
0.239551 -0.291736
3.523192 3.717045
0.119974 0.446386
3.256854 4.046787
-0.358935 5.016763
0.686725 2.167583
0.663629 2.116433
-1.532812 4.494411
2.674574 2.071018
-0.290048 4.086029
-2.316299 0.162057
1.019561 2.191226
1.800390 -2.095590
3.671343 -4.163056
3.504833 -0.097060
-2.405152 0.314391
-2.570755 -3.034029
1.068572 -0.971868
-2.383782 4.791446
4.910507 2.668367
0.938293 0.826866
0.871496 0.799649
-5.134718 0.384606
-5.132365 0.386322
-2.235332 4.729762
-5.131168 0.386453
-4.844229 -0.145934
3.545003 -2.175355
2.809623 -4.452344
3.754468 -3.272438
3.721438 -4.291480
5.913061 -0.884379
1.930826 2.827646
