195 2
2.128913 0.022419
1.925697 -0.289868
2.743504 1.248688
1.026067 1.970008
-3.809117 0.747658
0.857454 1.711716
3.178702 1.849277
2.902165 1.185321
-2.593637 -1.392403
-1.969738 0.687945
0.338872 -2.802471
4.711002 2.790554
0.182372 0.120174
0.442892 0.696376
0.408578 -0.030551
-2.116562 4.445293
-2.113359 4.431120
2.593187 -1.270032
-2.076557 -1.422311
1.219072 0.670008
-1.941110 -0.836681
-0.605205 -0.515707
-0.418132 -0.429292
-2.281911 -1.613348
1.604272 -0.735087
-1.922446 -1.685186
-2.658901 -1.588291
1.849482 -0.945950
1.190619 -2.662089
1.068832 -2.494473
-1.652350 -0.342216
-2.646227 0.731903
0.113181 -2.712666
-2.414657 1.264815
1.156787 0.713116
1.505156 -0.568104
1.606960 0.556607
-4.041140 0.505666
-2.565179 0.808210
-2.379547 0.232895
-0.034479 -1.209657
0.861025 -1.746888
1.006877 1.926017
-0.145724 0.328577
1.454937 0.615528
0.340924 -0.277531
-0.394290 0.077599
0.081265 -0.325915
0.304337 0.163645
0.120148 1.008980
0.309616 0.270318
0.534692 0.370787
0.439029 -0.081456
-0.097045 -2.533530
1.897592 1.516621
0.307898 -0.063816
-1.821383 -1.740246
0.045725 -0.308839
-0.023648 -2.946587
-2.997044 -0.146358
-0.376453 -2.450207
-2.071928 -1.541444
-2.615528 1.216395
0.941289 -2.078220
-0.031763 -0.108809
-2.170795 -1.622222
-0.376838 1.100463
-0.149788 -1.239173
-0.068874 0.153585
1.967755 -3.112230
-1.697662 -1.424034
-0.661705 -5.627872
1.870199 1.462513
-0.662016 -5.628507
4.709278 2.790370
2.727256 0.461216
2.947510 1.367240
1.392904 -0.140071
1.033331 1.926969
-1.635803 -0.631452
-0.787877 2.462313
0.719912 -0.751998
0.222358 0.591555
1.525199 -0.697646
-0.595971 0.332762
-2.174300 -1.621258
0.660341 0.169696
0.303870 0.451806
1.700172 -2.873703
1.666862 2.632762
-2.005996 0.606373
-0.084597 -0.297108
-0.331792 -0.269252
-3.648531 0.026807
-2.573307 -1.615545
-3.697423 0.258351
-1.977296 -0.419687
1.663208 2.639933
0.769222 -1.815875
1.455620 0.350955
0.173966 0.069203
-0.709657 0.799792
-2.528891 0.780209
-2.611515 0.299136
-0.986590 0.619533
-2.544608 0.626898
1.012763 0.583359
1.759742 1.691699
-0.335853 1.068823
0.741389 -2.084435
-3.956766 0.547303
-1.173757 0.863394
-0.920942 -2.807432
1.746158 0.888289
0.840109 0.162754
1.424431 -0.546146
0.234383 0.133896
0.262398 -0.115979
-1.186987 -1.646867
-0.539782 0.042425
1.768538 -0.887403
1.991602 -0.191343
0.952391 1.832359
-1.766295 -1.533588
4.273819 -1.459796
4.273541 -1.459399
0.446793 -3.047962
-0.567115 1.051666
-0.037334 0.481370
0.088748 0.073443
-0.782409 -1.899597
-0.799733 -1.878799
1.103992 0.436218
2.528067 -0.268787
0.020525 1.589530
0.059109 1.394089
-2.471436 -1.681653
-2.611802 -1.788710
0.248793 0.666096
-0.690008 2.377687
-1.072295 0.203453
-0.190871 5.085392
-0.653164 2.354199
0.332154 -0.036291
3.144390 1.793266
0.195000 -3.032856
2.589134 -1.269774
-2.496082 1.128782
-3.196635 0.321122
-3.795555 0.493206
-0.456083 0.163597
0.946632 1.829277
0.416435 -0.117317
-0.401857 0.388594
0.057389 1.482450
0.177867 -1.932199
3.193291 1.867110
-3.569695 0.205889
0.051300 -0.136270
-1.258041 2.481796
-1.336312 2.505636
-1.311447 2.480327
0.201107 -3.096333
-0.804558 -0.775533
1.235030 -2.754908
0.084970 0.328024
2.326006 0.317678
2.190458 0.205796
0.073573 1.508405
2.592119 -1.307517
1.118952 0.078843
-2.285197 0.861840
-1.118397 0.318788
-0.181002 1.463766
-0.339974 0.700839
-0.562088 -0.074295
-0.268416 0.864107
-0.084991 -0.080363
-1.836818 -0.478417
1.711122 -2.912360
-0.516329 1.212424
0.191994 -3.249453
2.952396 1.390249
0.231849 -3.524772
1.629065 2.675427
1.691867 2.527444
-0.190769 5.083692
1.772037 -2.933144
1.867698 -3.022160
1.288659 -2.715606
0.674753 -1.888640
-3.631655 0.126168
-3.693433 0.184653
2.064028 -0.282852
-3.781182 0.087163
