347 2
-0.242145 0.632924
0.303116 -1.030995
-0.387293 1.060293
-0.723026 -0.834500
-0.234453 0.465190
0.217496 -0.834597
-0.141832 0.711997
-0.225064 -0.490647
-0.052009 0.810352
-0.163508 0.844303
-0.028709 -0.090595
-0.023802 -0.071385
-0.264725 0.994271
0.300373 -1.089969
0.014297 -0.017322
0.022638 0.929015
0.324808 -1.023385
0.018987 -0.027569
0.331058 -0.884642
0.316765 -1.007877
-0.146481 0.820300
-0.247475 0.805947
0.245148 -0.410615
-0.243891 0.356793
-0.232973 0.821738
-0.260311 0.888447
-0.222522 0.884923
0.353787 -0.988397
-0.340442 1.234789
-0.396754 0.795107
-0.027692 0.897272
0.406430 -1.021834
0.394676 -0.566546
0.076210 0.635565
0.331984 -0.427450
0.044677 0.430932
0.225289 0.089380
-0.125191 0.877146
-0.158805 0.950740
-0.292617 0.943100
0.330127 -1.060459
0.394881 -0.569025
0.029155 -0.021619
0.380307 -1.101958
-0.355313 0.856111
0.346506 -0.437636
-0.092449 0.542077
-0.230438 0.535390
0.184533 -0.710374
-0.103692 0.973580
-0.027669 0.301509
0.146995 -0.756836
-0.298252 0.571632
-0.156767 0.994009
-0.314066 0.831846
-0.293898 0.829357
-0.219248 0.304593
0.227962 0.723255
-0.247727 1.000575
-0.054240 0.756430
0.028404 -0.516454
-0.129214 0.752283
-0.187626 1.007971
0.097298 0.706282
-0.072358 0.746374
-0.298819 0.707297
-0.230786 0.872099
0.362959 -0.473324
-0.066865 0.754285
0.242132 -0.710186
0.132385 -0.413640
-0.205415 0.813131
-0.229147 0.722365
0.018854 -0.076500
-0.006745 0.647668
0.094019 0.834136
-0.176615 0.785458
-0.731829 -0.868658
0.012659 0.753640
-0.230047 0.375037
-0.208846 0.071241
-0.148324 1.089321
-0.179684 0.638001
0.057490 1.013863
-0.052917 1.069363
0.285856 -0.465499
-0.116775 0.831679
-0.225694 0.877995
0.230962 -0.833464
-1.122129 -0.505978
-0.241717 -0.494908
-0.289412 0.329473
0.369670 -1.028115
-0.406269 0.273771
0.210745 -0.840053
-0.077292 0.806677
0.083104 -0.629488
-0.320016 0.968974
0.338378 -0.452999
0.049167 0.728549
-0.285698 0.396597
0.356075 -0.436471
-0.250292 0.924233
-0.233162 0.932334
-0.042923 0.922797
-0.171841 0.825687
0.131359 0.729422
-0.009892 0.497516
-0.314910 0.906963
-0.237843 -0.500204
0.318792 -1.001314
0.335045 -0.892984
-0.228308 0.864200
0.008311 -0.052646
0.307007 -1.023243
0.335076 -1.064570
-0.393072 0.844117
-0.287957 0.951443
-0.209892 0.960168
-0.087017 0.874829
-0.011757 0.847784
-0.217148 0.833550
-0.320366 1.021941
-0.305306 0.544883
-0.210764 0.673953
-0.175503 0.637981
-0.003739 0.548703
-0.105876 0.807413
-0.042598 0.863300
-0.152984 0.611798
0.332013 -0.451110
-0.345211 0.713134
-0.057012 0.843058
-0.330527 0.896746
0.116314 0.419684
-0.086945 0.897484
0.322793 -1.044332
0.347273 -0.894042
0.038938 0.473328
0.318037 -1.031385
-0.277153 1.081196
-0.313929 0.792189
0.355181 -0.428002
0.320895 -1.010971
-0.858653 -0.816893
-0.068058 0.849994
0.169979 -0.796240
-0.269313 0.921897
0.315651 -1.005619
0.046252 0.695530
0.360022 -1.040675
-0.701191 -0.750344
-0.064067 0.714421
0.190253 -0.896761
-0.299646 0.402402
-0.223326 0.734236
0.036751 -0.031273
-0.335243 0.821091
-0.018992 0.538854
-0.467835 0.541767
-0.123991 0.691790
0.327433 -1.019287
-0.237573 0.420516
-0.162347 0.570227
-0.333402 0.905930
0.146302 0.585715
0.341954 -1.046007
-0.192915 0.839290
-0.192580 0.870979
-0.199974 0.939207
0.085316 0.722334
-0.210054 1.051854
0.011323 0.559319
0.337765 -0.884233
0.463012 -0.631964
-0.361846 0.974014
0.329019 -0.473170
-0.253851 0.734641
-0.894676 -0.775891
-0.168102 0.386407
-0.721515 -0.824255
0.082380 -0.301615
-0.428073 0.924413
0.036071 0.445958
-0.254006 0.908868
-0.229126 0.795725
-0.230649 0.358100
-0.336166 0.871299
0.005465 0.753995
-0.029521 0.765233
-0.228872 0.398185
0.183278 -0.763893
-0.206675 -0.502181
-0.248188 0.340910
-0.734084 -0.863289
-0.289383 0.500883
0.018853 0.564150
0.242120 0.582800
-0.131696 0.911770
-0.301323 0.842871
-0.262149 -0.508691
0.043532 0.615881
-0.154800 0.901245
-0.211977 0.486344
0.199393 -0.825150
-0.253412 0.748697
-0.439754 1.174803
-0.012835 0.824937
-0.031602 -0.069624
0.007026 -0.035020
-0.201710 1.073741
-0.320526 1.038193
-0.191080 0.687701
0.329092 -1.039994
0.021036 -0.047303
0.340397 -1.061216
-0.024593 0.675503
-0.730180 -0.875675
0.205418 -0.817748
0.279432 -1.027535
-0.267531 0.795369
-0.499820 0.851584
-0.168256 0.977690
-0.215330 0.600289
0.328285 -0.422120
0.326501 -1.017600
0.330858 -0.599528
0.016195 1.041460
-0.201941 0.762433
0.202379 -0.610136
-0.153943 0.708832
-0.252572 0.599529
0.894440 -0.556710
-0.047712 0.908794
-0.153718 0.789183
-0.195822 0.978940
-0.073747 0.242729
-0.309501 1.003706
-0.169445 0.860427
-0.227151 0.610747
0.240016 -0.584897
-0.274352 0.393349
0.344279 -1.054512
-0.059803 -0.683723
-0.188469 -0.426276
-0.201686 0.874751
-0.163372 1.042727
-0.159022 0.788995
-0.234449 0.509019
-0.452363 0.821522
0.037438 0.467952
-0.241644 0.995056
0.224916 -0.651440
-0.219561 0.477724
0.119658 -0.746679
0.893005 -0.556162
-0.177117 0.708430
0.023166 0.607752
-0.234978 -0.502717
-0.207923 0.795968
-0.294206 0.865737
0.203001 -1.024363
0.358227 -0.422063
-0.233028 -0.489825
-0.285285 0.931592
-0.263106 0.358990
0.227031 -0.399013
-0.156890 1.028593
-0.084876 0.654236
0.158930 0.834045
-0.195315 0.870140
-0.098762 0.715906
-0.727253 -0.851714
-0.108099 0.916394
-0.721453 -0.827395
-0.020256 0.850978
-0.122593 0.870804
0.355345 -0.496989
-0.190575 -1.018432
-0.088386 0.811498
0.016008 0.498645
-0.056255 -0.685662
0.001436 0.985035
-0.012045 0.598455
-0.210866 0.803257
-0.211145 0.090981
-0.011672 -0.047050
-0.188383 0.201512
0.285287 -1.023543
-0.328135 0.840998
-0.088909 0.879020
-0.017502 -0.044600
0.298433 -0.473816
-0.219267 0.675804
-0.172228 0.627582
0.358697 -0.413397
-0.209700 0.878693
-0.310947 0.666392
-0.385934 0.217567
-0.179454 0.457589
-0.174916 0.749974
-0.263992 0.388655
-0.289991 0.734122
-0.383964 0.863308
0.249354 -1.117553
-0.729409 -0.867295
0.079158 -0.207853
-0.223486 0.730908
0.055645 0.464031
0.381078 -1.021658
-0.202070 1.135987
0.329049 -1.006873
-0.217458 0.959888
-0.096809 0.729490
-0.213962 0.710437
-0.300746 0.441813
-0.334005 0.619774
-0.345774 0.866652
0.256950 -0.836350
-0.032270 0.435388
0.258317 -0.383797
-0.247281 0.765456
-0.137669 0.816977
-0.160329 0.977480
-0.334551 0.910865
0.331314 -1.003347
0.272246 -0.813679
-0.731160 -0.862757
-0.153545 0.813418
-0.188925 0.512081
-0.247604 1.065909
-0.233924 0.842042
0.346265 -1.048582
-0.291210 0.925094
-0.013676 -0.039549
-0.183747 0.667162
0.336565 -1.065508
-0.213584 0.993374
-0.118481 0.781126
-0.196475 0.911645
-0.137588 0.934658
-0.167644 0.999858
0.331482 -1.025128
-0.372618 0.790413
-0.131944 0.771921
-0.195457 0.634802
-0.244768 0.787589
