77 2
-0.259366 -0.716348
-0.110972 1.127368
-1.018619 0.339701
-0.814565 0.014722
0.645096 0.326751
1.609442 1.009292
0.731368 -0.750600
-0.584544 -0.682297
-0.083740 0.824790
-0.804773 -0.080597
0.278803 0.276502
1.221124 -0.015792
0.380632 0.270706
-1.014471 -1.045439
0.430632 1.099642
2.172345 0.120991
-1.676897 0.198652
0.367016 -2.084563
0.250557 -1.529145
-0.955591 -1.704897
0.140837 -2.138610
0.615830 -1.882174
-0.432521 -1.569170
1.202663 -0.801565
-0.184979 1.368069
-0.097053 0.511512
-0.419405 0.028429
0.242579 -0.626099
1.398419 0.930796
-0.320406 2.130055
1.421665 0.535062
1.294477 0.933598
0.692976 -0.680486
0.579637 0.070660
0.845570 2.075593
0.051963 0.634426
0.936586 0.905979
0.599081 1.072821
-0.708797 2.180986
-0.436674 0.781494
1.564814 -1.784763
-0.832781 -1.332030
0.389750 0.496628
0.524558 -0.348535
0.960743 0.295270
0.131371 0.400159
-0.363676 -1.048538
-0.416697 -0.186137
-0.456307 -0.199484
-0.247596 0.156845
0.252472 0.472320
0.186245 0.230125
0.051621 0.329536
-0.695650 -1.184036
0.050202 -0.275840
0.555044 -0.820110
-0.652414 -0.317077
0.467138 0.520797
0.397726 0.304533
-1.976848 1.460529
-0.882522 0.532766
-0.501764 -0.014820
-0.749978 -0.375237
-0.652263 0.204488
-0.529025 -0.547847
0.494062 0.339814
-2.118806 -0.059371
1.020897 -0.072378
-1.439903 -0.647150
0.012677 0.297129
0.290088 -0.316075
-0.049458 0.311848
-0.966608 -0.842657
-0.291009 -0.187407
-0.151818 0.889995
-0.146790 0.327849
-1.413441 -0.472369
