554 2
-0.880590 0.884192
-2.438160 0.660136
-0.725050 -5.442376
-0.221452 0.461804
-1.353625 -4.747215
-1.117076 2.292680
-2.540100 1.044670
-1.959906 1.288007
-0.891810 0.900267
0.319069 -1.432040
-1.009642 3.240220
-1.842213 1.437469
-0.103195 -3.786473
1.503137 -4.860624
-3.632115 -0.723387
-1.572005 0.959802
-1.416834 -0.099505
0.116333 -1.285102
-1.508805 1.137534
-0.369450 0.833531
1.185874 0.236686
-1.896909 0.908430
0.284448 -3.361386
-1.463768 1.533496
-2.411539 0.954378
-0.921136 2.148234
0.353507 5.604404
-2.438557 1.438288
0.023624 0.567594
2.510738 0.374630
-0.583549 1.217351
-3.070453 1.645160
-0.416474 0.790608
2.028658 -2.696124
0.118777 -1.263753
0.779215 -2.235932
-0.238723 -0.666218
-0.054852 -3.395164
-1.808462 0.246103
-1.004390 2.659492
-1.209009 1.828231
-1.666572 -0.057477
3.082941 -4.873115
-2.149601 1.804548
-1.971069 0.407735
-0.449356 -3.598057
1.534265 -2.690441
-0.544461 0.883178
0.396986 -0.056417
-1.987352 0.471210
-2.144495 0.867397
2.308326 -3.242207
2.901644 0.620005
-0.197113 -0.500246
-0.620963 0.500118
-0.793970 -5.512245
-0.699140 -5.629192
0.016126 5.886380
-2.652777 0.967508
1.557296 -2.224602
3.874049 -0.147073
-3.188567 1.712393
-1.126731 2.562900
1.463591 -4.868446
-0.879350 -4.301659
-0.829673 -4.437185
-3.715477 -0.619446
-1.172489 1.735642
-0.963782 2.562230
1.459077 -3.377329
-0.831506 3.743970
3.374826 -0.289579
-2.756470 2.001273
-0.582874 -5.497677
-0.078383 -0.651247
-1.732798 0.594761
-2.593748 0.388189
3.937785 0.129412
0.053771 6.102540
-2.580745 0.440798
-0.849758 1.403399
-1.800717 0.233118
-1.906206 -0.178740
-0.538816 0.557696
-2.878068 0.029325
1.357334 -2.978733
3.491033 -0.429886
0.008397 -1.901314
-2.628171 1.160838
0.715772 -3.366369
-0.544382 0.741060
1.491378 -3.419874
-3.759621 -0.915627
1.301247 -5.257415
0.052099 6.050448
-0.405867 -5.003032
3.544080 -0.453356
1.363360 -2.589881
-0.268817 4.104268
-3.677341 -0.817717
-2.318873 1.035849
0.270652 -3.294083
0.180011 -4.032079
-1.200773 3.149368
0.115431 5.744065
-3.435878 -0.551491
0.647016 0.421965
1.042684 -4.416851
2.591529 -0.141201
-1.789843 2.015911
1.519984 -3.409595
2.920798 4.628562
2.524381 0.498480
-2.657397 1.079340
-0.141084 -0.577193
-0.271262 0.811046
0.315406 0.375431
-1.376361 -4.784789
1.915331 -2.390871
2.387830 -1.178363
-1.016911 -4.510566
2.907020 5.661670
0.112303 5.694679
-0.557983 4.011094
0.334283 -4.123475
-0.015159 5.777558
-0.364729 0.994280
1.337195 -2.857603
2.290615 -3.225851
-1.490121 1.184691
1.708618 0.276118
0.387758 -2.639490
0.478125 0.577698
0.048336 4.692042
-1.863091 0.293550
-1.024071 -5.181376
-0.914381 -5.223287
-3.649145 -0.717835
-2.588030 0.972609
-2.145834 1.198291
2.150664 -2.435854
2.047369 4.419653
-0.876644 2.850334
-0.962079 2.724478
0.024339 5.820086
0.306817 0.574505
1.315560 -3.454408
-2.409619 0.199541
4.063331 -0.208702
-1.272782 2.713509
-3.594301 -0.706269
-1.422684 -4.833600
-0.870741 -4.389626
-0.839308 3.227612
1.395176 -2.237422
1.456985 -4.909019
3.883409 -0.086948
3.898422 0.044380
-1.435264 -4.893865
-0.781152 -5.590724
-0.013106 -0.876186
-3.625849 1.483551
0.537964 0.216045
-0.782188 -5.737473
-3.456891 1.517214
4.002400 -0.050233
-2.944459 1.538603
1.173474 -2.877038
0.210088 4.531229
2.810213 4.789755
-0.043236 5.818272
2.488362 -0.772235
-0.743974 -5.719831
-1.019329 2.895444
-0.483476 -3.607507
-0.204950 -3.411461
1.402727 -1.977593
-2.995033 1.720702
0.132908 -3.013706
2.655459 0.566952
0.467671 5.466866
2.617973 4.887594
2.842693 4.733127
-1.992225 1.792405
0.193349 -3.010429
-1.087942 -5.186166
1.404971 -3.140697
-0.794003 -5.515911
0.267507 -2.363451
-1.037424 0.515907
-3.469102 1.576321
-3.562522 1.473619
-0.584438 -5.212130
-3.541035 1.511182
-0.100649 -0.752568
1.877105 0.152744
-2.186015 -0.213788
0.394370 5.548160
0.195824 -1.957132
-1.987790 1.779189
0.445469 -3.340389
0.469624 0.492011
-3.531219 1.508708
-1.820928 0.657989
-2.445712 0.529812
2.572734 0.572732
-3.618597 -0.726873
-0.688439 -5.544485
2.900594 4.558360
-2.758866 2.028505
-3.681246 -0.616501
0.256494 5.150512
2.645775 0.425200
3.037609 4.541872
-1.089131 2.371159
2.126061 -2.357620
2.343667 0.657496
1.951447 0.587200
-0.216668 -3.363432
0.345600 5.523292
1.525728 -4.832104
2.138274 4.898011
-0.777521 -3.749432
-2.664993 1.676447
-0.226470 -4.407146
-1.207516 2.442200
2.454274 -0.086796
1.490455 -4.882737
-0.255884 -3.739274
2.821174 4.861212
2.221234 0.105994
-0.224261 -3.678671
-0.082084 -0.020772
0.269510 4.976013
-0.853562 3.732694
-3.277914 -0.481738
0.007225 6.013899
-1.628237 0.209444
2.244930 -2.340210
-0.627316 -3.657975
-2.163717 0.303128
1.490506 -2.945831
-2.876145 1.773363
-0.497012 4.054655
2.434397 -1.314550
0.324177 5.603931
-1.024180 3.039856
1.628409 -3.275735
1.825162 -2.390465
0.526498 5.422384
-1.953283 0.560781
-2.113212 1.585239
-0.701398 -4.226460
3.679956 -0.341191
-0.068952 -0.928842
1.502266 -3.416005
-0.106215 -0.542273
-2.626387 0.611490
0.190496 5.898784
0.191841 -2.675317
0.523021 5.465841
-1.245674 0.512088
0.145785 -3.264927
0.333284 0.584222
-0.332234 4.277041
2.214093 -2.338775
0.621467 5.451010
2.873170 4.722870
0.545045 -2.134039
3.184143 -4.859885
-0.896662 3.793061
-3.574776 -0.712730
0.179469 -2.308863
0.203701 0.544091
3.984434 -0.987613
-0.707370 -5.577883
0.227053 -2.185065
-2.672529 0.624285
2.902838 4.671088
-1.222524 -4.801574
0.288799 5.421628
-3.566456 -0.679622
0.129859 5.361542
2.011778 -0.036937
-2.261046 1.029337
-1.980470 1.710225
2.396077 -1.276985
-1.352534 -4.796889
-0.724827 3.866611
0.172843 4.839169
-0.960201 -5.530924
-3.324914 -0.493006
3.537207 -0.353805
1.774119 0.200764
-0.650558 -5.479948
1.634210 -3.148614
-1.087284 0.937622
-3.715424 -0.820033
-1.201135 -4.574036
-2.414139 0.398076
-3.597747 -0.688130
-0.941100 2.915950
-1.377649 0.553005
0.374410 0.556849
2.523925 -0.072335
-0.671456 -5.650295
2.563038 -0.167515
-0.910152 -4.381358
-3.056926 1.605117
0.135164 -1.757977
-2.049422 -0.260394
-0.811493 3.739741
-1.900251 1.873398
0.142897 5.729896
2.269043 -0.042809
1.997025 -2.119937
-0.889774 -5.324618
-1.060394 3.515662
-2.091025 1.374833
-0.663730 1.200121
2.753683 0.538616
-0.338137 -4.131974
2.702701 0.545887
-0.996459 2.783092
2.353838 0.111992
-0.120945 -1.270624
-1.066217 3.836561
-1.181651 3.572556
-0.538059 3.991666
-0.757653 -3.840552
-0.710546 -5.570245
1.377283 -2.187606
1.421811 -2.034585
2.929064 5.193095
2.658778 -1.071619
-0.914699 3.682225
1.458673 -4.897854
3.981955 -0.013268
-0.076282 -0.934015
0.532402 0.931522
0.540358 0.128711
2.526189 -1.355659
2.668911 0.497817
1.297633 -2.249943
1.584859 0.482129
1.367771 -2.580492
-2.064278 0.182080
2.920528 4.656609
-2.690118 1.336675
-2.130115 2.689925
1.649393 -4.603073
-0.397275 0.894641
0.303809 -4.154985
-1.508337 3.477822
-0.883651 3.741283
-0.572433 -5.705568
2.669602 0.530362
2.788109 -1.751607
-0.902264 -5.561584
0.064329 5.950428
0.442780 0.313436
2.544250 -1.271867
3.984999 -0.017877
3.569093 -0.451268
0.070657 -1.946323
-0.656129 1.722047
-0.669302 3.511391
1.216799 -3.379386
2.826996 -0.001357
-1.200091 -4.976657
-0.534396 -5.770811
1.444810 0.462502
1.662265 0.278209
2.572665 -1.149309
3.169152 -4.866626
0.222962 -3.956641
3.180810 -4.857614
-2.046243 1.747344
2.720809 4.879656
2.972746 4.624824
2.947572 5.654512
0.910879 -3.516952
0.580112 5.681047
-3.039716 1.637991
-0.708631 -3.672491
-0.675850 3.910063
-1.210237 0.647015
0.346794 5.610663
-0.089065 -0.605752
-1.125963 3.646426
2.831887 4.717472
1.505062 -4.948843
1.414235 -4.895493
-1.097696 0.893134
-1.211591 -4.950207
0.527997 -3.286599
-3.351168 -0.548120
-0.884928 -4.430456
-1.948247 1.473583
-1.351914 -4.607082
2.708485 0.786702
-0.784974 -0.404969
0.318510 5.360316
2.312357 0.102145
-2.330844 1.041261
0.496711 -3.181286
2.867857 4.701858
-0.845879 3.810889
0.117327 -4.322353
2.833524 4.719970
0.038780 6.052462
-0.943312 2.971970
3.931195 -0.056842
-2.965838 1.771868
0.136265 -1.262101
1.426275 -2.882471
2.241840 -2.223477
-0.240416 4.247271
2.164912 0.351009
2.871158 4.678649
1.238849 -1.906124
-2.306811 0.279746
2.671951 0.586619
-1.010735 1.002173
-0.862072 3.772716
3.912521 0.004279
2.483496 -1.203688
-1.226585 -4.916086
2.477421 -0.346407
-0.524543 -5.530485
0.415246 5.550603
0.340064 -1.455474
-0.501391 -4.966957
0.394060 5.685956
1.486410 -4.893659
2.019025 -2.879956
2.141397 -2.425946
0.144922 6.150333
0.273818 -3.021521
1.417433 -2.205670
0.001007 0.371987
2.235000 -2.228404
-0.682994 0.396940
0.211944 4.637711
-1.232475 2.288577
-0.731267 -5.540841
-3.538868 -0.754586
1.123828 -3.031182
0.518820 0.274626
-0.986609 -5.196648
-3.260064 -0.408451
-2.081776 1.772978
-3.585743 -0.727689
2.636229 0.602836
-0.801104 -4.410434
0.584680 0.093981
-3.369359 1.629181
-0.182338 -6.190253
1.722170 -2.685165
-1.299461 1.459342
2.590605 0.711226
-3.545237 -0.644805
-0.072017 -3.645836
-0.753112 3.894127
0.513250 -3.221678
-2.734468 0.984108
2.861027 4.740467
3.871434 0.086989
-2.241572 -0.298523
0.311314 -2.073384
-1.924563 1.277783
-0.944020 3.922615
-2.838161 -0.195579
-0.927504 -5.186279
-3.561945 -0.711402
1.536825 -4.944074
-0.871029 2.760035
-2.382789 1.904457
-2.615197 0.853679
1.301761 -2.184188
-0.771039 -4.851917
0.579601 -3.260228
-0.209839 -3.840862
-0.865318 -4.159636
-1.777064 1.994867
0.099396 5.701158
2.523522 0.676394
2.714774 4.915842
-1.283206 -4.817889
-2.043360 0.516252
0.174191 -1.293067
0.514730 5.510652
3.515695 0.162941
-3.814370 -0.946674
2.889962 4.762275
0.023153 4.610765
1.525201 -3.205943
1.900012 4.950484
0.331771 0.489747
0.303884 -1.448362
1.178221 -4.792832
2.690458 4.934429
0.508777 0.450215
-2.838545 1.044907
-2.864249 1.830781
-1.435367 0.666923
1.612262 -2.748359
2.842778 0.016509
-0.178877 -0.058583
-1.374206 2.267909
0.634659 5.459386
-1.915256 1.606762
0.030639 6.146458
0.516572 -0.022233
0.293984 0.377138
0.228963 5.605131
-0.563802 -3.581316
0.331114 -3.248199
-1.695040 3.254985
2.582490 -0.027294
0.533043 -3.322041
-0.425372 -5.510484
-0.466498 1.016801
2.670654 0.651685
-2.191786 2.485092
-0.390581 -5.349908
0.098941 5.025161
2.446414 0.776574
3.543747 -0.500971
-1.730631 0.172333
-2.248834 -0.297407
-1.113353 2.494648
-0.976277 2.576486
-2.017338 0.522483
-0.319340 4.033905
-0.063623 5.860906
-2.578521 1.366245
0.083225 -1.200709
-1.190978 1.810983
1.327289 -1.962873
2.846291 4.721896
-2.769201 2.391773
0.406110 5.672555
2.934788 0.653646
2.523792 0.451878
0.518293 -2.331446
-3.500958 -0.823690
2.920805 0.547126
-1.336408 1.646077
2.194047 -2.383072
2.594447 0.507863
3.816746 -0.411841
-0.116085 -4.368257
0.298420 1.008958
