3264 4536
0 99 1
0 111 1
0 380 1
0 414 1
0 513 1
0 583 1
0 688 1
0 689 1
0 781 1
0 782 1
0 952 1
1 152 1
1 730 1
1 1930 1
2 960 1
3 632 1
4 586 1
5 36 1
5 63 1
5 97 1
5 601 1
5 947 1
5 914 1
6 64 1
6 680 1
6 20 1
6 661 1
7 389 1
7 614 1
7 999 1
7 1002 1
8 866 1
8 1979 1
9 157 1
9 201 1
9 259 1
9 557 1
9 818 1
9 968 1
10 389 1
10 439 1
11 386 1
11 943 1
12 507 1
12 1737 1
12 775 1
13 249 1
14 866 1
14 1626 1
14 542 1
15 389 1
16 144 1
17 487 1
17 599 1
17 661 1
17 830 1
18 59 1
18 845 1
19 494 1
20 661 1
21 1674 1
21 678 1
22 117 1
22 302 1
22 334 1
22 454 1
22 468 1
22 597 1
22 666 1
22 897 1
22 389 1
22 697 1
23 308 1
23 702 1
24 126 1
24 391 1
24 405 1
24 683 1
24 945 1
24 950 1
25 69 1
25 356 1
25 653 1
25 681 1
25 886 1
25 295 1
25 460 1
26 86 1
26 262 1
26 1630 1
27 392 1
28 48 1
28 54 1
28 105 1
28 106 1
28 152 1
28 631 1
28 985 1
28 274 1
28 389 1
28 421 1
28 521 1
28 712 1
28 746 1
28 997 1
29 738 1
29 791 1
29 816 1
29 857 1
29 790 1
30 1200 1
30 1236 1
30 1279 1
30 1646 1
30 1783 1
30 1984 1
30 2057 1
30 2141 1
30 470 1
30 504 1
31 2193 1
31 1279 1
31 1354 1
31 296 1
31 1486 1
31 2640 1
31 2745 1
31 2781 1
31 1736 1
31 644 1
31 730 1
31 2987 1
31 777 1
31 880 1
31 2074 1
31 470 1
32 590 1
32 663 1
32 684 1
32 685 1
32 695 1
32 843 1
33 259 1
34 179 1
34 365 1
34 1583 1
34 571 1
34 695 1
34 826 1
34 827 1
34 697 1
35 92 1
35 499 1
35 641 1
35 812 1
36 97 1
36 273 1
36 328 1
36 659 1
36 914 1
37 1264 1
37 181 1
37 2446 1
37 309 1
37 443 1
37 1720 1
37 826 1
37 79 1
38 641 1
39 1008 1
39 487 1
40 145 1
40 147 1
40 176 1
40 410 1
40 479 1
40 619 1
40 623 1
40 658 1
40 845 1
40 847 1
41 417 1
41 2744 1
42 486 1
42 487 1
42 642 1
43 845 1
44 630 1
44 866 1
44 676 1
45 731 1
45 749 1
46 845 1
47 212 1
47 776 1
48 106 1
48 421 1
48 746 1
49 845 1
50 761 1
51 354 1
51 355 1
51 437 1
51 469 1
51 480 1
51 515 1
51 595 1
51 317 1
51 363 1
51 389 1
51 438 1
51 481 1
51 482 1
51 614 1
51 745 1
51 1003 1
52 610 1
53 160 1
53 308 1
54 67 1
54 183 1
54 274 1
54 389 1
54 421 1
54 521 1
54 697 1
54 712 1
54 746 1
54 954 1
54 996 1
54 997 1
55 2188 1
55 3232 1
55 969 1
55 970 1
56 1818 1
56 3244 1
56 171 1
56 1489 1
56 504 1
57 1124 1
57 1250 1
57 156 1
57 1532 1
57 1604 1
57 1632 1
57 1678 1
57 1765 1
57 1974 1
58 179 1
58 301 1
58 695 1
58 389 1
58 413 1
58 438 1
58 552 1
59 602 1
59 845 1
60 442 1
60 584 1
61 942 1
61 984 1
62 800 1
62 2570 1
63 947 1
63 97 1
63 273 1
63 328 1
63 659 1
63 914 1
64 91 1
64 209 1
64 238 1
64 567 1
64 641 1
65 151 1
65 217 1
65 265 1
65 874 1
65 990 1
66 330 1
67 105 1
67 175 1
67 290 1
67 614 1
67 712 1
67 746 1
67 996 1
67 997 1
67 998 1
68 300 1
69 354 1
69 355 1
69 515 1
69 264 1
69 275 1
69 295 1
69 337 1
69 371 1
69 460 1
69 504 1
70 748 1
70 629 1
70 657 1
71 189 1
71 937 1
72 672 1
73 892 1
74 989 1
75 494 1
76 672 1
77 811 1
77 733 1
77 914 1
78 532 1
78 730 1
78 504 1
79 1017 1
79 103 1
79 2442 1
79 277 1
79 2651 1
79 459 1
79 1720 1
79 826 1
79 3117 1
80 268 1
80 1541 1
81 845 1
82 389 1
82 656 1
83 273 1
83 641 1
84 741 1
84 984 1
85 365 1
85 617 1
85 695 1
85 389 1
85 696 1
85 697 1
86 261 1
86 271 1
86 459 1
86 460 1
86 583 1
86 624 1
86 767 1
86 795 1
86 1004 1
86 537 1
87 595 1
88 151 1
88 153 1
88 1278 1
88 777 1
88 1991 1
88 1992 1
88 2065 1
88 265 1
88 778 1
88 903 1
89 544 1
89 546 1
89 786 1
90 473 1
90 1627 1
90 860 1
91 680 1
91 793 1
93 446 1
93 761 1
93 798 1
94 284 1
94 372 1
94 373 1
94 389 1
94 438 1
94 443 1
94 444 1
95 569 1
95 572 1
95 2889 1
95 696 1
96 911 1
96 995 1
97 947 1
97 328 1
97 659 1
98 389 1
98 697 1
99 721 1
99 929 1
99 950 1
100 678 1
101 540 1
102 266 1
103 271 1
103 363 1
103 389 1
104 128 1
104 130 1
104 133 1
104 139 1
105 175 1
105 179 1
105 274 1
105 421 1
105 521 1
105 697 1
105 712 1
105 746 1
105 996 1
105 997 1
106 183 1
106 274 1
106 290 1
106 389 1
106 421 1
106 441 1
106 521 1
106 552 1
106 697 1
106 712 1
106 746 1
106 996 1
106 997 1
107 264 1
107 275 1
107 337 1
107 371 1
107 501 1
108 1491 1
108 382 1
108 2117 1
108 172 1
108 836 1
109 322 1
109 846 1
110 582 1
112 915 1
113 381 1
114 328 1
115 567 1
115 669 1
116 409 1
118 808 1
118 380 1
119 632 1
120 864 1
120 641 1
120 812 1
120 814 1
121 262 1
121 296 1
121 470 1
121 2716 1
121 1002 1
122 309 1
122 545 1
122 666 1
122 667 1
123 879 1
124 820 1
125 615 1
125 242 1
126 296 1
126 470 1
127 636 1
128 587 1
129 2348 1
129 181 1
129 1494 1
130 587 1
131 562 1
132 1095 1
132 322 1
133 587 1
133 689 1
134 318 1
134 369 1
134 608 1
134 713 1
134 714 1
135 641 1
135 807 1
135 812 1
136 329 1
136 415 1
137 485 1
137 845 1
138 494 1
138 729 1
139 587 1
140 1000 1
140 143 1
140 417 1
141 415 1
141 471 1
141 495 1
142 702 1
143 145 1
143 452 1
143 1000 1
143 280 1
143 415 1
143 820 1
144 471 1
144 496 1
144 540 1
144 820 1
145 905 1
145 229 1
145 415 1
145 417 1
145 820 1
146 389 1
146 455 1
146 925 1
147 229 1
148 325 1
148 149 1
148 324 1
148 1505 1
148 1697 1
148 635 1
148 915 1
149 325 1
149 1505 1
149 1697 1
149 635 1
149 915 1
150 389 1
150 596 1
151 571 1
151 265 1
151 290 1
151 564 1
152 274 1
152 290 1
152 389 1
152 421 1
152 521 1
152 697 1
152 712 1
152 746 1
153 290 1
153 389 1
153 459 1
153 482 1
154 389 1
154 697 1
155 389 1
155 697 1
156 289 1
156 639 1
157 968 1
157 566 1
157 581 1
158 284 1
158 290 1
158 503 1
158 545 1
159 852 1
159 594 1
159 751 1
159 978 1
160 308 1
161 780 1
162 289 1
163 950 1
163 352 1
164 861 1
165 654 1
165 729 1
166 637 1
166 290 1
166 363 1
166 389 1
166 438 1
166 461 1
166 606 1
166 797 1
167 606 1
168 292 1
169 305 1
169 493 1
169 286 1
169 347 1
169 519 1
169 844 1
170 505 1
170 815 1
171 1165 1
171 1927 1
171 504 1
172 383 1
172 513 1
172 836 1
173 409 1
173 508 1
174 478 1
175 389 1
175 828 1
175 985 1
175 996 1
176 229 1
177 227 1
177 231 1
177 235 1
178 1072 1
178 1279 1
178 266 1
178 296 1
178 437 1
178 1646 1
178 571 1
178 644 1
178 777 1
178 1914 1
178 1984 1
178 470 1
179 302 1
179 389 1
179 570 1
179 686 1
179 696 1
179 715 1
179 840 1
179 985 1
180 845 1
181 277 1
181 389 1
181 522 1
182 2198 1
182 184 1
182 451 1
182 603 1
182 3074 1
183 1246 1
183 421 1
183 537 1
183 584 1
183 1757 1
183 692 1
183 695 1
183 712 1
183 3205 1
183 997 1
183 998 1
184 2618 1
184 603 1
184 2824 1
184 3002 1
184 3220 1
185 845 1
185 964 1
186 845 1
187 529 1
187 789 1
187 812 1
188 390 1
188 482 1
190 408 1
190 659 1
190 845 1
191 605 1
192 756 1
192 757 1
192 758 1
193 264 1
193 371 1
193 421 1
193 444 1
193 3079 1
194 751 1
195 388 1
195 971 1
196 645 1
196 896 1
197 415 1
198 604 1
198 2824 1
199 389 1
199 580 1
200 1491 1
200 382 1
200 2117 1
200 836 1
201 254 1
201 384 1
201 385 1
201 386 1
201 582 1
201 652 1
201 845 1
201 930 1
201 931 1
202 238 1
202 273 1
202 659 1
203 648 1
203 943 1
204 668 1
205 506 1
205 1624 1
206 498 1
207 494 1
207 657 1
208 346 1
208 639 1
209 278 1
209 680 1
210 657 1
211 389 1
211 438 1
211 961 1
212 292 1
212 395 1
212 396 1
212 446 1
212 870 1
213 652 1
213 858 1
214 670 1
215 290 1
215 682 1
216 722 1
216 589 1
216 613 1
217 1244 1
217 2385 1
217 1486 1
217 2615 1
217 1720 1
217 723 1
217 730 1
217 2096 1
217 3255 1
218 389 1
218 679 1
219 617 1
220 389 1
221 922 1
222 706 1
223 695 1
224 651 1
225 629 1
225 984 1
226 751 1
227 294 1
227 304 1
228 623 1
229 410 1
229 479 1
229 619 1
229 623 1
230 389 1
230 679 1
231 294 1
231 304 1
232 291 1
232 389 1
232 419 1
233 363 1
233 389 1
233 569 1
234 1065 1
234 1223 1
234 1564 1
234 590 1
234 737 1
235 294 1
235 304 1
236 977 1
237 606 1
238 497 1
238 641 1
238 680 1
238 702 1
239 385 1
239 582 1
239 616 1
239 652 1
239 792 1
239 930 1
240 409 1
240 629 1
240 657 1
241 820 1
241 845 1
241 977 1
242 615 1
243 363 1
243 389 1
243 438 1
243 482 1
243 545 1
243 924 1
244 720 1
244 1007 1
245 2538 1
245 808 1
246 804 1
246 931 1
246 1001 1
247 389 1
247 679 1
248 387 1
249 689 1
250 301 1
250 363 1
250 372 1
250 437 1
250 516 1
250 666 1
250 667 1
250 697 1
250 743 1
250 1949 1
251 289 1
252 363 1
252 389 1
252 438 1
252 482 1
252 545 1
252 924 1
253 389 1
254 652 1
255 446 1
256 554 1
256 571 1
257 942 1
258 363 1
258 389 1
258 438 1
258 482 1
258 545 1
258 924 1
259 289 1
260 522 1
261 539 1
261 671 1
261 795 1
261 271 1
261 372 1
261 470 1
261 778 1
261 885 1
262 310 1
262 343 1
262 423 1
262 424 1
262 425 1
262 564 1
262 683 1
262 766 1
262 767 1
262 794 1
262 838 1
262 282 1
262 459 1
263 721 1
263 813 1
264 500 1
264 501 1
264 565 1
264 653 1
264 886 1
265 296 1
265 683 1
265 730 1
265 3145 1
265 903 1
265 2073 1
266 778 1
267 559 1
267 666 1
268 876 1
269 866 1
270 688 1
270 486 1
270 487 1
270 610 1
270 641 1
270 642 1
271 284 1
271 309 1
271 515 1
271 825 1
271 885 1
271 470 1
271 778 1
272 431 1
272 432 1
273 733 1
273 914 1
274 1246 1
274 468 1
274 617 1
274 695 1
274 954 1
274 985 1
274 998 1
275 462 1
275 553 1
275 578 1
275 579 1
275 653 1
275 825 1
275 886 1
275 899 1
275 900 1
275 470 1
276 949 1
277 1172 1
277 1264 1
277 2446 1
277 309 1
277 443 1
277 1720 1
277 826 1
278 2280 1
278 357 1
278 2933 1
278 2964 1
278 2965 1
279 323 1
279 349 1
279 915 1
280 417 1
280 582 1
280 859 1
280 418 1
280 820 1
281 629 1
282 310 1
283 1509 1
283 730 1
283 428 1
284 2464 1
284 355 1
284 444 1
284 695 1
284 894 1
284 470 1
285 543 1
285 542 1
286 673 1
286 690 1
286 336 1
286 844 1
287 915 1
287 613 1
288 730 1
289 782 1
289 781 1
290 316 1
290 335 1
290 355 1
290 444 1
290 461 1
290 469 1
290 481 1
290 500 1
290 515 1
290 588 1
290 1710 1
290 638 1
290 671 1
290 681 1
290 692 1
290 706 1
290 744 1
290 3086 1
290 924 1
290 925 1
292 395 1
292 396 1
292 649 1
292 776 1
293 586 1
294 474 1
294 533 1
294 600 1
294 632 1
294 730 1
294 769 1
294 880 1
295 653 1
295 1005 1
295 446 1
296 1229 1
296 503 1
296 539 1
296 2974 1
296 795 1
296 800 1
297 762 1
297 1008 1
298 467 1
298 646 1
299 417 1
300 2234 1
301 437 1
301 744 1
301 802 1
301 909 1
301 363 1
301 438 1
302 839 1
302 389 1
302 696 1
303 632 1
304 428 1
304 1508 1
304 1706 1
305 613 1
306 845 1
307 866 1
307 1979 1
309 516 1
309 572 1
309 697 1
310 2510 1
310 2511 1
310 2097 1
311 314 1
312 314 1
312 641 1
312 659 1
312 848 1
313 314 1
313 641 1
313 659 1
315 620 1
315 409 1
316 389 1
317 480 1
317 595 1
317 389 1
318 786 1
319 1007 1
319 728 1
319 734 1
319 735 1
320 823 1
321 683 1
322 511 1
322 512 1
322 513 1
323 325 1
323 1505 1
323 1697 1
323 635 1
324 325 1
324 1505 1
324 1697 1
324 635 1
324 915 1
325 349 1
325 589 1
325 1697 1
325 915 1
325 1505 1
325 635 1
326 1505 1
326 1697 1
326 635 1
326 915 1
327 615 1
327 659 1
327 946 1
328 659 1
328 819 1
328 946 1
328 914 1
329 657 1
331 2329 1
331 595 1
331 438 1
331 797 1
332 720 1
333 388 1
333 754 1
335 389 1
335 596 1
336 673 1
337 462 1
337 553 1
337 578 1
337 579 1
337 653 1
337 825 1
337 886 1
337 899 1
337 900 1
337 470 1
338 2769 1
338 1852 1
338 811 1
338 3113 1
339 508 1
340 1383 1
340 866 1
340 1556 1
340 3211 1
341 769 1
342 1799 1
342 867 1
343 2549 1
344 855 1
345 476 1
346 717 1
347 628 1
347 980 1
347 641 1
347 846 1
348 1174 1
348 572 1
348 573 1
348 617 1
349 514 1
349 613 1
349 627 1
349 983 1
350 2558 1
350 353 1
350 415 1
351 2562 1
351 352 1
351 353 1
352 420 1
352 353 1
353 2248 1
353 2391 1
353 2558 1
353 2559 1
353 2564 1
353 2565 1
353 2741 1
353 1951 1
354 355 1
354 363 1
354 389 1
354 438 1
354 482 1
354 745 1
354 770 1
354 974 1
354 975 1
354 1002 1
355 389 1
355 743 1
355 745 1
355 771 1
356 886 1
357 358 1
359 360 1
359 418 1
359 820 1
361 969 1
362 389 1
362 763 1
363 364 1
363 381 1
363 461 1
363 469 1
363 480 1
363 481 1
363 482 1
363 515 1
363 516 1
363 522 1
363 524 1
363 548 1
363 671 1
363 695 1
363 699 1
363 704 1
363 743 1
363 744 1
363 775 1
363 802 1
363 908 1
363 909 1
363 916 1
363 438 1
364 2428 1
364 438 1
364 797 1
364 1002 1
365 697 1
365 698 1
366 487 1
367 487 1
368 649 1
368 476 1
369 1334 1
370 893 1
371 500 1
371 501 1
371 653 1
371 886 1
371 1005 1
372 2445 1
372 373 1
372 443 1
372 444 1
372 2973 1
372 2974 1
373 443 1
373 444 1
373 761 1
374 514 1
374 628 1
375 671 1
376 2357 1
376 671 1
376 999 1
377 2326 1
377 2573 1
377 1629 1
377 945 1
378 676 1
378 952 1
379 535 1
380 603 1
380 604 1
380 682 1
380 711 1
381 389 1
381 390 1
381 438 1
382 383 1
382 513 1
382 836 1
383 513 1
383 836 1
384 385 1
385 582 1
385 930 1
386 433 1
386 647 1
386 648 1
387 577 1
387 674 1
388 466 1
388 577 1
388 582 1
388 634 1
388 934 1
388 971 1
388 754 1
389 390 1
389 413 1
389 443 1
389 444 1
389 449 1
389 454 1
389 455 1
389 461 1
389 469 1
389 480 1
389 481 1
389 482 1
389 503 1
389 506 1
389 515 1
389 516 1
389 522 1
389 524 1
389 548 1
389 555 1
389 571 1
389 574 1
389 595 1
389 606 1
389 617 1
389 656 1
389 666 1
389 667 1
389 671 1
389 678 1
389 692 1
389 695 1
389 696 1
389 698 1
389 699 1
389 700 1
389 704 1
389 706 1
389 709 1
389 725 1
389 742 1
389 744 1
389 770 1
389 771 1
389 797 1
389 800 1
389 802 1
389 810 1
389 878 1
389 894 1
389 897 1
389 904 1
389 908 1
389 927 1
389 998 1
390 797 1
391 590 1
391 912 1
392 938 1
393 505 1
393 845 1
393 936 1
393 938 1
394 396 1
395 396 1
395 721 1
395 776 1
396 776 1
396 650 1
397 818 1
398 949 1
399 401 1
399 404 1
399 400 1
399 691 1
399 914 1
400 401 1
400 404 1
400 403 1
400 691 1
400 3137 1
401 3139 1
402 404 1
402 403 1
402 629 1
403 1340 1
403 404 1
403 691 1
403 1853 1
403 3137 1
404 2126 1
404 691 1
405 787 1
406 810 1
407 515 1
408 845 1
409 410 1
409 568 1
409 620 1
409 973 1
410 629 1
411 820 1
412 2448 1
412 2837 1
412 606 1
413 438 1
414 951 1
415 417 1
415 452 1
415 498 1
415 877 1
415 1001 1
416 452 1
416 808 1
416 820 1
417 452 1
417 1000 1
417 820 1
420 1147 1
420 1259 1
420 1642 1
420 1683 1
421 468 1
421 584 1
421 631 1
421 712 1
421 1893 1
421 985 1
421 552 1
422 950 1
423 425 1
424 425 1
426 761 1
427 671 1
427 889 1
428 1169 1
428 1405 1
428 1406 1
428 1508 1
428 599 1
428 1706 1
428 1717 1
428 730 1
429 730 1
430 866 1
430 923 1
431 1417 1
431 432 1
431 913 1
431 703 1
431 853 1
432 913 1
433 505 1
434 845 1
435 845 1
436 437 1
436 515 1
436 709 1
437 438 1
437 743 1
438 443 1
438 444 1
438 480 1
438 481 1
438 482 1
438 515 1
438 516 1
438 524 1
438 595 1
438 666 1
438 667 1
438 678 1
438 695 1
438 700 1
438 745 1
438 753 1
438 802 1
438 869 1
438 916 1
440 1233 1
440 2429 1
440 1475 1
440 1527 1
440 2640 1
440 2736 1
440 1719 1
440 643 1
440 1796 1
440 772 1
440 878 1
440 2160 1
442 584 1
443 444 1
445 907 1
445 3226 1
446 533 1
446 742 1
446 776 1
446 798 1
446 919 1
446 965 1
447 808 1
448 449 1
449 450 1
449 558 1
449 708 1
449 894 1
450 771 1
451 603 1
453 815 1
454 1006 1
455 696 1
455 925 1
456 457 1
458 571 1
458 695 1
459 2348 1
459 683 1
459 3111 1
459 3114 1
459 1004 1
459 537 1
460 886 1
461 826 1
461 554 1
461 607 1
463 2716 1
463 737 1
464 465 1
466 765 1
468 584 1
468 631 1
468 695 1
468 521 1
468 552 1
470 2211 1
470 1072 1
470 1166 1
470 1196 1
470 1229 1
470 1354 1
470 1380 1
470 503 1
470 509 1
470 539 1
470 554 1
470 564 1
470 2781 1
470 695 1
470 730 1
470 2974 1
470 778 1
470 795 1
470 800 1
471 820 1
472 765 1
472 820 1
473 1961 1
473 860 1
474 475 1
474 556 1
474 740 1
476 751 1
476 949 1
477 866 1
480 481 1
480 482 1
480 614 1
480 696 1
480 745 1
480 1002 1
480 1003 1
481 695 1
482 515 1
482 524 1
482 595 1
482 700 1
482 704 1
482 706 1
482 916 1
482 924 1
483 845 1
484 485 1
486 948 1
486 487 1
487 488 1
487 567 1
487 788 1
487 831 1
487 832 1
487 948 1
487 953 1
487 962 1
487 1008 1
489 803 1
490 633 1
491 568 1
491 492 1
491 629 1
492 905 1
492 977 1
493 765 1
493 1001 1
494 665 1
494 741 1
494 933 1
494 977 1
494 629 1
494 657 1
494 984 1
495 594 1
498 689 1
499 890 1
500 1005 1
500 501 1
500 1002 1
501 507 1
501 753 1
501 1005 1
501 662 1
501 1002 1
502 632 1
503 509 1
503 745 1
504 532 1
504 560 1
504 730 1
505 719 1
505 841 1
505 937 1
505 845 1
505 936 1
506 539 1
507 653 1
508 845 1
508 846 1
509 564 1
510 689 1
513 866 1
514 627 1
514 846 1
514 983 1
515 697 1
515 743 1
515 745 1
515 770 1
515 803 1
515 974 1
515 975 1
515 1002 1
516 524 1
516 671 1
516 869 1
517 950 1
518 689 1
518 812 1
518 845 1
519 845 1
520 614 1
520 699 1
521 1246 1
521 1371 1
521 1457 1
521 1461 1
521 614 1
521 617 1
521 695 1
521 954 1
521 985 1
521 997 1
521 998 1
523 969 1
524 588 1
525 845 1
526 845 1
527 845 1
528 877 1
528 2949 1
529 530 1
529 808 1
531 532 1
531 730 1
532 730 1
532 860 1
534 562 1
535 653 1
536 671 1
536 767 1
538 782 1
540 789 1
540 845 1
541 849 1
542 543 1
544 546 1
544 786 1
545 570 1
545 571 1
545 588 1
545 695 1
546 984 1
547 570 1
547 572 1
547 573 1
547 614 1
547 644 1
547 696 1
549 677 1
549 678 1
550 950 1
550 635 1
551 2699 1
551 2761 1
551 671 1
551 1914 1
551 1944 1
551 2153 1
552 1638 1
552 828 1
552 998 1
553 899 1
553 900 1
554 2255 1
554 827 1
554 2861 1
555 895 1
557 751 1
559 653 1
559 667 1
561 702 1
562 773 1
562 973 1
563 850 1
564 768 1
564 769 1
564 800 1
565 1646 1
567 598 1
567 610 1
567 680 1
567 864 1
568 657 1
569 695 1
569 614 1
569 696 1
570 571 1
570 695 1
570 839 1
570 572 1
570 614 1
570 696 1
571 827 1
571 687 1
572 695 1
572 614 1
572 696 1
573 614 1
573 696 1
573 697 1
574 871 1
575 3162 1
575 963 1
575 1851 1
576 606 1
577 751 1
577 786 1
578 579 1
581 610 1
581 845 1
585 806 1
586 950 1
586 737 1
589 1015 1
589 722 1
589 976 1
590 1065 1
590 1223 1
590 1564 1
590 613 1
590 683 1
590 737 1
591 593 1
591 845 1
592 593 1
592 845 1
593 845 1
593 914 1
595 606 1
596 597 1
598 669 1
599 832 1
601 659 1
602 844 1
602 848 1
603 991 1
605 847 1
606 637 1
606 704 1
606 771 1
606 894 1
607 1017 1
607 826 1
607 3117 1
608 1702 1
608 713 1
609 948 1
609 611 1
609 642 1
610 953 1
610 962 1
610 963 1
611 953 1
612 2349 1
612 694 1
613 1505 1
613 3158 1
613 3170 1
614 1710 1
614 666 1
614 692 1
614 712 1
614 746 1
614 2011 1
614 3189 1
614 996 1
614 997 1
614 998 1
615 659 1
615 914 1
617 918 1
617 696 1
617 697 1
617 698 1
617 1002 1
618 619 1
618 621 1
618 629 1
619 621 1
619 622 1
620 980 1
621 622 1
621 623 1
622 623 1
624 2264 1
624 2812 1
625 821 1
626 1458 1
626 1240 1
626 751 1
627 628 1
627 983 1
629 748 1
629 977 1
629 978 1
629 986 1
629 993 1
629 1001 1
629 1007 1
630 866 1
631 954 1
632 747 1
632 817 1
633 868 1
633 959 1
636 3005 1
637 638 1
637 797 1
638 797 1
639 717 1
639 641 1
640 984 1
641 659 1
641 680 1
641 805 1
641 806 1
641 812 1
641 838 1
641 864 1
641 891 1
641 921 1
641 992 1
641 661 1
642 1008 1
643 1629 1
643 878 1
644 1279 1
644 1646 1
644 730 1
644 1889 1
644 2057 1
644 2141 1
644 2142 1
645 896 1
646 2173 1
646 2834 1
648 955 1
649 689 1
649 926 1
649 984 1
651 2862 1
652 858 1
652 930 1
653 1005 1
654 655 1
655 933 1
655 661 1
657 658 1
657 720 1
657 748 1
657 875 1
657 977 1
657 978 1
657 984 1
657 1001 1
657 1007 1
658 873 1
658 984 1
659 672 1
659 724 1
659 733 1
659 833 1
659 834 1
659 850 1
659 875 1
659 906 1
659 946 1
659 914 1
660 875 1
661 829 1
661 856 1
663 725 1
663 726 1
663 683 1
663 766 1
663 2073 1
664 665 1
666 800 1
666 696 1
666 697 1
666 699 1
666 764 1
667 697 1
670 2404 1
670 2419 1
671 709 1
671 760 1
671 800 1
671 837 1
671 903 1
674 2947 1
675 1391 1
675 1743 1
675 676 1
675 1977 1
675 865 1
675 866 1
676 1743 1
676 1977 1
676 865 1
677 678 1
678 932 1
678 1003 1
679 2443 1
682 951 1
682 967 1
683 684 1
683 685 1
683 695 1
683 843 1
683 767 1
683 901 1
683 903 1
684 2266 1
684 2476 1
684 1466 1
684 2644 1
684 2658 1
684 1674 1
684 1870 1
684 767 1
684 885 1
684 903 1
685 2658 1
685 1870 1
685 767 1
685 885 1
685 903 1
686 839 1
688 689 1
689 896 1
689 933 1
689 1007 1
690 2627 1
692 696 1
693 1298 1
693 1953 1
693 751 1
695 696 1
695 697 1
695 698 1
695 746 1
695 885 1
695 903 1
696 698 1
696 699 1
696 803 1
696 902 1
697 698 1
697 699 1
697 712 1
697 744 1
697 746 1
697 753 1
697 840 1
697 904 1
697 985 1
697 997 1
697 998 1
699 797 1
701 890 1
701 891 1
702 749 1
702 750 1
702 853 1
703 1417 1
704 770 1
704 771 1
704 944 1
705 706 1
705 707 1
705 797 1
706 707 1
706 797 1
708 1145 1
708 1529 1
709 958 1
710 933 1
710 748 1
710 845 1
711 796 1
712 954 1
712 985 1
712 997 1
712 998 1
712 746 1
713 2710 1
714 2366 1
714 2926 1
716 875 1
718 757 1
719 720 1
720 785 1
721 762 1
721 812 1
721 814 1
721 845 1
723 2327 1
723 2384 1
723 874 1
723 990 1
725 726 1
725 766 1
725 966 1
726 766 1
727 728 1
727 1007 1
727 735 1
727 845 1
728 735 1
728 845 1
728 940 1
729 905 1
729 977 1
730 778 1
730 860 1
730 874 1
730 903 1
731 732 1
731 853 1
732 749 1
733 811 1
734 735 1
735 952 1
736 2640 1
736 787 1
736 737 1
738 791 1
739 1007 1
739 845 1
741 977 1
743 744 1
743 802 1
743 803 1
743 908 1
743 909 1
744 745 1
744 770 1
744 802 1
744 803 1
745 802 1
745 803 1
745 908 1
745 909 1
746 1757 1
746 954 1
746 985 1
746 996 1
746 997 1
746 998 1
748 977 1
748 984 1
749 750 1
749 994 1
750 992 1
750 994 1
751 809 1
751 872 1
751 851 1
752 1251 1
752 800 1
752 780 1
752 799 1
755 756 1
758 845 1
759 845 1
760 1373 1
760 1983 1
760 999 1
761 798 1
761 803 1
761 823 1
762 917 1
765 820 1
766 1870 1
766 903 1
767 1228 1
767 1231 1
767 1270 1
767 2658 1
767 794 1
767 2149 1
768 2999 1
768 3000 1
768 769 1
770 802 1
770 894 1
770 909 1
772 1233 1
772 1629 1
772 878 1
772 2110 1
773 845 1
773 855 1
774 881 1
775 797 1
776 870 1
777 2193 1
777 1276 1
777 1660 1
777 2987 1
777 1889 1
777 880 1
777 885 1
777 1004 1
778 1200 1
778 1236 1
778 1279 1
778 1646 1
778 1660 1
778 1783 1
778 1889 1
778 1914 1
778 1984 1
778 2057 1
778 2141 1
778 1004 1
779 2564 1
779 856 1
780 2616 1
780 2617 1
783 845 1
784 812 1
786 873 1
786 933 1
786 845 1
790 791 1
790 857 1
791 816 1
791 857 1
793 2367 1
793 1789 1
793 1805 1
797 801 1
799 800 1
800 903 1
800 1002 1
802 909 1
802 803 1
804 2738 1
805 807 1
805 812 1
806 807 1
806 812 1
808 820 1
808 898 1
811 914 1
812 814 1
812 864 1
812 882 1
812 845 1
812 846 1
814 864 1
814 845 1
814 846 1
815 1000 1
816 1704 1
819 2568 1
819 2972 1
820 877 1
822 968 1
824 845 1
824 910 1
826 2193 1
826 1539 1
826 1663 1
826 2987 1
826 2442 1
826 1323 1
829 832 1
829 884 1
832 962 1
833 835 1
834 835 1
840 894 1
841 845 1
842 956 1
843 2175 1
844 846 1
844 848 1
845 964 1
845 978 1
845 981 1
845 982 1
845 994 1
846 978 1
846 981 1
846 982 1
846 983 1
849 2323 1
849 2727 1
850 906 1
851 1909 1
851 1249 1
851 3248 1
851 2043 1
853 2270 1
853 2423 1
853 2671 1
853 1671 1
853 3064 1
853 3081 1
854 875 1
855 861 1
858 859 1
859 2437 1
860 1126 1
860 1209 1
860 1844 1
860 1930 1
860 1961 1
860 1962 1
861 862 1
861 863 1
863 1213 1
863 1237 1
863 1926 1
865 1743 1
865 866 1
866 923 1
867 930 1
871 1165 1
872 2413 1
872 3110 1
873 984 1
874 1244 1
874 2384 1
874 2385 1
874 1486 1
874 2615 1
874 1720 1
874 2096 1
874 990 1
874 3255 1
875 935 1
883 977 1
884 1008 1
885 1278 1
885 2699 1
885 1944 1
885 1991 1
885 1992 1
887 888 1
889 2699 1
889 922 1
894 920 1
895 3050 1
899 900 1
899 1002 1
903 2266 1
903 1228 1
903 1231 1
903 2644 1
903 2645 1
903 2658 1
903 2699 1
903 2999 1
903 3000 1
903 1962 1
903 3145 1
903 2073 1
903 2153 1
912 2627 1
915 976 1
915 983 1
916 924 1
917 1008 1
918 1002 1
918 1003 1
924 925 1
928 937 1
931 968 1
933 977 1
933 984 1
933 993 1
934 2979 1
934 935 1
936 937 1
936 938 1
936 939 1
937 938 1
941 942 1
941 984 1
944 2834 1
944 2024 1
944 1235 1
945 972 1
954 1888 1
954 997 1
954 998 1
957 984 1
958 2399 1
959 1485 1
960 3107 1
961 2122 1
961 2121 1
966 967 1
967 1703 1
969 970 1
970 3232 1
972 2326 1
974 2205 1
976 1545 1
977 978 1
978 988 1
978 984 1
979 980 1
984 993 1
985 997 1
987 988 1
988 992 1
991 3044 1
991 1717 1
992 994 1
996 998 1
996 997 1
997 998 1
1002 2304 1
1002 1333 1
1002 1593 1
1003 1194 1
1003 1333 1
1003 1582 1
1003 2829 1
1009 1032 1
1009 2021 1
1009 2022 1
1010 2173 1
1010 2024 1
1011 1414 1
1011 1424 1
1011 1541 1
1011 2017 1
1011 1294 1
1011 1960 1
1012 1056 1
1012 1362 1
1012 1375 1
1012 1377 1
1012 1676 1
1012 1740 1
1013 1233 1
1013 1436 1
1013 1437 1
1013 2085 1
1014 2130 1
1015 1261 1
1015 1545 1
1016 1520 1
1017 2057 1
1017 1309 1
1017 1351 1
1017 1739 1
1017 1931 1
1018 1493 1
1019 1173 1
1020 1901 1
1021 1869 1
1022 1523 1
1023 1411 1
1024 1950 1
1025 1899 1
1026 1046 1
1027 1097 1
1027 1106 1
1027 1245 1
1028 1241 1
1028 1934 1
1029 1484 1
1029 1485 1
1029 1641 1
1029 1866 1
1030 2109 1
1031 1755 1
1031 2007 1
1031 2008 1
1032 1661 1
1032 1662 1
1032 2000 1
1033 1488 1
1034 1482 1
1035 1040 1
1035 1306 1
1035 1675 1
1035 1611 1
1036 1104 1
1036 1171 1
1036 1401 1
1036 1532 1
1036 1632 1
1036 1678 1
1036 1765 1
1037 1209 1
1038 1073 1
1038 1075 1
1038 1306 1
1038 1675 1
1039 2029 1
1040 1675 1
1040 1611 1
1041 1135 1
1041 1822 1
1041 1887 1
1041 2131 1
1041 2157 1
1042 1271 1
1043 1450 1
1043 1700 1
1043 1701 1
1043 1937 1
1043 1947 1
1043 1948 1
1043 1973 1
1043 1995 1
1044 1283 1
1044 1299 1
1044 1517 1
1044 1528 1
1044 1885 1
1044 1896 1
1044 2017 1
1045 1124 1
1045 1439 1
1045 1609 1
1045 1632 1
1045 1675 1
1045 1772 1
1046 2056 1
1047 1165 1
1047 1251 1
1047 1935 1
1048 1250 1
1048 2113 1
1049 1782 1
1050 2127 1
1051 1488 1
1052 1954 1
1052 1955 1
1052 1956 1
1053 1158 1
1054 1251 1
1055 1233 1
1055 2017 1
1056 1362 1
1056 1375 1
1056 1377 1
1056 1729 1
1056 1740 1
1057 1120 1
1058 1936 1
1058 1371 1
1058 1457 1
1059 1371 1
1060 1226 1
1060 1703 1
1061 1805 1
1062 1090 1
1062 2020 1
1063 1168 1
1063 1954 1
1063 1955 1
1063 1956 1
1064 1233 1
1064 1248 1
1065 1206 1
1065 1511 1
1065 1714 1
1065 2107 1
1066 2129 1
1067 1233 1
1067 1496 1
1068 1740 1
1068 1727 1
1068 1978 1
1069 2148 1
1070 1072 1
1070 1384 1
1071 1376 1
1072 1166 1
1072 1217 1
1073 1075 1
1073 1595 1
1074 1523 1
1075 1187 1
1075 1596 1
1075 1368 1
1075 1595 1
1076 1224 1
1076 1242 1
1076 1647 1
1076 1738 1
1076 1817 1
1076 1924 1
1077 1186 1
1077 1192 1
1077 1579 1
1077 1403 1
1077 1653 1
1077 1727 1
1078 1138 1
1078 1943 1
1079 1712 1
1080 1193 1
1080 1387 1
1080 1436 1
1080 1437 1
1080 1906 1
1080 1932 1
1080 2085 1
1080 1370 1
1081 2150 1
1082 1724 1
1083 1477 1
1083 1476 1
1084 1573 1
1085 1233 1
1085 1496 1
1086 1294 1
1086 1344 1
1086 1496 1
1087 1104 1
1087 1171 1
1087 1401 1
1087 1604 1
1087 1389 1
1088 1965 1
1089 2002 1
1090 2019 1
1090 2020 1
1091 1314 1
1091 1672 1
1092 1858 1
1093 1487 1
1093 1872 1
1094 1880 1
1095 1657 1
1096 1763 1
1096 1764 1
1097 1575 1
1097 1719 1
1097 1630 1
1097 1691 1
1097 2097 1
1098 1115 1
1098 1438 1
1098 1605 1
1098 1834 1
1098 1858 1
1098 2124 1
1098 2125 1
1098 2162 1
1098 2163 1
1099 1669 1
1099 1951 1
1100 2095 1
1101 1456 1
1102 1602 1
1103 1129 1
1103 1336 1
1104 1197 1
1104 1401 1
1104 1422 1
1104 1765 1
1104 1772 1
1105 1314 1
1105 1672 1
1106 1398 1
1107 1560 1
1108 1913 1
1109 1945 1
1110 1392 1
1111 1184 1
1111 2051 1
1111 2052 1
1111 2096 1
1112 1380 1
1113 1887 1
1113 2131 1
1114 1151 1
1116 2029 1
1117 1207 1
1117 1253 1
1117 1600 1
1117 1602 1
1117 1812 1
1118 1670 1
1118 2105 1
1119 2713 1
1119 1686 1
1120 1858 1
1121 1457 1
1122 1247 1
1122 1283 1
1122 1299 1
1122 1885 1
1123 1851 1
1125 1584 1
1125 1585 1
1125 1586 1
1126 1930 1
1126 1962 1
1126 1627 1
1127 1816 1
1128 1879 1
1128 1642 1
1129 1854 1
1130 2039 1
1130 2161 1
1131 1419 1
1132 1743 1
1132 1151 1
1133 1491 1
1134 1957 1
1135 1796 1
1135 2160 1
1135 1630 1
1136 1142 1
1136 1712 1
1136 1836 1
1137 1457 1
1138 1245 1
1138 1860 1
1139 1726 1
1140 1973 1
1140 2095 1
1141 1413 1
1141 1478 1
1141 2097 1
1142 1712 1
1143 1386 1
1144 1868 1
1144 1945 1
1145 1400 1
1145 1547 1
1145 1683 1
1145 1387 1
1146 1585 1
1147 1233 1
1147 1259 1
1147 1291 1
1147 1502 1
1147 1504 1
1147 1655 1
1147 2110 1
1147 1503 1
1147 1906 1
1148 1298 1
1148 1953 1
1148 2042 1
1149 2914 1
1149 1370 1
1150 1326 1
1150 1339 1
1150 1625 1
1152 1210 1
1153 1968 1
1154 1489 1
1155 1211 1
1155 1458 1
1155 1567 1
1156 1254 1
1156 1284 1
1157 1366 1
1157 2075 1
1159 1378 1
1159 1513 1
1160 1496 1
1161 1790 1
1162 1783 1
1162 2059 1
1163 1902 1
1164 1519 1
1165 1507 1
1165 1540 1
1165 2088 1
1165 2098 1
1165 1520 1
1166 1217 1
1166 1384 1
1167 2158 1
1167 2161 1
1169 1706 1
1170 2319 1
1170 2913 1
1170 2920 1
1170 1806 1
1171 1197 1
1171 1401 1
1171 1422 1
1171 1765 1
1171 1772 1
1172 1357 1
1172 1382 1
1172 2165 1
1172 2166 1
1173 1891 1
1173 1890 1
1174 1371 1
1175 1865 1
1175 1864 1
1175 1937 1
1176 1404 1
1176 1989 1
1176 1990 1
1177 1193 1
1178 1633 1
1178 1634 1
1179 1537 1
1180 1830 1
1180 1831 1
1180 1199 1
1180 1835 1
1181 1461 1
1182 1938 1
1182 1526 1
1183 1644 1
1183 1801 1
1185 1615 1
1185 1911 1
1186 1579 1
1186 1653 1
1187 1609 1
1188 1227 1
1188 1723 1
1189 1726 1
1190 1544 1
1190 2104 1
1190 1851 1
1191 1676 1
1191 1727 1
1191 2127 1
1194 1583 1
1195 2266 1
1195 2476 1
1195 1674 1
1196 1217 1
1198 2053 1
1199 1835 1
1200 1429 1
1200 1957 1
1200 2143 1
1200 2140 1
1201 1205 1
1202 1842 1
1203 1207 1
1203 1253 1
1203 1600 1
1203 1602 1
1203 1812 1
1204 1349 1
1204 1535 1
1206 1744 1
1207 1812 1
1208 2129 1
1209 1844 1
1209 1930 1
1211 1704 1
1211 1987 1
1211 1997 1
1211 1999 1
1212 1538 1
1213 1410 1
1213 1418 1
1213 1515 1
1213 1671 1
1213 1842 1
1214 1768 1
1215 1457 1
1216 1233 1
1217 1384 1
1218 1894 1
1219 1536 1
1219 1802 1
1219 2037 1
1219 1798 1
1220 1707 1
1220 1708 1
1220 1709 1
1220 1957 1
1220 2091 1
1221 1622 1
1221 1702 1
1221 2002 1
1222 1408 1
1223 1319 1
1223 1815 1
1223 1564 1
1224 2762 1
1225 1453 1
1226 1703 1
1227 1510 1
1227 1805 1
1227 2089 1
1228 1413 1
1228 2149 1
1229 1453 1
1229 1454 1
1230 1516 1
1231 1413 1
1232 1453 1
1232 1546 1
1232 1584 1
1232 1745 1
1232 2018 1
1233 2017 1
1233 1239 1
1233 1393 1
1233 1496 1
1233 1683 1
1233 1854 1
1233 1885 1
1234 1649 1
1235 2024 1
1236 1783 1
1237 1410 1
1237 1671 1
1238 1510 1
1238 2765 1
1238 1982 1
1239 2110 1
1239 1854 1
1240 1501 1
1240 1458 1
1240 1644 1
1240 1702 1
1241 1934 1
1241 2120 1
1242 2068 1
1243 1860 1
1244 1327 1
1245 1534 1
1245 1905 1
1246 1413 1
1249 2042 1
1250 1632 1
1250 1884 1
1251 1717 1
1251 2036 1
1251 1520 1
1251 1782 1
1252 1524 1
1252 2131 1
1253 1812 1
1254 1846 1
1254 1874 1
1255 1702 1
1255 1999 1
1256 1814 1
1257 1689 1
1258 1746 1
1259 1505 1
1259 1642 1
1260 1608 1
1261 1281 1
1262 1872 1
1263 1536 1
1263 1855 1
1264 1720 1
1265 2112 1
1265 1378 1
1265 1513 1
1266 1741 1
1267 1814 1
1268 1859 1
1269 1380 1
1269 1645 1
1270 1336 1
1270 1451 1
1270 1664 1
1270 1710 1
1270 2046 1
1271 1886 1
1272 1618 1
1272 1917 1
1273 1911 1
1273 2090 1
1274 2036 1
1275 2013 1
1276 1969 1
1277 1570 1
1278 1674 1
1278 1844 1
1278 1991 1
1278 1992 1
1279 1736 1
1279 1762 1
1280 2035 1
1281 1413 1
1281 1638 1
1282 1420 1
1282 1499 1
1282 1700 1
1282 1973 1
1282 2043 1
1283 2633 1
1283 1528 1
1283 1896 1
1284 1448 1
1284 1569 1
1285 1775 1
1285 1782 1
1286 1632 1
1286 2027 1
1287 1346 1
1288 1341 1
1289 1848 1
1289 1946 1
1290 1923 1
1291 1502 1
1292 1846 1
1292 2011 1
1293 1886 1
1294 1721 1
1295 1462 1
1295 1766 1
1295 1911 1
1296 2113 1
1297 1895 1
1297 2072 1
1299 2633 1
1299 1528 1
1299 1896 1
1300 1515 1
1301 1470 1
1302 2073 1
1303 1415 1
1304 2029 1
1304 2030 1
1305 1911 1
1305 2042 1
1307 1606 1
1307 2108 1
1307 1480 1
1308 1983 1
1309 1490 1
1309 2570 1
1310 1392 1
1311 1579 1
1311 1403 1
1311 1580 1
1311 1653 1
1311 1727 1
1311 1731 1
1311 1732 1
1311 1733 1
1312 1621 1
1312 1804 1
1313 1403 1
1315 1633 1
1316 1518 1
1317 1642 1
1318 1558 1
1318 1642 1
1320 1518 1
1321 1679 1
1322 1679 1
1322 1833 1
1323 1539 1
1323 1658 1
1323 1663 1
1323 1791 1
1324 1970 1
1325 2075 1
1326 1435 1
1326 1512 1
1328 1513 1
1329 1335 1
1329 1998 1
1329 2043 1
1329 2104 1
1330 2072 1
1331 1695 1
1331 1799 1
1332 1513 1
1333 1582 1
1333 1825 1
1333 1857 1
1334 1864 1
1336 1556 1
1337 1846 1
1338 2001 1
1338 2049 1
1339 1435 1
1339 1512 1
1340 1409 1
1340 1875 1
1341 1379 1
1341 1883 1
1341 1919 1
1342 2060 1
1343 1481 1
1344 1496 1
1345 1350 1
1345 1958 1
1346 2024 1
1346 2116 1
1347 1978 1
1348 1887 1
1349 1446 1
1349 1535 1
1350 1958 1
1351 2825 1
1352 1365 1
1352 1411 1
1353 2054 1
1353 1634 1
1353 2075 1
1354 2745 1
1354 1969 1
1355 1383 1
1356 1579 1
1356 1403 1
1356 1653 1
1356 1727 1
1356 1731 1
1356 1732 1
1356 1733 1
1357 1899 1
1358 1443 1
1359 1657 1
1360 1755 1
1360 1939 1
1361 1403 1
1361 1727 1
1363 1723 1
1363 2036 1
1364 1403 1
1365 1411 1
1365 1412 1
1365 1473 1
1366 2075 1
1367 1403 1
1368 2132 1
1369 1898 1
1369 2080 1
1371 1407 1
1371 1722 1
1371 1972 1
1371 2028 1
1371 2141 1
1371 1457 1
1372 1633 1
1372 1634 1
1373 1797 1
1374 1443 1
1375 1377 1
1375 1676 1
1375 1740 1
1376 1459 1
1376 1500 1
1376 1601 1
1377 1587 1
1377 1403 1
1378 2071 1
1379 1883 1
1380 1645 1
1380 1646 1
1380 1949 1
1381 1383 1
1382 2166 1
1383 1562 1
1383 1753 1
1383 1754 1
1385 1975 1
1385 1976 1
1385 1434 1
1387 1668 1
1387 1684 1
1388 1578 1
1389 1604 1
1390 1890 1
1391 1533 1
1391 2128 1
1394 2967 1
1394 2085 1
1395 1963 1
1395 1964 1
1395 2012 1
1396 1963 1
1397 1963 1
1397 1964 1
1397 2012 1
1399 2015 1
1401 1772 1
1401 1917 1
1402 1442 1
1403 1580 1
1403 1654 1
1403 1711 1
1403 1727 1
1403 1728 1
1403 1729 1
1403 1732 1
1403 1733 1
1403 1816 1
1403 1916 1
1403 1934 1
1403 2062 1
1403 2127 1
1404 1677 1
1405 1711 1
1406 1741 1
1406 1508 1
1406 1677 1
1406 1706 1
1406 1950 1
1408 1675 1
1408 1611 1
1411 1412 1
1411 1473 1
1413 1428 1
1413 2149 1
1414 1496 1
1414 1721 1
1416 1914 1
1417 2249 1
1417 2671 1
1417 1766 1
1417 3064 1
1418 1761 1
1418 1926 1
1419 1538 1
1419 1651 1
1419 1909 1
1419 1999 1
1420 1538 1
1420 1839 1
1420 1973 1
1420 2043 1
1421 1624 1
1423 2111 1
1424 1541 1
1424 1721 1
1425 1426 1
1427 1856 1
1428 2185 1
1429 2143 1
1430 2143 1
1431 1433 1
1432 1433 1
1432 2001 1
1434 1975 1
1436 1437 1
1436 1441 1
1436 1475 1
1436 1885 1
1437 1441 1
1437 1475 1
1440 1530 1
1440 1531 1
1442 2017 1
1443 1444 1
1443 1445 1
1445 1598 1
1446 1971 1
1447 2111 1
1449 1614 1
1449 1995 1
1450 1467 1
1452 2064 1
1453 1584 1
1454 1546 1
1455 1844 1
1457 1461 1
1457 1757 1
1457 1776 1
1457 1972 1
1458 1644 1
1458 1998 1
1458 1997 1
1460 1586 1
1460 2045 1
1461 1757 1
1462 1872 1
1463 2038 1
1464 1465 1
1466 2266 1
1466 2476 1
1466 1674 1
1467 1700 1
1467 1701 1
1467 1937 1
1467 1947 1
1467 1948 1
1467 1973 1
1467 1995 1
1468 1778 1
1469 1581 1
1469 1470 1
1470 1565 1
1470 1566 1
1471 1914 1
1471 2058 1
1472 1675 1
1472 2029 1
1473 1786 1
1474 1903 1
1475 1524 1
1475 1686 1
1476 1477 1
1476 1657 1
1476 2005 1
1478 2131 1
1479 1670 1
1480 2108 1
1483 1755 1
1484 1789 1
1484 1923 1
1484 1996 1
1485 1866 1
1485 1641 1
1486 1857 1
1487 1705 1
1487 2045 1
1490 1734 1
1491 2117 1
1491 1573 1
1492 1729 1
1493 1742 1
1494 2131 1
1495 1496 1
1496 2017 1
1497 1498 1
1498 1871 1
1500 1925 1
1504 1683 1
1505 1635 1
1506 1696 1
1507 2126 1
1507 1703 1
1508 1818 1
1508 1706 1
1509 1706 1
1510 1723 1
1510 1972 1
1510 1982 1
1511 1744 1
1512 2452 1
1513 2071 1
1514 2270 1
1514 1515 1
1517 3208 1
1519 1820 1
1519 1774 1
1520 1577 1
1520 1927 1
1520 2034 1
1521 1657 1
1522 1757 1
1524 2709 1
1524 2736 1
1524 1719 1
1524 1808 1
1524 2934 1
1524 1686 1
1525 2630 1
1525 2980 1
1525 3257 1
1525 2161 1
1526 2001 1
1526 1574 1
1527 2634 1
1527 1796 1
1528 2634 1
1529 1683 1
1532 2111 1
1536 1537 1
1536 1794 1
1538 1973 1
1538 2043 1
1539 2281 1
1539 2442 1
1541 1721 1
1542 1543 1
1542 1759 1
1544 1959 1
1545 1620 1
1548 1858 1
1549 1550 1
1550 1825 1
1551 1552 1
1552 1643 1
1553 1554 1
1555 1682 1
1556 1664 1
1556 1812 1
1557 1755 1
1559 1560 1
1560 1561 1
1563 1928 1
1565 1597 1
1567 1997 1
1567 1999 1
1568 1909 1
1571 1871 1
1572 1777 1
1572 1928 1
1575 2097 1
1576 2842 1
1576 2036 1
1578 2070 1
1578 1847 1
1579 1653 1
1579 1727 1
1579 1732 1
1580 1653 1
1580 1727 1
1580 1978 1
1581 1625 1
1582 1583 1
1585 1586 1
1586 2045 1
1588 1589 1
1588 1590 1
1589 1590 1
1589 1688 1
1591 1592 1
1593 1594 1
1595 1596 1
1595 1609 1
1595 1681 1
1595 1943 1
1595 2066 1
1598 1823 1
1599 1872 1
1600 1602 1
1603 1890 1
1605 1836 1
1605 1965 1
1607 2147 1
1608 1702 1
1610 1769 1
1610 1611 1
1612 1869 1
1613 1701 1
1613 1814 1
1616 2130 1
1617 2129 1
1619 1811 1
1620 1897 1
1622 1768 1
1622 2002 1
1623 1725 1
1624 1748 1
1624 1749 1
1624 1942 1
1626 1743 1
1628 1796 1
1628 2160 1
1629 1796 1
1629 1845 1
1630 2233 1
1630 2246 1
1630 1822 1
1630 1887 1
1630 2131 1
1630 2157 1
1631 1749 1
1632 1678 1
1633 1634 1
1633 1970 1
1633 2019 1
1633 2075 1
1634 2006 1
1635 1669 1
1636 1804 1
1637 1750 1
1639 1965 1
1640 1715 1
1642 1877 1
1642 1879 1
1644 2043 1
1645 1646 1
1647 1817 1
1647 3215 1
1648 1862 1
1650 1782 1
1652 1827 1
1653 1731 1
1653 1732 1
1653 1733 1
1653 1727 1
1653 1728 1
1654 1727 1
1656 1657 1
1659 1867 1
1659 1913 1
1660 1914 1
1660 1984 1
1663 2316 1
1663 2442 1
1663 2987 1
1663 3108 1
1664 1854 1
1665 1814 1
1666 1667 1
1669 1951 1
1669 1952 1
1671 1926 1
1673 1720 1
1674 1992 1
1674 2065 1
1676 1727 1
1676 2127 1
1679 1680 1
1680 1872 1
1685 1824 1
1685 2168 1
1685 1902 1
1686 1808 1
1686 1885 1
1686 1691 1
1687 1809 1
1687 1985 1
1687 1986 1
1689 1838 1
1690 1804 1
1691 1822 1
1692 1693 1
1694 1922 1
1694 3080 1
1695 1799 1
1697 2050 1
1698 1699 1
1699 2042 1
1700 1701 1
1700 2072 1
1701 1909 1
1701 2072 1
1703 2201 1
1703 2263 1
1704 2724 1
1705 2064 1
1710 2658 1
1712 1713 1
1713 1881 1
1713 1725 1
1716 1743 1
1717 1912 1
1718 2060 1
1719 2097 1
1721 2017 1
1721 1960 1
1723 1805 1
1723 2089 1
1723 1792 1
1723 1810 1
1724 1725 1
1727 1731 1
1727 1732 1
1727 1733 1
1727 1978 1
1727 1728 1
1728 1978 1
1729 1740 1
1730 1978 1
1731 1732 1
1731 1733 1
1732 1733 1
1734 1836 1
1734 1837 1
1735 1911 1
1736 1737 1
1736 1762 1
1739 2378 1
1739 1868 1
1743 1977 1
1743 1979 1
1743 2128 1
1747 2098 1
1748 1942 1
1749 1942 1
1751 1829 1
1751 1830 1
1751 1831 1
1752 1779 1
1752 1780 1
1755 1939 1
1755 1940 1
1755 2007 1
1756 1848 1
1756 1946 1
1758 1905 1
1760 1805 1
1763 1764 1
1766 1767 1
1766 2115 1
1767 2115 1
1768 2002 1
1768 2084 1
1770 1776 1
1771 1772 1
1772 2027 1
1773 1788 1
1773 2041 1
1775 1782 1
1777 1928 1
1779 1781 1
1779 1920 1
1779 1921 1
1779 2015 1
1780 1920 1
1780 1921 1
1782 1784 1
1783 2059 1
1784 2350 1
1785 1841 1
1785 1908 1
1785 1920 1
1785 1921 1
1785 2015 1
1787 1789 1
1788 1789 1
1793 2100 1
1794 1802 1
1794 2037 1
1795 2145 1
1796 2017 1
1796 1845 1
1796 2160 1
1800 1801 1
1800 2137 1
1802 2816 1
1803 1967 1
1805 1894 1
1805 1911 1
1806 1807 1
1806 2144 1
1807 2252 1
1807 2920 1
1807 2922 1
1809 1985 1
1813 2041 1
1813 1987 1
1817 3215 1
1819 1941 1
1821 2064 1
1822 2131 1
1823 2996 1
1826 1827 1
1827 2146 1
1828 1831 1
1828 1832 1
1829 1830 1
1830 1832 1
1831 1832 1
1839 1993 1
1839 2042 1
1840 2041 1
1840 2042 1
1842 1843 1
1843 3081 1
1844 1930 1
1844 1944 1
1844 1991 1
1844 1992 1
1845 2955 1
1845 2968 1
1845 2160 1
1847 1911 1
1849 1913 1
1850 1862 1
1851 1852 1
1851 1853 1
1851 1959 1
1852 2972 1
1852 3227 1
1853 3227 1
1860 2159 1
1860 1861 1
1861 2668 1
1863 1867 1
1864 1937 1
1864 1938 1
1867 1912 1
1869 1981 1
1870 2073 1
1872 2064 1
1873 2005 1
1876 2093 1
1877 1879 1
1878 1879 1
1880 1937 1
1881 1882 1
1883 2883 1
1887 1888 1
1889 1984 1
1890 2044 1
1891 2933 1
1892 1893 1
1895 1915 1
1897 1958 1
1897 2025 1
1897 2026 1
1900 2795 1
1900 3080 1
1900 2041 1
1902 2168 1
1904 1905 1
1905 1917 1
1907 2135 1
1910 1911 1
1911 2016 1
1911 2086 1
1911 2087 1
1911 2106 1
1911 2140 1
1911 2143 1
1911 2151 1
1911 2167 1
1911 1933 1
1912 1913 1
1914 1984 1
1914 2057 1
1914 2141 1
1914 2153 1
1918 2067 1
1919 2072 1
1920 1921 1
1920 2015 1
1921 2015 1
1922 2070 1
1924 2404 1
1928 1929 1
1937 1938 1
1941 1942 1
1947 1995 1
1947 2072 1
1948 1995 1
1951 1952 1
1957 1965 1
1957 2042 1
1957 2113 1
1959 2104 1
1961 1965 1
1961 2152 1
1963 1964 1
1965 2152 1
1966 1968 1
1967 1970 1
1969 1992 1
1970 2019 1
1971 1972 1
1972 2141 1
1973 2025 1
1973 2026 1
1973 2104 1
1973 2043 1
1974 2027 1
1980 1981 1
1982 2141 1
1988 1990 1
1989 1990 1
1994 2042 1
1995 1996 1
1998 1999 1
1998 2102 1
1999 2101 1
1999 2102 1
1999 2104 1
1999 2043 1
2003 2004 1
2003 2005 1
2004 2005 1
2007 2008 1
2009 2010 1
2014 2071 1
2017 2110 1
2018 2045 1
2021 2033 1
2022 2033 1
2023 2082 1
2025 2026 1
2025 2042 1
2025 2043 1
2026 2042 1
2026 2043 1
2030 3181 1
2031 2032 1
2037 2262 1
2037 2639 1
2039 2040 1
2041 2042 1
2042 2043 1
2042 2067 1
2042 2167 1
2043 2104 1
2045 2064 1
2047 2064 1
2047 2048 1
2047 2137 1
2048 2049 1
2055 2118 1
2057 2058 1
2057 2083 1
2060 2061 1
2063 2090 1
2069 2167 1
2073 2153 1
2074 2075 1
2076 2096 1
2077 2079 1
2078 2079 1
2079 2081 1
2092 2094 1
2093 2094 1
2097 3003 1
2099 2100 1
2101 2102 1
2102 2104 1
2103 2104 1
2114 2167 1
2118 2119 1
2121 2122 1
2121 2123 1
2127 2133 1
2129 2139 1
2134 2135 1
2134 2136 1
2138 2154 1
2140 2142 1
2151 2167 1
2155 2156 1
2158 2630 1
2158 2980 1
2158 3257 1
2158 2161 1
2163 2164 1
2165 2166 1
2169 2870 1
2170 2567 1
2170 2707 1
2171 2192 1
2172 2900 1
2173 2834 1
2174 2493 1
2175 2651 1
2175 3111 1
2176 2294 1
2176 2343 1
2177 2519 1
2178 3095 1
2179 2641 1
2180 3252 1
2181 2291 1
2181 2611 1
2182 3101 1
2183 2480 1
2183 2526 1
2184 2470 1
2185 2225 1
2186 2632 1
2187 2200 1
2188 3232 1
2189 2485 1
2190 2269 1
2191 2984 1
2191 2570 1
2193 2442 1
2193 3117 1
2194 2878 1
2195 2254 1
2195 2733 1
2196 2866 1
2196 2867 1
2197 2649 1
2197 3056 1
2198 2609 1
2198 2824 1
2199 3165 1
2201 2263 1
2201 3044 1
2202 2314 1
2203 2407 1
2203 2456 1
2203 3088 1
2203 2667 1
2204 2233 1
2204 3211 1
2204 2711 1
2205 2814 1
2205 3188 1
2206 2489 1
2207 3003 1
2208 2996 1
2209 3148 1
2210 2375 1
2210 3107 1
2211 2494 1
2211 2640 1
2211 3072 1
2212 2546 1
2213 2253 1
2213 2473 1
2213 3126 1
2214 2750 1
2214 2751 1
2214 2537 1
2214 2981 1
2215 2382 1
2216 2328 1
2216 2780 1
2217 2813 1
2218 3251 1
2219 2574 1
2220 2332 1
2220 3222 1
2221 2520 1
2221 2992 1
2221 3156 1
2222 2670 1
2222 3113 1
2223 3010 1
2223 3011 1
2224 2952 1
2226 3226 1
2227 2975 1
2228 3071 1
2229 3144 1
2230 2663 1
2231 2640 1
2232 2312 1
2232 3033 1
2234 2298 1
2234 2374 1
2234 2465 1
2235 2993 1
2235 2994 1
2236 3142 1
2236 3143 1
2237 2717 1
2238 2767 1
2239 2871 1
2240 2920 1
2240 3128 1
2241 3262 1
2242 2287 1
2242 2858 1
2243 2500 1
2244 2533 1
2245 2840 1
2246 2980 1
2246 3160 1
2247 2458 1
2247 2708 1
2248 2411 1
2248 2424 1
2248 2715 1
2248 2287 1
2249 3081 1
2250 2294 1
2250 2343 1
2251 2396 1
2252 2916 1
2252 2924 1
2255 2861 1
2256 2747 1
2257 2790 1
2258 2360 1
2258 3030 1
2259 3010 1
2260 2580 1
2260 2628 1
2261 2748 1
2261 2966 1
2262 3083 1
2263 3044 1
2264 2812 1
2265 2988 1
2266 2999 1
2267 2721 1
2268 2517 1
2270 2623 1
2271 3100 1
2272 2290 1
2273 2593 1
2273 2592 1
2274 2801 1
2275 3168 1
2276 2299 1
2277 2764 1
2278 3007 1
2279 2799 1
2280 2933 1
2281 2745 1
2282 3147 1
2283 2801 1
2283 3116 1
2284 2734 1
2285 3207 1
2286 2982 1
2288 2859 1
2289 2884 1
2290 2487 1
2292 2989 1
2293 2872 1
2294 2343 1
2295 2800 1
2296 2899 1
2296 3223 1
2297 2518 1
2298 3082 1
2300 3104 1
2300 3105 1
2301 3112 1
2302 3235 1
2303 2739 1
2304 2390 1
2305 2439 1
2306 3244 1
2307 2540 1
2307 2846 1
2307 2847 1
2308 2385 1
2308 2615 1
2309 2607 1
2310 2582 1
2310 3156 1
2311 2801 1
2312 3033 1
2312 3130 1
2313 2571 1
2313 2572 1
2315 3174 1
2316 3108 1
2317 3233 1
2318 2956 1
2319 2920 1
2320 2481 1
2321 3122 1
2321 3243 1
2322 3153 1
2322 3200 1
2323 3076 1
2324 2702 1
2324 3081 1
2325 3018 1
2326 2573 1
2327 2384 1
2327 3119 1
2329 2509 1
2330 3131 1
2331 2438 1
2331 2601 1
2333 3180 1
2334 2829 1
2335 2528 1
2336 2704 1
2336 3149 1
2337 2763 1
2337 2874 1
2338 2972 1
2338 3227 1
2339 2461 1
2340 2544 1
2341 2344 1
2341 2777 1
2342 2910 1
2345 2805 1
2346 2543 1
2347 2808 1
2348 2535 1
2348 3208 1
2349 2865 1
2350 2892 1
2351 2402 1
2352 3238 1
2353 3143 1
2354 2498 1
2355 3029 1
2356 2804 1
2357 2406 1
2357 3096 1
2358 2665 1
2359 2404 1
2360 3166 1
2360 3167 1
2360 3169 1
2361 2929 1
2362 2483 1
2363 2654 1
2363 2655 1
2363 2656 1
2364 3239 1
2365 2605 1
2366 3140 1
2367 2652 1
2368 2785 1
2369 2841 1
2370 2658 1
2371 2756 1
2372 2724 1
2373 2906 1
2374 3082 1
2375 2471 1
2376 2752 1
2377 3162 1
2378 2381 1
2379 3135 1
2380 2652 1
2383 2939 1
2383 3255 1
2386 2532 1
2386 2754 1
2386 2755 1
2386 2990 1
2387 3127 1
2388 2925 1
2389 2532 1
2389 2755 1
2391 2558 1
2392 2709 1
2393 2660 1
2394 3228 1
2395 2712 1
2397 3089 1
2398 3210 1
2399 3000 1
2400 2606 1
2401 2935 1
2402 2724 1
2402 2971 1
2403 2895 1
2403 3002 1
2404 2419 1
2405 2852 1
2408 2854 1
2409 2422 1
2410 2727 1
2412 3063 1
2412 3133 1
2413 3110 1
2414 2504 1
2415 2754 1
2415 2990 1
2416 3171 1
2417 2738 1
2418 3193 1
2419 3120 1
2419 3239 1
2420 2447 1
2420 2683 1
2420 2782 1
2420 3197 1
2421 2646 1
2423 2671 1
2423 3064 1
2425 3193 1
2426 3122 1
2426 3123 1
2426 3243 1
2427 2678 1
2428 2506 1
2429 2633 1
2429 2634 1
2430 2542 1
2431 3034 1
2432 3229 1
2433 2877 1
2434 2943 1
2435 2879 1
2436 2945 1
2436 2946 1
2436 2947 1
2437 2819 1
2437 2820 1
2438 2531 1
2438 2601 1
2438 3181 1
2440 2798 1
2441 3109 1
2442 2987 1
2442 3108 1
2442 3117 1
2443 2760 1
2444 2875 1
2445 2644 1
2446 2827 1
2447 2683 1
2447 2782 1
2448 2837 1
2449 2452 1
2450 3155 1
2450 3157 1
2451 2520 1
2453 2895 1
2454 2786 1
2455 2515 1
2457 2687 1
2458 2567 1
2458 2707 1
2459 2991 1
2459 3212 1
2460 2531 1
2462 3189 1
2463 2608 1
2464 2908 1
2465 3082 1
2466 2873 1
2467 3082 1
2468 2562 1
2469 3139 1
2472 2557 1
2474 2896 1
2475 2823 1
2476 2999 1
2477 3246 1
2478 2896 1
2479 2667 1
2482 2830 1
2482 3134 1
2482 2995 1
2484 2920 1
2486 2666 1
2488 3033 1
2490 2615 1
2490 2625 1
2490 3253 1
2491 3010 1
2491 3011 1
2492 3159 1
2495 2576 1
2496 3089 1
2497 3065 1
2498 3065 1
2499 2815 1
2501 2983 1
2502 2536 1
2503 3176 1
2505 2773 1
2506 2779 1
2507 2703 1
2508 2962 1
2510 2511 1
2512 2514 1
2512 2683 1
2512 2979 1
2513 2683 1
2513 2979 1
2514 2979 1
2515 2586 1
2515 2516 1
2515 3082 1
2519 2781 1
2519 3001 1
2520 2992 1
2520 3155 1
2521 2522 1
2521 2909 1
2521 2869 1
2523 2956 1
2524 2956 1
2525 3227 1
2527 2860 1
2528 2575 1
2529 2943 1
2529 3094 1
2530 2963 1
2530 2964 1
2532 2754 1
2532 2755 1
2534 3067 1
2535 3208 1
2536 2697 1
2537 2751 1
2537 2981 1
2538 3077 1
2539 2560 1
2540 2846 1
2540 2847 1
2541 2542 1
2545 2546 1
2547 2728 1
2548 2700 1
2549 2550 1
2551 3146 1
2552 2929 1
2553 3170 1
2553 2627 1
2554 3118 1
2555 2883 1
2556 2610 1
2557 2668 1
2558 2559 1
2559 2741 1
2561 2637 1
2563 2565 1
2563 2647 1
2563 2564 1
2564 2565 1
2566 2716 1
2568 2669 1
2568 2670 1
2569 3248 1
2570 3121 1
2570 3141 1
2571 2572 1
2576 3050 1
2576 2941 1
2577 3066 1
2578 2619 1
2579 2580 1
2579 2676 1
2580 2778 1
2581 2737 1
2582 2590 1
2583 2584 1
2584 2585 1
2587 2730 1
2587 2792 1
2588 2589 1
2591 2594 1
2591 2596 1
2591 2593 1
2592 2593 1
2593 2594 1
2593 2595 1
2594 2595 1
2595 2596 1
2597 2598 1
2599 2828 1
2600 2762 1
2601 3181 1
2601 3245 1
2602 2603 1
2604 2977 1
2606 2693 1
2606 3215 1
2612 2613 1
2614 3023 1
2615 2886 1
2616 2617 1
2618 3074 1
2618 3002 1
2620 2622 1
2621 2622 1
2623 3081 1
2624 2674 1
2624 3044 1
2626 2636 1
2627 2954 1
2629 2685 1
2629 3209 1
2630 3257 1
2631 2662 1
2633 2634 1
2635 2902 1
2638 2639 1
2640 2716 1
2640 3039 1
2642 2683 1
2642 3197 1
2643 2644 1
2643 2645 1
2644 3145 1
2648 3097 1
2649 3056 1
2650 2749 1
2653 2681 1
2654 2655 1
2654 2656 1
2655 2656 1
2657 3249 1
2659 2660 1
2659 2661 1
2660 2661 1
2664 2889 1
2668 3100 1
2671 3064 1
2672 3184 1
2673 3231 1
2675 3239 1
2677 2833 1
2679 2710 1
2679 2944 1
2680 2794 1
2682 2732 1
2683 2782 1
2683 3197 1
2684 3047 1
2686 2904 1
2688 2689 1
2690 2691 1
2692 2974 1
2693 3239 1
2694 2695 1
2696 2715 1
2696 2749 1
2698 2880 1
2699 3129 1
2701 2949 1
2704 2717 1
2704 3149 1
2705 2778 1
2706 3006 1
2713 2849 1
2714 3250 1
2715 2802 1
2715 3037 1
2716 3072 1
2717 3149 1
2718 2719 1
2720 3217 1
2722 2825 1
2723 2856 1
2725 2726 1
2727 3076 1
2729 3022 1
2731 2920 1
2735 3177 1
2736 2955 1
2738 3225 1
2740 3098 1
2742 3230 1
2743 3192 1
2744 2753 1
2746 2747 1
2748 3046 1
2751 2839 1
2751 2981 1
2754 2990 1
2754 3051 1
2757 2758 1
2759 2911 1
2760 2826 1
2761 3161 1
2764 2765 1
2766 2959 1
2768 3196 1
2769 3084 1
2770 2771 1
2772 3049 1
2774 2776 1
2774 3069 1
2774 3070 1
2775 2776 1
2778 3085 1
2783 2784 1
2787 2788 1
2789 2856 1
2791 2893 1
2793 2940 1
2795 3080 1
2796 2842 1
2797 3172 1
2798 2898 1
2801 3115 1
2801 3116 1
2801 3153 1
2803 2927 1
2806 2807 1
2806 2851 1
2808 2809 1
2809 3064 1
2810 2811 1
2814 3188 1
2816 2817 1
2816 2818 1
2821 2822 1
2831 2897 1
2832 2833 1
2832 3087 1
2833 3139 1
2833 3239 1
2835 3135 1
2836 2894 1
2836 2978 1
2838 2901 1
2838 3125 1
2843 2936 1
2843 3062 1
2844 2881 1
2845 2912 1
2847 3005 1
2847 3154 1
2847 3231 1
2848 3249 1
2850 3091 1
2852 3193 1
2853 2855 1
2853 2854 1
2857 2885 1
2861 3007 1
2862 2864 1
2863 2864 1
2868 3232 1
2876 3002 1
2882 2907 1
2887 2888 1
2889 2890 1
2891 3202 1
2895 2942 1
2899 3223 1
2899 3224 1
2902 2903 1
2905 3035 1
2913 2920 1
2915 2918 1
2915 2921 1
2917 2920 1
2918 2921 1
2919 2920 1
2920 2923 1
2920 3128 1
2922 2924 1
2926 3140 1
2928 3099 1
2930 2931 1
2932 3178 1
2934 3163 1
2936 3173 1
2937 3036 1
2938 3075 1
2939 3255 1
2942 3002 1
2945 2946 1
2945 2948 1
2946 2947 1
2947 2948 1
2950 2951 1
2953 3263 1
2956 2957 1
2956 3186 1
2958 3066 1
2960 3218 1
2961 3259 1
2964 2965 1
2967 2968 1
2969 2970 1
2972 3227 1
2973 2974 1
2973 3124 1
2974 3124 1
2975 2976 1
2985 2986 1
2987 3117 1
2992 3016 1
2992 3155 1
2993 2994 1
2997 3004 1
2998 3032 1
3002 3068 1
3002 3074 1
3005 3154 1
3008 3009 1
3010 3011 1
3010 3013 1
3011 3012 1
3014 3015 1
3017 3184 1
3019 3020 1
3020 3021 1
3024 3025 1
3024 3026 1
3025 3026 1
3027 3028 1
3030 3031 1
3033 3130 1
3038 3039 1
3040 3041 1
3040 3043 1
3041 3043 1
3042 3043 1
3045 3066 1
3048 3150 1
3052 3053 1
3052 3054 1
3052 3136 1
3053 3054 1
3053 3136 1
3055 3056 1
3057 3058 1
3058 3059 1
3060 3061 1
3060 3227 1
3062 3173 1
3073 3144 1
3078 3079 1
3086 3087 1
3089 3090 1
3092 3093 1
3102 3106 1
3102 3247 1
3102 3103 1
3102 3104 1
3102 3105 1
3102 3107 1
3103 3105 1
3103 3106 1
3105 3106 1
3111 3114 1
3122 3123 1
3122 3243 1
3123 3243 1
3127 3256 1
3132 3133 1
3137 3138 1
3142 3143 1
3151 3152 1
3155 3156 1
3158 3187 1
3164 3166 1
3165 3166 1
3165 3169 1
3175 3193 1
3175 3234 1
3179 3180 1
3182 3183 1
3185 3186 1
3190 3191 1
3194 3195 1
3198 3199 1
3201 3242 1
3203 3204 1
3205 3206 1
3213 3214 1
3213 3216 1
3214 3216 1
3219 3220 1
3219 3221 1
3236 3237 1
3240 3241 1
3254 3258 1
3260 3261 1
