2708 5278
0 258 1
0 544 1
0 8 1
0 435 1
0 14 1
1 344 1
2 552 1
2 471 1
2 565 1
2 410 1
3 197 1
3 463 1
3 601 1
4 170 1
5 490 1
5 2164 1
6 251 1
6 490 1
7 258 1
8 258 1
8 435 1
8 14 1
8 751 1
9 453 1
9 308 1
9 761 1
9 481 1
10 420 1
10 519 1
10 192 1
10 193 1
10 280 1
11 624 1
11 659 1
12 84 1
12 155 1
13 1234 1
13 578 1
13 482 1
14 258 1
14 437 1
14 400 1
14 393 1
14 232 1
14 544 1
14 746 1
14 242 1
14 708 1
14 31 1
14 736 1
14 268 1
14 384 1
14 613 1
14 751 1
14 435 1
14 443 1
15 234 1
15 701 1
15 254 1
15 152 1
15 399 1
15 253 1
15 129 1
15 538 1
15 322 1
15 80 1
16 552 1
16 466 1
16 566 1
16 1697 1
17 146 1
18 747 1
18 427 1
18 745 1
18 890 1
18 866 1
18 1932 1
18 127 1
19 74 1
19 571 1
20 640 1
20 732 1
20 25 1
20 334 1
20 267 1
21 438 1
21 294 1
21 1378 1
21 567 1
22 163 1
22 129 1
22 2257 1
22 1790 1
22 191 1
23 41 1
23 759 1
24 39 1
24 269 1
25 1181 1
25 1897 1
25 778 1
25 456 1
26 747 1
26 2612 1
26 1129 1
27 84 1
27 532 1
28 611 1
28 1606 1
28 1718 1
28 586 1
29 426 1
29 319 1
29 382 1
29 429 1
30 679 1
30 231 1
30 1148 1
30 285 1
30 2276 1
31 1116 1
31 250 1
32 679 1
33 250 1
33 1591 1
33 1701 1
34 559 1
34 66 1
34 565 1
34 566 1
34 35 1
36 745 1
36 1591 1
36 1066 1
36 2072 1
36 1974 1
36 2390 1
36 1701 1
36 1933 1
36 257 1
37 563 1
38 219 1
38 372 1
38 563 1
38 273 1
38 1689 1
39 82 1
40 761 1
41 1733 1
41 889 1
41 94 1
41 1982 1
41 725 1
41 533 1
41 2456 1
41 1713 1
41 892 1
41 352 1
41 115 1
41 888 1
41 1716 1
42 163 1
42 793 1
42 188 1
42 189 1
43 747 1
43 576 1
44 686 1
44 2428 1
44 88 1
45 1459 1
45 490 1
45 492 1
45 220 1
46 489 1
46 238 1
46 301 1
46 867 1
47 87 1
48 1783 1
48 2682 1
48 2456 1
48 725 1
49 581 1
49 643 1
50 581 1
50 583 1
50 643 1
50 150 1
51 645 1
51 2559 1
51 772 1
52 430 1
52 228 1
52 2487 1
52 2580 1
52 478 1
53 803 1
53 243 1
53 1563 1
53 1439 1
54 523 1
54 1687 1
54 2334 1
54 712 1
54 615 1
55 163 1
55 1905 1
55 361 1
55 1832 1
55 844 1
55 1784 1
56 1027 1
56 967 1
56 778 1
57 552 1
57 1459 1
57 565 1
57 306 1
57 967 1
58 1891 1
58 536 1
58 990 1
58 2495 1
59 570 1
59 576 1
59 1520 1
59 839 1
59 1709 1
59 872 1
59 874 1
60 552 1
60 562 1
60 565 1
60 252 1
60 688 1
61 240 1
62 324 1
62 332 1
62 2425 1
62 945 1
62 2474 1
62 2566 1
62 423 1
63 739 1
63 1546 1
63 210 1
63 153 1
64 583 1
64 289 1
64 486 1
64 284 1
65 743 1
65 744 1
66 2359 1
66 1248 1
66 2294 1
66 69 1
66 215 1
66 2310 1
66 1531 1
66 2441 1
66 2122 1
66 183 1
66 1698 1
66 149 1
66 2520 1
66 288 1
66 2157 1
67 729 1
68 1979 1
68 979 1
68 1845 1
68 1632 1
68 2007 1
68 522 1
68 1825 1
70 1521 1
70 1692 1
70 255 1
70 931 1
70 999 1
70 1986 1
71 929 1
71 677 1
71 2442 1
71 1559 1
71 1923 1
71 661 1
71 1641 1
71 74 1
72 747 1
72 745 1
72 771 1
72 202 1
73 747 1
74 906 1
74 1024 1
74 1017 1
74 1103 1
74 871 1
74 949 1
74 1220 1
74 1634 1
74 680 1
74 604 1
74 2513 1
74 2266 1
74 154 1
74 975 1
74 2654 1
74 2284 1
74 2335 1
74 505 1
74 511 1
74 987 1
74 2013 1
74 252 1
74 345 1
74 1676 1
74 622 1
74 547 1
74 881 1
74 787 1
74 2390 1
74 1928 1
74 263 1
74 661 1
74 2124 1
74 310 1
74 377 1
74 867 1
74 2421 1
74 193 1
75 1123 1
75 2122 1
75 2299 1
75 1854 1
75 1855 1
75 288 1
75 1354 1
76 869 1
76 1128 1
76 131 1
76 975 1
76 694 1
76 1934 1
76 345 1
76 181 1
76 2532 1
76 250 1
76 2390 1
76 661 1
76 2327 1
76 1548 1
76 392 1
76 518 1
77 337 1
78 766 1
78 560 1
78 157 1
78 2681 1
78 469 1
78 214 1
79 438 1
79 2207 1
80 2044 1
81 647 1
82 1378 1
82 565 1
82 548 1
82 1440 1
82 305 1
82 239 1
82 410 1
82 1553 1
82 295 1
83 747 1
83 294 1
84 347 1
84 1240 1
84 1241 1
84 715 1
84 998 1
84 155 1
84 950 1
84 1803 1
84 1347 1
84 1550 1
85 552 1
85 294 1
85 465 1
85 565 1
85 425 1
85 2368 1
86 735 1
86 652 1
86 249 1
86 373 1
87 383 1
87 2245 1
87 719 1
87 2021 1
88 251 1
88 762 1
88 587 1
88 116 1
88 225 1
88 760 1
88 682 1
88 208 1
88 371 1
89 638 1
89 430 1
89 635 1
90 680 1
91 747 1
91 745 1
92 552 1
92 2438 1
92 1259 1
92 565 1
92 136 1
92 479 1
93 759 1
93 725 1
94 126 1
95 759 1
95 161 1
95 1255 1
95 358 1
96 438 1
96 649 1
96 478 1
96 2061 1
97 439 1
98 1954 1
98 615 1
98 2696 1
99 759 1
99 1852 1
99 1803 1
99 2578 1
99 1613 1
99 2592 1
99 1619 1
99 1722 1
99 2679 1
99 1255 1
100 1611 1
100 265 1
100 758 1
101 1112 1
101 331 1
101 2680 1
101 2686 1
102 404 1
102 2012 1
102 1824 1
102 1893 1
102 1895 1
102 2333 1
102 1964 1
102 2583 1
103 294 1
103 465 1
103 471 1
103 565 1
103 128 1
104 747 1
104 771 1
105 1326 1
105 2434 1
105 248 1
106 597 1
107 1288 1
107 250 1
107 898 1
107 498 1
107 108 1
107 1937 1
108 1288 1
108 250 1
108 898 1
108 498 1
108 304 1
109 640 1
109 635 1
109 535 1
109 1296 1
109 1888 1
109 1074 1
109 459 1
109 672 1
109 884 1
109 2315 1
109 778 1
109 1661 1
109 171 1
109 955 1
109 507 1
109 488 1
109 967 1
109 2053 1
109 2054 1
110 747 1
110 745 1
110 687 1
111 350 1
112 747 1
112 624 1
112 881 1
112 572 1
113 747 1
114 171 1
115 138 1
115 904 1
115 2153 1
115 1713 1
115 2421 1
116 686 1
116 2428 1
117 345 1
117 513 1
117 155 1
117 452 1
118 465 1
118 565 1
118 636 1
119 430 1
119 228 1
119 686 1
120 2175 1
120 1184 1
120 1959 1
120 188 1
121 1990 1
121 1825 1
121 731 1
121 595 1
122 1093 1
122 124 1
122 127 1
122 2400 1
123 553 1
124 747 1
124 2400 1
124 127 1
124 745 1
125 160 1
125 394 1
125 1857 1
126 2208 1
127 747 1
127 2228 1
127 2400 1
127 745 1
128 294 1
128 565 1
129 163 1
129 2363 1
129 2446 1
129 1973 1
129 1409 1
129 188 1
129 2220 1
129 2165 1
129 2451 1
129 538 1
129 2193 1
129 1204 1
129 1728 1
130 640 1
130 459 1
130 672 1
132 346 1
133 608 1
133 611 1
133 394 1
134 1118 1
134 1782 1
134 505 1
134 2135 1
135 418 1
135 654 1
136 1259 1
136 2399 1
136 2487 1
136 2580 1
136 1370 1
136 2172 1
136 1479 1
136 2543 1
136 1776 1
136 244 1
136 1413 1
136 159 1
136 1102 1
136 2231 1
136 2635 1
136 986 1
136 479 1
136 1539 1
137 748 1
137 138 1
137 416 1
138 748 1
138 892 1
138 416 1
138 1713 1
138 1716 1
139 2361 1
139 188 1
140 323 1
141 163 1
141 1184 1
141 188 1
142 823 1
142 1318 1
142 1547 1
142 520 1
142 1283 1
142 230 1
142 227 1
142 391 1
143 201 1
143 180 1
143 337 1
143 346 1
143 363 1
144 188 1
144 444 1
144 2102 1
145 163 1
145 1646 1
145 2521 1
145 2286 1
145 390 1
145 1224 1
145 1218 1
145 2248 1
145 2251 1
145 2280 1
145 2296 1
145 1530 1
146 747 1
146 427 1
147 479 1
148 1649 1
148 1687 1
148 656 1
148 460 1
148 210 1
150 643 1
151 1595 1
151 1528 1
151 360 1
152 1383 1
153 747 1
153 294 1
154 392 1
155 513 1
156 521 1
156 236 1
156 431 1
156 314 1
157 1017 1
157 2230 1
157 1375 1
157 1637 1
157 1075 1
157 393 1
157 2680 1
157 897 1
157 716 1
157 1289 1
157 2019 1
157 2540 1
157 979 1
157 1038 1
157 214 1
157 766 1
157 2021 1
157 1718 1
157 560 1
157 181 1
157 740 1
157 2095 1
157 916 1
157 1452 1
157 371 1
157 1550 1
157 1340 1
157 2417 1
158 184 1
158 598 1
158 433 1
158 707 1
159 2172 1
159 2066 1
159 2543 1
159 2674 1
159 985 1
160 2681 1
160 469 1
160 2540 1
160 1857 1
160 322 1
161 759 1
161 713 1
161 996 1
161 2311 1
161 1147 1
161 684 1
162 173 1
162 775 1
163 402 1
163 659 1
163 1696 1
163 2295 1
163 1274 1
163 1286 1
163 1544 1
163 2600 1
163 2363 1
163 1905 1
163 1611 1
163 1807 1
163 1110 1
163 174 1
163 2521 1
163 1792 1
163 1675 1
163 1334 1
163 813 1
163 1799 1
163 1943 1
163 2077 1
163 765 1
163 769 1
163 781 1
163 940 1
163 942 1
163 1590 1
163 1734 1
163 1872 1
163 2286 1
163 390 1
163 1717 1
163 1030 1
163 2274 1
163 2518 1
163 606 1
163 800 1
163 1575 1
163 546 1
163 1070 1
163 309 1
163 935 1
163 1205 1
163 1571 1
163 1971 1
163 1127 1
163 530 1
163 856 1
163 2604 1
163 910 1
163 2173 1
163 191 1
163 1253 1
163 1728 1
163 1729 1
163 1206 1
163 2177 1
163 1136 1
163 1457 1
163 2265 1
163 1225 1
163 2563 1
163 1689 1
163 1498 1
163 563 1
163 2396 1
163 717 1
163 1890 1
163 188 1
163 982 1
163 1130 1
163 346 1
163 2673 1
163 1379 1
163 1380 1
163 1207 1
163 2451 1
163 961 1
163 624 1
163 1573 1
163 2232 1
163 2361 1
163 2659 1
163 743 1
163 744 1
163 1139 1
163 1572 1
163 1303 1
163 1305 1
163 415 1
163 2204 1
163 1224 1
163 219 1
163 2667 1
163 727 1
163 448 1
163 237 1
163 2557 1
163 2200 1
163 1218 1
163 2202 1
163 1069 1
163 1178 1
163 2175 1
163 966 1
163 1219 1
163 757 1
163 1685 1
163 1691 1
163 1850 1
163 1159 1
163 1410 1
163 380 1
163 1536 1
163 1650 1
163 1558 1
163 2564 1
163 2298 1
163 1362 1
163 1784 1
163 1831 1
163 1065 1
163 290 1
163 1277 1
163 395 1
163 1098 1
163 1404 1
163 1099 1
163 2196 1
163 2554 1
163 1715 1
163 2248 1
163 2251 1
163 2280 1
163 2296 1
163 1113 1
163 714 1
163 2638 1
163 602 1
163 1530 1
163 1257 1
163 2259 1
163 689 1
163 1060 1
163 2039 1
163 1594 1
163 2116 1
163 1775 1
163 422 1
163 2316 1
163 266 1
163 658 1
163 1333 1
163 1153 1
163 1515 1
163 1114 1
163 523 1
163 1106 1
163 1467 1
163 793 1
163 189 1
164 740 1
164 517 1
165 432 1
166 649 1
166 457 1
166 1125 1
167 552 1
167 1459 1
167 554 1
167 559 1
168 475 1
168 1756 1
168 2604 1
168 1728 1
169 570 1
169 212 1
170 250 1
172 430 1
172 635 1
172 245 1
173 552 1
173 294 1
173 565 1
173 566 1
173 1378 1
173 575 1
173 2485 1
174 501 1
174 503 1
174 2409 1
175 747 1
176 379 1
176 756 1
177 430 1
177 635 1
177 2192 1
177 965 1
177 885 1
177 1489 1
177 1959 1
177 911 1
178 378 1
178 286 1
179 608 1
179 611 1
179 331 1
180 350 1
181 766 1
181 662 1
181 518 1
182 468 1
182 491 1
183 539 1
183 454 1
183 541 1
184 428 1
184 432 1
184 433 1
185 324 1
185 332 1
185 389 1
186 747 1
186 294 1
186 566 1
186 588 1
187 462 1
188 721 1
188 755 1
188 717 1
188 415 1
188 757 1
188 380 1
188 262 1
188 523 1
188 189 1
189 2664 1
189 395 1
189 2102 1
190 519 1
190 2223 1
190 356 1
191 294 1
191 448 1
191 395 1
192 420 1
192 705 1
192 510 1
192 193 1
192 280 1
192 519 1
192 439 1
193 238 1
193 2549 1
193 280 1
193 420 1
193 519 1
194 673 1
195 735 1
195 707 1
195 196 1
196 216 1
196 707 1
197 295 1
197 633 1
197 749 1
198 747 1
198 655 1
199 591 1
199 640 1
200 1891 1
200 536 1
200 1464 1
201 350 1
201 427 1
201 1718 1
201 1990 1
202 747 1
202 427 1
202 771 1
202 204 1
203 747 1
203 2499 1
203 359 1
204 747 1
204 1645 1
204 1811 1
204 597 1
204 2410 1
204 2650 1
204 741 1
204 274 1
205 747 1
205 427 1
205 745 1
205 600 1
206 1028 1
206 1488 1
206 1490 1
206 1891 1
206 536 1
206 1042 1
207 747 1
207 688 1
207 1676 1
207 1536 1
208 430 1
208 635 1
208 1569 1
208 2343 1
208 1270 1
209 415 1
209 2334 1
209 2704 1
210 552 1
210 1459 1
210 295 1
210 738 1
210 644 1
211 325 1
211 645 1
211 1527 1
211 2076 1
212 570 1
212 576 1
213 490 1
213 492 1
213 734 1
214 469 1
214 587 1
215 478 1
215 2380 1
215 2061 1
215 696 1
216 735 1
217 747 1
217 2355 1
217 685 1
218 378 1
218 478 1
218 1290 1
219 402 1
219 1325 1
219 1738 1
219 2563 1
219 1689 1
219 563 1
219 846 1
219 757 1
219 1404 1
219 712 1
220 552 1
220 295 1
220 490 1
221 629 1
222 581 1
222 643 1
223 430 1
223 686 1
224 1819 1
224 597 1
224 1601 1
225 686 1
225 2428 1
226 617 1
227 638 1
227 438 1
227 378 1
227 478 1
227 823 1
227 1318 1
227 1547 1
227 2319 1
227 296 1
228 2465 1
228 2617 1
228 1692 1
228 259 1
228 900 1
228 323 1
229 747 1
229 477 1
230 427 1
230 1283 1
230 520 1
230 1284 1
230 406 1
230 391 1
231 486 1
231 285 1
232 613 1
232 268 1
233 1990 1
233 595 1
234 747 1
235 747 1
236 430 1
236 1617 1
236 1270 1
236 1271 1
237 329 1
237 1060 1
238 489 1
238 301 1
238 1815 1
239 552 1
239 1378 1
239 565 1
240 2652 1
240 2308 1
241 763 1
242 1006 1
242 574 1
243 728 1
243 357 1
244 565 1
244 750 1
245 1636 1
246 560 1
247 2257 1
247 500 1
247 2446 1
247 1973 1
247 563 1
247 982 1
247 1261 1
247 1117 1
248 1326 1
248 398 1
248 2088 1
248 419 1
249 2649 1
249 652 1
250 427 1
250 577 1
250 694 1
250 708 1
250 736 1
250 639 1
250 498 1
250 499 1
250 584 1
250 304 1
251 2560 1
251 932 1
251 1877 1
251 482 1
251 1505 1
251 865 1
252 294 1
252 562 1
252 688 1
253 1815 1
253 2670 1
254 1176 1
255 569 1
255 767 1
255 421 1
256 635 1
256 2369 1
256 928 1
256 430 1
256 2225 1
256 634 1
256 983 1
257 667 1
257 480 1
258 400 1
258 544 1
258 1031 1
258 268 1
258 1111 1
258 751 1
258 435 1
259 582 1
259 320 1
260 2559 1
260 1527 1
260 1324 1
260 419 1
260 619 1
260 2524 1
260 2166 1
260 2069 1
261 345 1
261 626 1
262 266 1
262 793 1
262 1980 1
263 2421 1
263 668 1
264 638 1
264 635 1
265 758 1
267 459 1
267 732 1
267 334 1
268 613 1
268 616 1
268 2571 1
268 2046 1
270 467 1
270 339 1
270 342 1
270 495 1
270 573 1
270 276 1
271 718 1
271 2056 1
272 516 1
272 914 1
272 1551 1
273 372 1
274 566 1
274 478 1
275 464 1
276 467 1
276 342 1
276 2115 1
276 2546 1
276 1993 1
277 552 1
277 523 1
277 294 1
277 483 1
277 567 1
278 1898 1
278 324 1
278 326 1
279 464 1
280 519 1
280 2549 1
281 858 1
281 460 1
282 589 1
282 592 1
283 523 1
283 747 1
283 565 1
283 2093 1
284 583 1
284 486 1
285 486 1
285 1148 1
286 378 1
286 2195 1
286 1963 1
287 591 1
287 640 1
287 549 1
288 2380 1
288 1377 1
288 2037 1
288 2157 1
289 1534 1
289 1535 1
289 1537 1
289 612 1
289 2568 1
289 1498 1
289 1278 1
290 2220 1
290 1911 1
290 1839 1
291 487 1
292 759 1
292 904 1
293 576 1
293 387 1
294 1353 1
294 502 1
294 1438 1
294 665 1
294 638 1
294 554 1
294 1672 1
294 807 1
294 699 1
294 633 1
294 636 1
294 2476 1
294 2430 1
294 465 1
294 466 1
294 477 1
294 483 1
294 564 1
294 565 1
294 566 1
294 588 1
295 471 1
295 565 1
295 1782 1
295 2078 1
295 1012 1
295 1316 1
296 638 1
296 438 1
296 1236 1
296 692 1
297 809 1
297 1321 1
297 441 1
298 552 1
298 410 1
299 746 1
299 2083 1
299 596 1
299 1827 1
299 2110 1
300 1621 1
300 593 1
301 489 1
302 428 1
302 432 1
302 598 1
303 426 1
303 1174 1
303 478 1
303 2091 1
304 427 1
304 1461 1
304 1912 1
305 552 1
305 565 1
305 410 1
306 552 1
306 554 1
306 565 1
306 967 1
306 1376 1
307 735 1
307 598 1
308 2028 1
308 1456 1
310 747 1
310 2513 1
310 668 1
311 552 1
311 406 1
312 427 1
312 645 1
312 772 1
312 577 1
313 1354 1
313 1377 1
313 801 1
313 534 1
313 1642 1
314 1073 1
314 1596 1
314 1726 1
314 1244 1
314 1684 1
314 509 1
315 747 1
316 344 1
317 417 1
317 2326 1
317 508 1
318 426 1
318 445 1
318 2310 1
318 991 1
318 2333 1
318 686 1
318 2427 1
318 1173 1
318 1644 1
319 1273 1
321 566 1
321 1954 1
321 1192 1
321 2179 1
321 2305 1
322 2508 1
322 1027 1
322 1644 1
322 967 1
323 1322 1
323 2560 1
323 2467 1
324 326 1
324 389 1
324 327 1
324 332 1
325 1201 1
326 327 1
327 945 1
327 1899 1
327 1532 1
328 747 1
328 2619 1
330 747 1
330 576 1
330 359 1
330 731 1
330 354 1
331 774 1
332 389 1
332 1064 1
333 477 1
333 565 1
333 566 1
333 463 1
335 344 1
335 426 1
335 378 1
335 585 1
336 747 1
337 346 1
337 363 1
338 627 1
339 1549 1
339 1602 1
339 495 1
339 342 1
340 529 1
340 341 1
340 709 1
341 529 1
341 709 1
342 1945 1
342 2546 1
342 1993 1
342 467 1
342 776 1
342 495 1
342 729 1
342 1800 1
342 2016 1
343 1274 1
343 1571 1
343 530 1
343 1303 1
343 1098 1
343 1577 1
343 1523 1
344 1622 1
344 2617 1
344 2609 1
344 1671 1
344 1881 1
344 2339 1
344 2441 1
344 2229 1
344 963 1
344 1442 1
344 1445 1
344 2589 1
344 1312 1
344 1627 1
344 2032 1
344 2171 1
344 1267 1
344 1275 1
344 2290 1
344 2291 1
344 1260 1
344 348 1
344 1244 1
344 675 1
344 521 1
344 2426 1
344 1007 1
344 2215 1
345 2389 1
345 2266 1
345 1924 1
345 2421 1
345 622 1
346 363 1
347 713 1
347 998 1
347 999 1
347 452 1
348 638 1
348 1596 1
348 1244 1
349 747 1
350 730 1
350 770 1
350 664 1
350 427 1
350 351 1
351 730 1
352 904 1
352 1372 1
353 747 1
353 427 1
354 576 1
354 839 1
354 1072 1
354 1520 1
355 576 1
355 745 1
355 1562 1
355 1093 1
355 1094 1
355 2068 1
356 510 1
357 2089 1
357 803 1
357 537 1
357 1563 1
358 1255 1
359 2499 1
359 2376 1
359 1787 1
359 2567 1
359 2505 1
359 1871 1
359 1320 1
359 2422 1
359 2498 1
359 2322 1
359 808 1
359 1342 1
359 1068 1
360 698 1
362 747 1
362 2191 1
364 590 1
364 366 1
364 365 1
365 590 1
365 2572 1
365 2112 1
366 590 1
367 552 1
367 483 1
367 565 1
367 440 1
368 611 1
368 747 1
369 747 1
370 552 1
370 562 1
370 875 1
371 2507 1
373 652 1
374 552 1
374 455 1
375 638 1
375 635 1
375 1576 1
375 836 1
376 558 1
376 641 1
376 704 1
377 622 1
378 960 1
378 2012 1
378 2195 1
378 2042 1
378 1238 1
378 585 1
378 1644 1
378 1290 1
378 1207 1
378 692 1
378 1275 1
378 2290 1
378 2291 1
378 1963 1
378 396 1
378 2447 1
378 2583 1
378 1027 1
378 1061 1
378 1678 1
378 1539 1
379 756 1
380 1737 1
380 1784 1
380 2641 1
380 2196 1
380 1473 1
380 1474 1
380 1257 1
380 934 1
381 430 1
381 2342 1
381 686 1
381 635 1
382 1236 1
382 2132 1
382 1837 1
383 638 1
383 631 1
385 565 1
385 567 1
386 611 1
386 747 1
386 745 1
388 439 1
388 2590 1
389 577 1
389 1937 1
391 427 1
391 438 1
391 1283 1
394 608 1
396 478 1
397 747 1
397 2346 1
397 659 1
398 419 1
398 776 1
399 427 1
399 1250 1
399 1251 1
400 2354 1
400 2360 1
400 555 1
401 2462 1
401 577 1
401 632 1
401 442 1
402 403 1
402 681 1
402 538 1
403 2302 1
403 2104 1
403 2309 1
405 1592 1
405 1285 1
405 753 1
406 427 1
406 2307 1
407 512 1
407 2439 1
407 1763 1
407 1298 1
407 1875 1
408 630 1
409 2582 1
409 753 1
409 1606 1
409 1298 1
410 565 1
411 1891 1
411 512 1
411 2594 1
411 1470 1
411 536 1
411 2582 1
411 1600 1
411 2232 1
412 552 1
412 688 1
413 611 1
414 1174 1
414 1877 1
414 908 1
414 1442 1
414 1445 1
414 440 1
415 523 1
415 995 1
415 789 1
415 2664 1
415 2103 1
415 1737 1
415 1832 1
415 1836 1
415 1790 1
415 2353 1
415 712 1
416 1713 1
416 2510 1
416 1913 1
417 508 1
418 479 1
418 1312 1
418 1269 1
418 1198 1
418 740 1
419 1527 1
419 1326 1
419 1747 1
420 2214 1
420 2590 1
420 519 1
420 439 1
422 1069 1
422 1685 1
422 1691 1
423 557 1
423 558 1
423 1290 1
423 2425 1
423 1934 1
424 571 1
425 565 1
426 2369 1
426 1576 1
426 836 1
426 1187 1
426 2126 1
426 1486 1
426 937 1
426 1275 1
426 1061 1
426 1528 1
426 2431 1
427 2044 1
427 2295 1
427 1274 1
427 1766 1
427 1914 1
427 2255 1
427 1103 1
427 1811 1
427 2383 1
427 493 1
427 2453 1
427 1760 1
427 665 1
427 2574 1
427 2388 1
427 1399 1
427 1405 1
427 494 1
427 610 1
427 587 1
427 2258 1
427 823 1
427 1318 1
427 526 1
427 1547 1
427 2412 1
427 1037 1
427 2306 1
427 1283 1
427 1284 1
427 2658 1
427 698 1
427 1975 1
427 584 1
427 2448 1
427 2683 1
427 1488 1
427 954 1
427 2437 1
427 916 1
427 1999 1
427 674 1
427 946 1
427 1577 1
427 658 1
427 696 1
427 461 1
427 1340 1
427 561 1
427 477 1
427 2024 1
428 598 1
428 433 1
428 432 1
429 1290 1
429 1514 1
430 2487 1
430 1617 1
430 2593 1
430 1637 1
430 683 1
430 2033 1
430 1165 1
430 1792 1
430 2197 1
430 2137 1
430 1020 1
430 524 1
430 1698 1
430 1284 1
430 651 1
430 1207 1
430 2343 1
430 547 1
430 1568 1
430 632 1
430 2557 1
430 686 1
430 1270 1
430 635 1
430 1569 1
430 634 1
431 1608 1
431 2137 1
432 598 1
432 433 1
434 1339 1
434 597 1
434 2473 1
435 751 1
436 635 1
438 550 1
438 607 1
438 616 1
438 710 1
438 692 1
438 720 1
440 562 1
441 638 1
442 635 1
442 1908 1
444 753 1
445 690 1
446 552 1
446 554 1
447 630 1
447 1501 1
447 1471 1
449 638 1
449 566 1
449 479 1
449 1539 1
450 954 1
450 2558 1
450 646 1
451 552 1
451 2537 1
451 2666 1
452 513 1
453 591 1
453 2156 1
453 706 1
453 1712 1
453 2059 1
453 2354 1
453 2455 1
453 1566 1
453 1358 1
453 1661 1
453 2092 1
453 2098 1
453 2099 1
453 1449 1
453 514 1
453 2618 1
453 1269 1
453 876 1
453 1025 1
453 2034 1
453 549 1
453 1124 1
454 539 1
454 1368 1
454 541 1
455 552 1
456 1560 1
456 569 1
456 1296 1
456 2455 1
456 2653 1
456 2099 1
456 1748 1
456 549 1
456 672 1
457 649 1
458 747 1
458 745 1
459 640 1
459 1705 1
462 1644 1
462 2582 1
463 477 1
463 483 1
463 564 1
464 467 1
464 573 1
465 523 1
465 2027 1
465 2672 1
465 2368 1
465 466 1
465 565 1
465 566 1
466 552 1
466 565 1
466 566 1
467 2000 1
467 495 1
467 729 1
467 2016 1
468 1713 1
468 896 1
468 2377 1
468 491 1
470 478 1
471 1045 1
471 1632 1
471 1859 1
471 621 1
472 552 1
472 566 1
472 1006 1
472 650 1
473 552 1
473 1459 1
474 635 1
474 698 1
476 605 1
476 1091 1
476 1056 1
477 1645 1
477 1766 1
477 2409 1
477 2658 1
477 565 1
477 566 1
477 745 1
478 523 1
478 565 1
478 618 1
478 520 1
478 497 1
478 754 1
478 568 1
478 479 1
479 649 1
479 1354 1
479 1627 1
479 2636 1
479 2300 1
480 2570 1
480 667 1
480 2270 1
482 551 1
482 578 1
483 552 1
483 933 1
483 749 1
483 650 1
483 566 1
484 641 1
484 642 1
484 1574 1
485 2514 1
485 711 1
485 2380 1
485 1838 1
485 2561 1
486 1597 1
486 1278 1
486 1148 1
486 2276 1
487 538 1
488 591 1
488 549 1
488 2053 1
489 747 1
489 2670 1
489 1815 1
490 492 1
490 734 1
491 2377 1
491 2318 1
492 565 1
492 1741 1
492 2323 1
492 1186 1
492 734 1
492 2419 1
494 747 1
496 2393 1
496 501 1
496 1896 1
496 663 1
497 2342 1
499 1287 1
499 1288 1
500 2444 1
500 1767 1
500 563 1
501 503 1
501 663 1
502 747 1
502 565 1
502 567 1
502 2536 1
503 1813 1
503 1952 1
503 2396 1
503 1851 1
503 2029 1
504 702 1
506 514 1
507 2427 1
507 549 1
507 798 1
507 2391 1
507 1888 1
507 2548 1
508 523 1
508 2326 1
509 669 1
510 519 1
510 2223 1
511 611 1
514 569 1
515 2164 1
515 637 1
517 1198 1
517 1170 1
517 2509 1
518 766 1
518 662 1
518 2532 1
519 2608 1
519 705 1
519 2223 1
519 2549 1
519 2590 1
519 2448 1
520 719 1
520 524 1
521 638 1
521 1259 1
521 2312 1
521 1081 1
521 1082 1
522 525 1
523 870 1
523 2442 1
523 2600 1
523 1616 1
523 2551 1
523 910 1
523 882 1
523 1214 1
523 1687 1
523 1931 1
523 2408 1
523 961 1
523 2642 1
523 1676 1
523 540 1
523 1790 1
523 565 1
523 2480 1
523 551 1
523 1921 1
523 717 1
524 1454 1
524 1169 1
525 1425 1
525 684 1
525 1419 1
525 1427 1
526 747 1
527 747 1
527 2606 1
527 1656 1
527 2662 1
527 1968 1
528 678 1
529 709 1
531 2187 1
531 693 1
531 1490 1
533 777 1
535 1560 1
535 672 1
535 761 1
537 606 1
537 1204 1
538 2309 1
538 1738 1
538 1689 1
538 2165 1
538 2193 1
538 1204 1
538 1036 1
539 1123 1
539 1665 1
539 1210 1
539 1209 1
539 1453 1
539 541 1
540 543 1
540 603 1
540 1121 1
540 1640 1
541 1123 1
542 747 1
542 1203 1
542 779 1
544 751 1
545 747 1
548 552 1
548 565 1
548 1859 1
548 1860 1
549 591 1
549 640 1
549 574 1
549 672 1
550 569 1
550 2423 1
550 1422 1
551 2215 1
551 2473 1
552 644 1
552 653 1
552 554 1
552 559 1
552 723 1
552 688 1
552 621 1
552 636 1
552 738 1
552 749 1
552 671 1
552 691 1
552 575 1
552 601 1
553 2459 1
554 1859 1
554 565 1
554 875 1
555 615 1
555 556 1
555 2354 1
556 2354 1
556 2360 1
556 615 1
557 558 1
558 2660 1
558 1934 1
558 2463 1
558 1137 1
558 1816 1
558 905 1
558 1641 1
558 1532 1
558 1555 1
558 2034 1
559 1816 1
559 1378 1
559 2341 1
560 1375 1
560 2287 1
560 955 1
560 938 1
560 740 1
560 1452 1
561 747 1
561 745 1
562 1401 1
562 2014 1
562 2018 1
562 1889 1
562 671 1
562 1117 1
562 1183 1
564 565 1
564 738 1
564 1841 1
565 1782 1
565 1440 1
565 2027 1
565 1401 1
565 1585 1
565 2442 1
565 1012 1
565 1376 1
565 1616 1
565 1316 1
565 644 1
565 1438 1
565 773 1
565 842 1
565 1957 1
565 1213 1
565 910 1
565 1741 1
565 882 1
565 2672 1
565 1546 1
565 2118 1
565 1859 1
565 1529 1
565 1727 1
565 1540 1
565 621 1
565 633 1
565 738 1
565 2472 1
565 2642 1
565 1676 1
565 1975 1
565 671 1
565 691 1
565 1790 1
565 1378 1
565 566 1
565 2480 1
565 575 1
565 2485 1
565 2628 1
565 2629 1
565 1373 1
565 601 1
566 1459 1
566 1782 1
566 1544 1
566 733 1
566 1447 1
566 2221 1
566 699 1
566 688 1
566 2658 1
566 633 1
566 858 1
566 1816 1
566 671 1
566 2480 1
566 2485 1
566 588 1
566 1643 1
567 1828 1
567 970 1
568 843 1
569 1181 1
569 767 1
569 1273 1
569 1092 1
569 1712 1
569 1522 1
569 1986 1
569 1457 1
569 1430 1
569 2099 1
569 710 1
569 1269 1
569 1000 1
569 1025 1
570 2026 1
570 1258 1
570 1381 1
570 1200 1
570 1243 1
570 1246 1
570 1524 1
570 1709 1
570 1922 1
570 1814 1
570 872 1
570 874 1
570 1245 1
570 1067 1
570 576 1
570 1520 1
571 2331 1
571 2495 1
571 1762 1
571 2694 1
572 747 1
572 624 1
572 881 1
574 640 1
574 672 1
574 1962 1
574 2360 1
574 2475 1
574 1827 1
574 1006 1
574 2040 1
575 882 1
575 1378 1
575 2485 1
575 738 1
575 843 1
576 605 1
576 863 1
576 2026 1
576 1258 1
576 1381 1
576 1526 1
576 1200 1
576 1524 1
576 1710 1
576 1922 1
576 726 1
576 1801 1
576 834 1
576 839 1
576 1814 1
576 1014 1
576 2552 1
576 1932 1
576 874 1
576 1245 1
576 1067 1
576 731 1
577 2660 1
577 1502 1
577 2492 1
577 1532 1
577 2034 1
578 1877 1
578 1122 1
578 1333 1
579 611 1
579 747 1
579 696 1
580 922 1
580 1212 1
580 1497 1
580 581 1
580 1126 1
580 1215 1
582 818 1
582 1792 1
582 1498 1
583 2398 1
583 2568 1
583 1214 1
583 1278 1
583 1126 1
583 643 1
583 2371 1
584 639 1
585 911 1
585 1275 1
585 2290 1
585 2291 1
585 1061 1
585 2091 1
587 2239 1
588 747 1
588 699 1
589 592 1
589 1509 1
591 2690 1
591 2155 1
591 1186 1
591 1358 1
591 2475 1
591 2182 1
591 848 1
591 1032 1
591 1105 1
591 2054 1
591 640 1
591 672 1
592 1144 1
592 1509 1
593 594 1
594 1122 1
594 1621 1
594 1194 1
597 675 1
599 747 1
600 747 1
600 745 1
600 1052 1
601 611 1
601 1741 1
602 1114 1
602 2334 1
603 1047 1
603 1640 1
603 670 1
604 668 1
605 676 1
607 1306 1
607 1055 1
607 821 1
608 2230 1
608 680 1
608 975 1
608 611 1
609 747 1
609 719 1
610 747 1
611 899 1
611 2230 1
611 2501 1
611 1103 1
611 2340 1
611 2352 1
611 718 1
611 864 1
611 2505 1
611 1755 1
611 1763 1
611 2050 1
611 716 1
611 1732 1
611 2540 1
611 2676 1
611 2385 1
611 1668 1
611 633 1
611 1352 1
611 1493 1
611 1116 1
611 1564 1
611 1488 1
611 2378 1
611 938 1
611 1265 1
611 1935 1
611 1499 1
611 2260 1
611 1315 1
611 2325 1
611 1079 1
611 719 1
612 2568 1
612 1046 1
612 1348 1
612 629 1
613 2571 1
613 616 1
613 2107 1
613 2496 1
614 615 1
616 2046 1
618 638 1
620 747 1
621 1859 1
621 738 1
623 2341 1
623 1172 1
623 637 1
623 2140 1
623 1937 1
623 1064 1
624 700 1
624 659 1
625 700 1
625 659 1
626 687 1
627 1057 1
627 1562 1
627 1679 1
627 1270 1
628 747 1
629 1535 1
629 1537 1
631 1057 1
631 1562 1
632 2508 1
632 635 1
632 1909 1
632 683 1
632 1582 1
633 1459 1
634 635 1
634 1570 1
634 2593 1
634 1513 1
634 686 1
635 683 1
635 722 1
635 660 1
635 651 1
635 686 1
635 640 1
636 2027 1
636 2173 1
636 2672 1
636 2174 1
636 2204 1
636 2233 1
636 764 1
636 1573 1
636 2687 1
638 2465 1
638 2146 1
638 701 1
638 862 1
638 722 1
638 1808 1
638 1189 1
638 1460 1
638 1312 1
638 1468 1
638 1895 1
638 2673 1
638 2171 1
638 2541 1
638 2045 1
638 1327 1
638 779 1
638 1027 1
638 2426 1
638 1539 1
638 1919 1
638 2409 1
639 1763 1
640 1363 1
640 1897 1
640 2475 1
640 732 1
640 2054 1
641 1739 1
642 697 1
643 1121 1
643 1904 1
643 2489 1
645 742 1
648 693 1
649 2560 1
649 2294 1
649 2581 1
649 2403 1
649 2123 1
649 752 1
649 1643 1
650 656 1
650 1006 1
650 1557 1
653 2480 1
654 1260 1
655 747 1
656 773 1
656 657 1
657 1581 1
658 1577 1
659 695 1
661 1191 1
663 2393 1
664 978 1
665 747 1
666 745 1
667 2570 1
667 2270 1
667 2072 1
667 1974 1
667 2227 1
667 1356 1
667 1928 1
667 867 1
668 1508 1
668 975 1
668 2413 1
668 2414 1
668 2683 1
668 1315 1
668 2562 1
671 1459 1
671 1599 1
672 2329 1
672 2004 1
672 1386 1
672 1343 1
672 2360 1
672 1363 1
672 2696 1
672 1460 1
672 1293 1
672 1003 1
672 1004 1
672 2653 1
672 924 1
672 2040 1
675 2215 1
675 2339 1
675 1442 1
675 1445 1
675 1429 1
676 1091 1
676 1056 1
676 1014 1
680 747 1
681 2309 1
681 712 1
682 1791 1
682 2430 1
683 686 1
683 1860 1
684 1425 1
684 1550 1
684 779 1
685 747 1
686 1273 1
686 760 1
686 1698 1
686 2541 1
686 2557 1
687 745 1
687 1157 1
687 2381 1
687 1564 1
687 2683 1
687 1700 1
687 1704 1
687 741 1
688 1248 1
688 835 1
689 1826 1
689 1580 1
689 967 1
690 2457 1
691 1649 1
691 2658 1
691 1557 1
692 1191 1
693 1501 1
693 1471 1
695 747 1
695 1967 1
696 747 1
696 1672 1
698 1431 1
699 747 1
700 747 1
700 879 1
701 1644 1
703 747 1
703 2233 1
705 1910 1
708 1116 1
710 847 1
712 2664 1
712 1965 1
712 1036 1
714 2089 1
714 1218 1
714 1035 1
714 1299 1
714 833 1
717 2502 1
717 1877 1
717 2568 1
717 1122 1
719 747 1
719 1133 1
719 1112 1
719 1838 1
719 2561 1
719 1666 1
724 747 1
724 2612 1
726 1418 1
726 1068 1
727 1136 1
727 1016 1
727 1799 1
728 1016 1
728 943 1
728 1127 1
728 1305 1
728 1466 1
729 1945 1
729 1993 1
730 770 1
730 1889 1
731 1450 1
731 1778 1
731 808 1
731 1656 1
732 1897 1
735 1956 1
735 2527 1
735 2106 1
735 2649 1
736 1116 1
737 747 1
737 2024 1
738 1585 1
738 1376 1
738 1213 1
738 1741 1
738 1727 1
738 2628 1
738 2629 1
738 1183 1
740 929 1
740 1703 1
740 1559 1
740 1664 1
740 1667 1
740 1683 1
741 747 1
741 1157 1
742 1240 1
742 772 1
743 2030 1
743 2659 1
743 2077 1
743 2316 1
743 744 1
744 2030 1
744 2077 1
744 2316 1
745 1756 1
745 1763 1
745 1157 1
745 2162 1
745 771 1
745 2165 1
745 1564 1
745 2437 1
745 962 1
745 1932 1
745 1700 1
745 1704 1
745 2325 1
745 1886 1
745 2336 1
745 1884 1
745 1885 1
747 763 1
747 771 1
747 779 1
748 1933 1
748 1926 1
748 1941 1
749 1459 1
749 2485 1
752 1621 1
755 757 1
755 2058 1
755 1404 1
757 846 1
757 1965 1
757 2058 1
758 1980 1
760 2428 1
763 2355 1
763 1879 1
764 910 1
764 1573 1
764 2687 1
764 769 1
764 1581 1
764 2174 1
764 1311 1
766 979 1
766 2532 1
768 772 1
770 1285 1
772 1502 1
772 2166 1
772 2167 1
772 1240 1
772 1241 1
772 2076 1
772 1147 1
773 1643 1
773 1687 1
774 2707 1
774 1493 1
775 1459 1
775 875 1
776 1326 1
776 2166 1
776 2088 1
779 1203 1
780 1139 1
780 1598 1
781 846 1
781 1184 1
781 1533 1
782 1532 1
783 1328 1
783 1812 1
783 1407 1
783 1155 1
784 845 1
784 1613 1
784 1338 1
784 917 1
785 1328 1
785 1812 1
785 862 1
785 1155 1
785 1513 1
786 1363 1
786 1003 1
786 1004 1
786 791 1
787 1287 1
787 1288 1
787 1437 1
788 2341 1
788 2425 1
788 945 1
788 2323 1
788 1414 1
788 1268 1
789 1409 1
789 1206 1
790 2057 1
790 1234 1
790 1510 1
791 1560 1
791 1003 1
791 1004 1
791 1661 1
792 1095 1
792 798 1
793 1110 1
793 959 1
793 1334 1
793 1694 1
793 1330 1
793 1734 1
793 943 1
793 1070 1
793 1205 1
793 1127 1
793 856 1
793 1380 1
793 1139 1
793 1069 1
793 1691 1
793 1455 1
793 1715 1
793 1249 1
793 1333 1
793 1467 1
794 795 1
795 865 1
796 1629 1
797 1645 1
798 1433 1
798 1095 1
798 1105 1
799 1122 1
799 2656 1
799 1699 1
799 1706 1
800 1136 1
801 1475 1
801 1542 1
802 973 1
802 1168 1
803 1563 1
803 1439 1
804 1459 1
804 1697 1
804 1585 1
804 1664 1
805 930 1
805 990 1
806 1354 1
806 1138 1
806 1121 1
807 1672 1
807 1438 1
808 863 1
808 1450 1
808 1320 1
808 1342 1
809 1190 1
809 1229 1
809 1639 1
809 1222 1
809 1044 1
809 908 1
809 1615 1
809 812 1
809 814 1
809 919 1
809 1080 1
809 1365 1
809 1129 1
810 1287 1
810 1718 1
811 910 1
811 1140 1
811 1253 1
812 1044 1
812 1080 1
812 1365 1
812 814 1
812 1341 1
813 1523 1
814 1044 1
814 1365 1
814 1321 1
814 1129 1
814 1080 1
815 1523 1
815 880 1
816 1203 1
816 881 1
817 1125 1
817 1212 1
817 818 1
817 819 1
817 1367 1
818 1125 1
818 1212 1
818 1215 1
818 819 1
819 1212 1
819 1215 1
819 1154 1
820 1146 1
820 1252 1
820 829 1
820 1115 1
821 1389 1
821 1421 1
822 1484 1
822 1644 1
823 1283 1
824 1215 1
824 1621 1
824 1707 1
825 1215 1
825 1707 1
826 1273 1
826 1606 1
826 1457 1
826 1422 1
826 1237 1
827 1527 1
827 909 1
827 1894 1
827 913 1
828 1457 1
828 1422 1
829 1252 1
829 962 1
830 1252 1
831 2243 1
831 2466 1
831 885 1
832 1701 1
832 1052 1
833 1218 1
833 1796 1
833 2001 1
833 1516 1
834 1067 1
834 1520 1
834 1814 1
834 1821 1
835 1248 1
836 1595 1
836 1266 1
837 1007 1
837 1489 1
837 1686 1
838 1458 1
839 1072 1
839 1520 1
839 1526 1
839 1709 1
839 874 1
839 1067 1
840 1196 1
841 1240 1
841 2559 1
842 1540 1
843 1101 1
843 2658 1
844 1184 1
844 934 1
844 974 1
844 1784 1
846 2173 1
846 1533 1
846 2204 1
847 1402 1
847 1468 1
847 848 1
847 1032 1
847 967 1
848 1388 1
848 1739 1
848 1400 1
848 1468 1
848 1607 1
848 1223 1
848 1032 1
848 967 1
849 1720 1
850 917 1
851 1491 1
852 1654 1
852 1015 1
853 1053 1
853 1732 1
853 1019 1
853 2423 1
854 1178 1
854 2598 1
854 1231 1
854 2211 1
855 1654 1
855 1338 1
856 1016 1
856 1153 1
857 1125 1
857 1483 1
857 2060 1
858 1084 1
858 2035 1
858 991 1
858 2556 1
858 2303 1
859 1198 1
860 1184 1
860 1940 1
860 1911 1
860 934 1
861 1236 1
861 1431 1
861 1678 1
862 986 1
862 1019 1
862 2423 1
862 1812 1
862 2364 1
862 1513 1
862 1407 1
862 1155 1
863 2499 1
864 1079 1
865 2560 1
865 932 1
865 1505 1
866 890 1
867 1493 1
868 1643 1
868 1649 1
869 1374 1
870 1687 1
871 1591 1
872 1520 1
873 1520 1
873 920 1
874 1520 1
875 933 1
875 1192 1
876 1269 1
876 1006 1
876 1025 1
877 1569 1
877 1010 1
877 1578 1
877 1651 1
878 1023 1
878 1472 1
879 979 1
880 1523 1
881 1256 1
881 1203 1
881 1119 1
881 2295 1
881 2702 1
881 2203 1
881 2405 1
881 1411 1
881 2454 1
881 2423 1
882 1378 1
882 1012 1
882 1616 1
882 1316 1
882 1529 1
883 1665 1
883 1210 1
884 1658 1
885 1335 1
886 1295 1
887 1531 1
887 983 1
888 1731 1
888 896 1
889 904 1
889 2153 1
889 1713 1
889 892 1
891 1437 1
892 904 1
892 1713 1
892 1716 1
893 1259 1
893 1174 1
893 1290 1
894 1255 1
895 1436 1
896 1372 1
897 1240 1
898 1687 1
899 1672 1
899 1564 1
899 1565 1
900 1351 1
900 1583 1
900 1533 1
900 1207 1
901 1497 1
901 1553 1
901 1554 1
902 1174 1
902 910 1
902 964 1
902 965 1
902 966 1
902 981 1
903 1491 1
903 1672 1
904 1733 1
904 1372 1
905 1287 1
905 1393 1
905 976 1
905 1397 1
906 1860 1
906 1019 1
907 1252 1
908 2304 1
908 919 1
909 1527 1
909 1894 1
909 913 1
910 1589 1
910 1673 1
910 1131 1
910 1432 1
910 1590 1
910 1140 1
910 1253 1
910 982 1
910 1573 1
910 1311 1
910 964 1
910 966 1
910 1221 1
910 981 1
910 1481 1
910 1117 1
911 1354 1
912 1240 1
912 1241 1
912 1149 1
912 1150 1
914 1551 1
915 1172 1
915 1294 1
916 1038 1
916 2686 1
916 2373 1
916 2374 1
917 1338 1
918 1252 1
919 1129 1
920 1520 1
921 1265 1
921 1725 1
922 1416 1
922 1233 1
922 923 1
923 1126 1
923 1416 1
923 1233 1
924 1480 1
924 1309 1
924 1539 1
924 1460 1
925 1532 1
926 1112 1
926 1019 1
927 1328 1
927 1019 1
928 1636 1
928 983 1
929 1697 1
929 1559 1
929 2442 1
930 1254 1
930 1062 1
931 1484 1
931 1053 1
931 1000 1
931 1463 1
932 1505 1
934 1353 1
934 940 1
934 1009 1
934 1631 1
935 1136 1
936 1515 1
937 1234 1
938 1127 1
938 2196 1
939 1242 1
941 1717 1
941 1441 1
942 1153 1
943 1016 1
943 1466 1
943 1646 1
944 1335 1
944 1337 1
945 1287 1
945 1414 1
946 1600 1
946 1179 1
947 1328 1
948 1281 1
948 1282 1
948 1446 1
949 1512 1
949 1608 1
950 1240 1
950 1241 1
951 2605 1
951 1554 1
951 1401 1
952 1660 1
952 1064 1
953 972 1
954 1461 1
954 1591 1
954 969 1
955 1280 1
956 1178 1
956 995 1
956 2598 1
956 1231 1
957 967 1
958 1409 1
959 1130 1
960 1292 1
960 1301 1
961 1515 1
963 1519 1
964 1673 1
964 1432 1
964 1140 1
964 965 1
964 966 1
964 1481 1
965 1673 1
965 1432 1
965 1590 1
965 1140 1
965 1253 1
965 966 1
965 981 1
965 1481 1
965 1060 1
966 1673 1
966 1131 1
966 1140 1
966 1481 1
967 1394 1
967 1400 1
967 1561 1
967 1032 1
968 1285 1
970 1378 1
970 1396 1
970 974 1
970 1533 1
971 1527 1
971 1326 1
971 2166 1
971 1602 1
973 993 1
975 1079 1
976 1287 1
976 1393 1
976 1268 1
977 1234 1
978 1954 1
978 1593 1
978 1825 1
979 1845 1
979 1825 1
980 1488 1
981 1140 1
983 1636 1
983 1531 1
983 1302 1
983 1002 1
983 1735 1
984 1048 1
985 2038 1
985 2066 1
985 1102 1
986 2484 1
986 1642 1
986 2616 1
986 2605 1
986 1644 1
986 2614 1
987 1240 1
987 1608 1
988 1515 1
989 1418 1
989 1068 1
990 1774 1
991 1084 1
991 1368 1
992 1354 1
994 1354 1
995 1690 1
995 1178 1
995 2139 1
995 1971 1
995 1985 1
995 1230 1
995 1231 1
995 1232 1
995 1495 1
995 2673 1
996 1015 1
997 1271 1
998 1240 1
998 1241 1
999 1512 1
999 1240 1
999 1463 1
1000 1185 1
1001 1354 1
1002 1735 1
1003 2146 1
1003 2028 1
1003 2483 1
1003 1343 1
1003 1364 1
1003 1469 1
1003 1897 1
1003 1004 1
1003 2182 1
1004 2146 1
1004 2483 1
1004 2350 1
1004 1343 1
1004 1364 1
1004 1469 1
1005 1313 1
1006 2360 1
1006 2040 1
1006 1025 1
1007 2217 1
1007 2426 1
1007 1919 1
1008 1569 1
1008 1011 1
1008 1486 1
1009 1079 1
1009 2175 1
1010 1061 1
1010 1569 1
1010 1011 1
1010 1651 1
1010 1182 1
1010 1578 1
1011 1569 1
1013 1156 1
1014 1091 1
1014 1056 1
1015 1338 1
1016 1110 1
1016 1070 1
1016 1205 1
1016 1729 1
1016 1305 1
1016 1670 1
1016 1466 1
1017 1574 1
1018 1136 1
1018 1142 1
1018 1139 1
1019 1256 1
1019 1290 1
1020 1322 1
1020 1328 1
1020 1329 1
1020 1337 1
1020 2577 1
1021 1464 1
1022 1282 1
1023 1090 1
1024 2338 1
1024 1335 1
1024 1053 1
1025 1238 1
1025 1290 1
1025 1388 1
1025 1712 1
1025 1449 1
1026 1433 1
1026 1105 1
1027 1322 1
1027 1336 1
1027 1388 1
1028 1435 1
1028 1037 1
1028 1042 1
1028 1610 1
1029 1090 1
1029 2456 1
1030 1136 1
1030 1946 1
1030 1796 1
1031 1328 1
1032 1335 1
1033 1174 1
1034 1178 1
1034 1730 1
1035 1216 1
1035 1218 1
1036 1662 1
1037 1470 1
1037 1042 1
1037 1610 1
1038 1196 1
1039 1354 1
1040 1354 1
1041 1321 1
1042 1435 1
1042 1043 1
1043 1435 1
1044 1365 1
1044 1341 1
1045 1540 1
1046 1345 1
1046 1121 1
1046 1344 1
1046 2706 1
1047 1344 1
1047 1345 1
1047 1348 1
1047 1354 1
1047 1355 1
1047 1420 1
1049 1498 1
1049 1329 1
1049 1292 1
1050 1389 1
1050 1306 1
1050 1591 1
1050 1492 1
1050 1499 1
1050 1171 1
1051 1052 1
1051 2576 1
1052 1066 1
1053 1463 1
1053 1607 1
1053 1197 1
1053 1568 1
1053 1191 1
1054 1249 1
1055 1284 1
1055 1059 1
1057 1484 1
1057 1359 1
1057 1307 1
1058 2454 1
1058 1211 1
1060 1136 1
1060 1523 1
1060 1890 1
1060 2039 1
1061 1578 1
1061 1651 1
1061 1244 1
1062 1323 1
1062 2651 1
1062 1254 1
1063 1136 1
1063 1153 1
1063 1628 1
1063 1065 1
1064 1937 1
1065 1305 1
1065 1153 1
1065 1106 1
1065 1279 1
1067 1801 1
1067 1814 1
1068 2499 1
1068 2500 1
1069 1096 1
1069 1685 1
1069 1455 1
1070 1153 1
1071 1498 1
1071 1329 1
1071 1292 1
1072 1520 1
1073 1636 1
1073 1112 1
1073 1569 1
1073 1182 1
1074 1174 1
1075 1340 1
1076 2461 1
1076 1086 1
1076 1078 1
1077 1153 1
1078 2461 1
1078 1086 1
1079 1389 1
1079 1103 1
1079 1724 1
1079 1718 1
1079 1315 1
1080 1321 1
1080 1129 1
1081 1259 1
1081 1082 1
1082 1259 1
1082 2312 1
1083 1660 1
1084 2035 1
1085 1292 1
1086 1240 1
1086 1527 1
1086 1545 1
1086 1582 1
1086 1641 1
1087 1512 1
1088 1565 1
1089 1354 1
1091 1288 1
1092 1484 1
1093 1659 1
1093 2085 1
1093 2228 1
1094 1659 1
1094 2085 1
1094 2228 1
1095 1360 1
1095 1456 1
1095 1433 1
1097 1393 1
1098 1305 1
1098 1911 1
1099 1178 1
1100 1464 1
1101 1328 1
1101 1111 1
1102 1174 1
1102 1370 1
1102 1479 1
1102 1413 1
1103 1579 1
1104 1260 1
1104 1262 1
1105 2356 1
1106 1305 1
1107 1328 1
1107 1617 1
1108 1503 1
1108 1504 1
1108 1506 1
1108 1507 1
1109 1328 1
1109 1570 1
1109 2151 1
1110 1728 1
1110 1729 1
1111 1328 1
1111 1339 1
1111 1412 1
1111 2292 1
1111 1570 1
1112 1403 1
1112 2415 1
1112 1512 1
1112 1618 1
1113 1153 1
1113 1380 1
1114 1696 1
1114 1588 1
1114 1261 1
1114 1603 1
1114 1371 1
1114 1117 1
1115 1252 1
1116 1593 1
1117 2089 1
1117 1588 1
1117 2332 1
1117 1225 1
1117 1261 1
1117 1603 1
1118 1540 1
1119 1203 1
1119 2405 1
1120 1677 1
1120 2275 1
1121 1344 1
1121 1138 1
1121 1640 1
1122 1534 1
1122 1194 1
1123 1188 1
1123 1176 1
1123 1483 1
1123 1354 1
1123 1674 1
1123 1680 1
1124 1566 1
1124 1567 1
1125 1496 1
1125 1483 1
1126 2489 1
1126 1497 1
1126 1212 1
1126 2371 1
1126 2372 1
1127 1153 1
1128 1288 1
1128 1393 1
1129 1190 1
1129 1222 1
1130 1334 1
1131 1253 1
1132 1309 1
1133 1666 1
1134 1264 1
1134 2281 1
1135 1174 1
1135 1442 1
1135 1444 1
1136 1286 1
1136 1740 1
1136 1575 1
1136 1142 1
1136 1558 1
1136 1516 1
1136 1594 1
1136 1333 1
1136 1523 1
1137 1459 1
1137 1687 1
1138 1344 1
1138 1597 1
1138 1420 1
1138 2706 1
1139 1572 1
1139 1598 1
1140 2294 1
1140 1311 1
1141 1240 1
1141 1241 1
1141 1172 1
1143 2429 1
1143 2165 1
1143 1404 1
1144 1509 1
1145 1323 1
1146 1676 1
1147 1240 1
1147 1241 1
1147 1347 1
1148 1534 1
1148 1597 1
1148 1355 1
1149 2044 1
1149 1891 1
1149 1323 1
1149 1150 1
1150 1323 1
1150 1630 1
1151 1350 1
1152 1453 1
1153 1611 1
1153 1675 1
1153 1205 1
1153 1219 1
1153 1410 1
1153 1455 1
1153 1257 1
1153 1204 1
1154 1531 1
1155 1328 1
1155 1812 1
1155 1601 1
1155 1407 1
1157 1700 1
1157 1704 1
1158 1550 1
1158 1555 1
1159 2564 1
1159 1485 1
1160 1166 1
1161 1560 1
1161 1592 1
1161 2423 1
1161 2657 1
1161 1702 1
1161 2324 1
1162 1613 1
1163 1534 1
1163 1497 1
1163 1498 1
1164 1626 1
1164 1570 1
1164 1584 1
1165 1327 1
1167 1330 1
1167 1331 1
1167 1332 1
1169 1284 1
1169 1454 1
1170 1198 1
1172 2341 1
1172 2108 1
1173 1328 1
1173 2583 1
1174 1297 1
1175 1325 1
1175 1628 1
1176 1592 1
1176 1285 1
1176 1354 1
1176 2272 1
1177 1180 1
1177 1627 1
1177 1620 1
1177 1519 1
1178 1476 1
1178 1736 1
1178 1737 1
1178 1688 1
1178 1690 1
1178 1230 1
1178 1231 1
1178 1232 1
1178 1362 1
1180 1620 1
1181 1431 1
1182 1569 1
1182 1726 1
1182 1684 1
1182 1578 1
1183 1193 1
1183 1202 1
1184 1362 1
1184 1784 1
1184 2199 1
1185 1521 1
1186 1309 1
1186 1268 1
1187 1234 1
1188 1354 1
1189 1643 1
1189 1687 1
1190 1321 1
1191 1290 1
1191 2423 1
1192 2150 1
1192 2473 1
1194 1621 1
1195 1323 1
1195 1630 1
1195 1203 1
1197 1484 1
1197 1290 1
1197 2634 1
1198 1296 1
1198 1683 1
1199 1702 1
1199 1550 1
1200 1520 1
1201 1240 1
1203 1630 1
1203 1411 1
1204 2624 1
1206 1544 1
1207 1333 1
1208 1429 1
1208 1434 1
1209 1215 1
1210 1453 1
1211 1520 1
1211 1247 1
1212 1497 1
1212 1552 1
1213 1649 1
1214 1635 1
1215 1699 1
1215 1707 1
1216 1719 1
1216 1571 1
1216 1299 1
1217 1349 1
1218 1571 1
1218 1299 1
1218 1424 1
1218 1670 1
1218 1516 1
1218 1530 1
1220 1484 1
1220 1608 1
1220 1618 1
1221 2703 1
1221 1797 1
1222 1321 1
1223 1335 1
1223 1422 1
1223 1607 1
1224 1333 1
1224 2673 1
1225 1333 1
1226 1234 1
1226 1290 1
1227 1236 1
1228 1649 1
1228 1687 1
1228 1688 1
1228 1693 1
1229 1615 1
1230 2598 1
1230 1231 1
1230 2470 1
1231 1985 1
1231 2086 1
1231 1232 1
1231 1495 1
1232 2598 1
1232 2211 1
1234 1263 1
1234 1275 1
1234 1510 1
1235 1512 1
1235 2508 1
1236 1669 1
1237 1484 1
1237 1422 1
1237 1521 1
1237 1457 1
1238 1500 1
1238 1550 1
1238 1290 1
1239 1387 1
1240 1241 1
1240 1347 1
1240 1527 1
1241 1347 1
1241 2559 1
1243 1524 1
1243 1245 1
1244 1596 1
1245 1520 1
1245 1524 1
1246 1520 1
1249 1734 1
1249 1408 1
1249 1728 1
1249 1473 1
1249 1474 1
1250 1251 1
1252 1634 1
1252 1485 1
1252 1477 1
1253 1311 1
1254 1464 1
1256 1644 1
1256 2675 1
1257 1872 1
1257 1719 1
1257 2175 1
1257 2087 1
1257 2259 1
1258 1520 1
1259 1944 1
1259 2213 1
1259 2312 1
1260 1269 1
1260 1312 1
1260 2090 1
1261 2089 1
1263 2585 1
1264 1738 1
1265 1725 1
1266 1576 1
1266 1301 1
1266 1663 1
1267 1512 1
1267 1335 1
1267 1500 1
1268 2419 1
1268 1898 1
1268 2140 1
1268 2323 1
1268 1414 1
1268 1757 1
1268 1842 1
1269 1312 1
1269 2618 1
1270 2342 1
1270 1335 1
1272 1281 1
1272 1282 1
1272 1346 1
1272 1451 1
1272 1604 1
1273 1422 1
1274 1303 1
1274 1305 1
1275 2617 1
1275 2290 1
1275 2291 1
1276 1503 1
1276 1504 1
1276 1506 1
1276 1525 1
1277 1533 1
1277 2470 1
1277 2152 1
1277 1476 1
1277 2277 1
1278 1534 1
1281 1604 1
1281 1471 1
1281 1282 1
1281 1451 1
1281 1346 1
1282 1494 1
1282 1471 1
1282 1446 1
1283 1318 1
1283 1547 1
1283 1284 1
1285 1298 1
1285 1382 1
1287 1414 1
1287 1437 1
1287 1397 1
1288 1502 1
1288 1414 1
1288 1593 1
1288 1461 1
1289 1452 1
1290 2080 1
1290 2329 1
1290 1712 1
1290 1918 1
1290 2169 1
1290 1644 1
1291 1548 1
1293 1592 1
1293 1600 1
1293 1606 1
1293 2284 1
1298 1592 1
1299 1392 1
1300 1320 1
1300 1342 1
1301 1595 1
1301 2346 1
1303 2347 1
1303 2202 1
1304 1354 1
1305 1740 1
1305 1575 1
1306 1499 1
1306 1310 1
1307 1657 1
1308 1503 1
1308 1504 1
1308 1506 1
1308 1507 1
1310 1499 1
1312 1428 1
1312 1622 1
1313 1623 1
1313 1655 1
1313 1382 1
1314 1529 1
1315 2595 1
1315 2452 1
1317 1354 1
1319 1391 1
1322 1622 1
1322 2539 1
1324 1543 1
1324 2076 1
1324 1747 1
1325 2309 1
1325 2170 1
1326 2144 1
1326 2161 1
1326 2434 1
1326 1602 1
1326 1747 1
1327 1569 1
1328 1423 1
1328 1584 1
1328 1513 1
1328 1412 1
1328 1568 1
1328 1644 1
1329 2127 1
1329 1986 1
1333 1514 1
1333 1369 1
1333 1708 1
1333 1467 1
1334 1696 1
1335 1512 1
1335 1478 1
1335 1607 1
1335 1337 1
1335 1339 1
1336 1478 1
1337 2343 1
1337 2300 1
1338 1654 1
1339 2677 1
1339 1570 1
1339 2443 1
1339 1678 1
1342 2454 1
1343 1364 1
1343 1456 1
1343 1363 1
1344 1345 1
1345 1640 1
1346 1451 1
1348 1535 1
1348 1537 1
1351 1498 1
1352 1672 1
1352 2674 1
1353 2302 1
1353 2317 1
1354 1695 1
1354 1420 1
1354 1465 1
1354 1426 1
1354 1674 1
1354 1680 1
1355 1640 1
1355 1648 1
1356 1430 1
1357 1461 1
1357 1511 1
1358 1567 1
1358 1661 1
1361 1463 1
1362 2175 1
1363 2168 1
1363 1364 1
1363 2475 1
1363 2653 1
1364 1705 1
1364 1469 1
1366 2513 1
1366 2413 1
1366 2414 1
1366 2239 1
1366 2562 1
1366 1373 1
1366 2373 1
1366 2374 1
1370 2692 1
1373 1718 1
1374 1548 1
1375 1452 1
1376 1546 1
1376 1727 1
1377 1642 1
1378 1440 1
1378 1540 1
1378 2485 1
1379 1611 1
1380 1611 1
1380 1717 1
1381 1524 1
1383 1398 1
1383 1384 1
1385 1706 1
1385 1653 1
1386 2360 1
1386 1715 1
1388 1586 1
1389 2707 1
1390 1491 1
1393 1502 1
1393 1414 1
1393 1437 1
1393 1397 1
1395 1541 1
1399 1463 1
1401 2605 1
1401 1554 1
1405 1463 1
1406 1463 1
1407 1626 1
1407 1812 1
1408 1931 1
1408 1921 1
1409 2220 1
1409 2600 1
1409 2703 1
1409 1797 1
1411 2203 1
1412 1431 1
1415 1504 1
1415 1506 1
1415 1525 1
1417 1421 1
1418 2499 1
1419 1550 1
1422 1657 1
1423 2583 1
1424 1799 1
1424 1530 1
1425 1550 1
1427 1550 1
1428 1622 1
1428 2079 1
1428 2617 1
1428 2424 1
1428 2229 1
1428 2539 1
1428 2493 1
1428 1601 1
1428 2329 1
1429 1601 1
1430 1484 1
1432 1573 1
1437 1593 1
1441 1638 1
1441 1717 1
1442 1444 1
1442 1445 1
1443 1540 1
1447 1581 1
1447 1515 1
1448 1621 1
1450 1710 1
1451 1604 1
1455 1685 1
1455 1694 1
1456 1469 1
1457 1462 1
1458 1714 1
1459 2078 1
1459 2221 1
1459 1687 1
1459 2404 1
1459 1540 1
1461 1593 1
1462 1657 1
1463 1512 1
1464 1470 1
1466 1650 1
1469 1705 1
1469 1661 1
1471 1501 1
1471 1633 1
1473 1474 1
1474 1728 1
1475 1642 1
1478 2338 1
1479 2543 1
1479 2017 1
1480 1532 1
1481 1573 1
1482 1484 1
1483 1498 1
1483 2052 1
1483 2060 1
1484 1521 1
1484 1692 1
1484 1522 1
1484 1500 1
1486 1569 1
1487 1528 1
1487 1532 1
1488 1668 1
1488 1490 1
1491 1605 1
1492 1724 1
1493 1732 1
1498 1534 1
1498 2398 1
1498 2158 1
1498 2450 1
1500 2180 1
1503 1504 1
1503 1507 1
1503 1525 1
1504 1507 1
1504 1525 1
1504 1506 1
1505 2560 1
1506 1507 1
1506 1525 1
1508 1724 1
1510 2057 1
1512 1671 1
1512 1608 1
1513 1812 1
1515 1711 1
1515 1581 1
1517 1612 1
1518 1536 1
1520 1526 1
1520 1524 1
1520 1709 1
1524 1526 1
1527 2420 1
1527 1543 1
1527 2524 1
1527 2525 1
1527 2221 1
1527 2166 1
1527 2561 1
1527 2076 1
1527 1747 1
1527 2088 1
1527 1894 1
1530 2089 1
1533 1730 1
1534 1597 1
1534 1556 1
1535 1537 1
1536 1728 1
1536 2504 1
1537 1556 1
1538 1724 1
1539 2091 1
1545 1909 1
1545 1582 1
1549 1602 1
1550 1624 1
1550 1555 1
1552 1553 1
1552 1554 1
1553 1554 1
1557 1649 1
1557 1687 1
1558 2564 1
1559 1697 1
1559 2658 1
1559 1703 1
1559 1791 1
1559 1664 1
1559 1683 1
1560 2198 1
1562 1637 1
1564 1672 1
1566 1567 1
1569 1609 1
1569 1721 1
1569 1726 1
1569 1587 1
1569 1679 1
1569 1684 1
1570 1678 1
1571 2202 1
1572 1598 1
1573 1673 1
1573 2174 1
1576 1595 1
1577 1580 1
1578 1622 1
1578 1651 1
1580 1625 1
1581 1711 1
1582 1908 1
1582 1909 1
1582 2677 1
1582 2017 1
1583 2563 1
1583 2396 1
1584 1626 1
1584 2037 1
1584 2151 1
1588 2334 1
1591 1701 1
1592 1734 1
1595 1862 1
1595 1863 1
1595 1657 1
1595 1824 1
1595 1776 1
1595 2346 1
1595 1964 1
1595 2675 1
1599 1697 1
1601 1644 1
1601 2423 1
1603 2089 1
1606 2381 1
1608 2225 1
1613 1614 1
1613 1619 1
1614 1619 1
1615 1639 1
1618 2343 1
1619 1722 1
1619 1723 1
1626 1698 1
1626 1735 1
1631 2598 1
1631 2604 1
1631 2330 1
1631 2407 1
1632 1687 1
1635 1706 1
1636 2074 1
1636 1684 1
1640 2706 1
1643 1649 1
1644 1862 1
1644 1863 1
1644 2484 1
1644 2364 1
1644 1732 1
1644 2409 1
1644 2614 1
1644 2616 1
1644 2423 1
1644 1964 1
1647 2586 1
1647 2615 1
1647 2074 1
1647 1684 1
1647 1908 1
1649 1687 1
1652 1659 1
1656 2357 1
1656 1822 1
1656 1710 1
1663 1756 1
1663 2504 1
1664 1697 1
1667 1697 1
1668 2378 1
1668 1910 1
1668 2535 1
1674 1680 1
1679 1726 1
1681 1682 1
1683 1697 1
1684 1726 1
1686 2426 1
1686 2282 1
1689 1738 1
1690 1736 1
1696 1769 1
1696 1943 1
1696 1872 1
1696 1971 1
1696 2330 1
1696 2250 1
1696 2175 1
1696 1771 1
1697 1703 1
1698 2597 1
1699 2656 1
1705 2356 1
1713 1870 1
1713 1978 1
1713 1982 1
1713 1991 1
1713 1992 1
1713 2153 1
1713 1716 1
1713 2002 1
1713 2510 1
1715 1734 1
1716 2153 1
1716 1982 1
1716 1991 1
1718 2582 1
1718 2413 1
1718 2414 1
1718 1867 1
1718 2138 1
1719 2175 1
1719 2261 1
1719 1911 1
1719 2363 1
1722 1723 1
1728 1775 1
1732 2225 1
1732 2423 1
1736 1737 1
1741 1841 1
1742 2456 1
1743 2192 1
1744 2041 1
1745 2175 1
1745 2641 1
1746 1948 1
1747 2559 1
1747 2160 1
1747 2434 1
1748 2182 1
1749 2164 1
1750 2106 1
1751 2691 1
1752 2706 1
1753 2268 1
1754 1867 1
1754 1869 1
1755 2432 1
1756 2603 1
1756 2613 1
1757 2341 1
1757 2221 1
1757 1842 1
1758 2412 1
1759 2697 1
1759 2698 1
1759 2288 1
1760 1879 1
1761 2208 1
1762 2495 1
1762 2694 1
1763 2611 1
1764 1938 1
1764 1770 1
1765 1938 1
1765 1770 1
1766 1810 1
1767 2257 1
1768 2257 1
1769 2330 1
1770 1938 1
1771 1775 1
1771 1872 1
1772 2307 1
1772 2351 1
1773 2545 1
1774 1891 1
1774 1968 1
1774 2619 1
1775 2116 1
1775 2082 1
1775 1793 1
1775 1795 1
1776 2543 1
1777 2064 1
1777 1802 1
1778 2024 1
1779 2007 1
1780 2007 1
1781 2663 1
1781 1819 1
1782 2328 1
1783 2348 1
1784 2688 1
1784 2705 1
1784 2199 1
1785 2564 1
1786 2207 1
1787 2499 1
1787 2676 1
1788 2178 1
1788 2181 1
1788 1795 1
1789 2469 1
1790 2334 1
1791 1859 1
1792 2067 1
1793 2178 1
1793 2181 1
1793 1795 1
1793 2082 1
1794 2545 1
1794 2178 1
1794 1795 1
1795 2178 1
1795 2181 1
1795 2545 1
1795 2082 1
1796 2001 1
1796 1917 1
1797 2200 1
1798 2120 1
1799 2205 1
1800 1994 1
1800 1995 1
1800 1907 1
1800 1901 1
1800 2016 1
1801 1814 1
1801 1821 1
1802 2064 1
1803 1913 1
1804 2289 1
1804 1805 1
1805 2289 1
1806 2570 1
1806 2279 1
1807 2490 1
1808 2210 1
1809 2585 1
1809 2071 1
1811 2410 1
1812 2364 1
1813 2393 1
1813 1818 1
1815 2670 1
1815 2671 1
1816 2485 1
1816 1934 1
1817 2464 1
1818 2073 1
1818 2029 1
1819 2580 1
1820 2383 1
1820 2569 1
1822 2662 1
1823 2487 1
1823 2580 1
1824 2675 1
1824 2006 1
1825 1966 1
1826 2630 1
1827 1962 1
1827 2083 1
1827 2224 1
1827 2110 1
1828 2014 1
1828 2018 1
1829 2421 1
1830 2585 1
1830 2466 1
1831 1832 1
1831 1836 1
1832 2334 1
1832 1836 1
1833 2367 1
1834 1905 1
1835 2182 1
1835 2011 1
1836 2334 1
1837 2132 1
1838 2380 1
1838 1908 1
1838 2514 1
1839 2688 1
1839 2705 1
1840 2688 1
1840 2705 1
1842 2341 1
1843 2626 1
1844 1979 1
1844 1845 1
1845 1979 1
1846 2537 1
1846 1927 1
1846 1847 1
1847 1927 1
1848 2483 1
1849 2163 1
1850 2554 1
1851 1896 1
1852 2592 1
1853 2320 1
1853 1861 1
1854 2122 1
1854 1976 1
1854 2048 1
1854 2645 1
1854 2299 1
1854 2482 1
1854 1855 1
1854 1864 1
1855 2122 1
1855 2482 1
1855 1864 1
1855 2299 1
1855 2075 1
1856 2421 1
1857 2681 1
1857 2540 1
1857 2020 1
1858 2528 1
1858 2481 1
1860 2658 1
1860 2428 1
1860 2430 1
1862 2675 1
1862 1863 1
1862 1964 1
1863 1964 1
1864 2276 1
1864 2122 1
1865 2107 1
1866 2272 1
1868 2421 1
1869 2409 1
1870 2362 1
1871 2499 1
1873 1998 1
1874 1920 1
1875 1891 1
1875 2439 1
1875 2553 1
1876 2634 1
1877 2215 1
1878 2624 1
1878 2571 1
1879 2355 1
1880 2302 1
1881 2449 1
1881 2450 1
1882 1989 1
1883 2177 1
1884 1886 1
1884 1902 1
1884 1885 1
1885 1886 1
1885 1902 1
1886 1902 1
1887 2258 1
1887 1902 1
1888 2427 1
1889 2586 1
1889 2648 1
1890 2039 1
1892 2131 1
1893 1895 1
1893 1908 1
1894 2144 1
1894 2524 1
1896 2393 1
1897 2146 1
1897 2182 1
1898 2108 1
1898 2140 1
1899 2292 1
1900 2492 1
1901 2301 1
1903 2612 1
1904 2556 1
1906 2421 1
1907 1995 1
1907 2301 1
1908 2514 1
1908 2561 1
1909 2677 1
1910 2159 1
1910 2416 1
1910 2506 1
1910 2242 1
1910 2375 1
1910 2488 1
1910 2366 1
1910 2575 1
1910 2081 1
1910 2661 1
1911 2087 1
1911 2206 1
1912 1932 1
1914 2176 1
1915 2497 1
1915 1981 1
1916 2400 1
1917 2334 1
1918 2329 1
1919 2426 1
1919 2431 1
1921 1931 1
1921 2402 1
1922 2026 1
1923 2227 1
1923 1928 1
1923 2114 1
1924 2327 1
1924 2040 1
1925 2133 1
1925 2206 1
1925 2392 1
1926 1941 1
1927 2537 1
1928 2570 1
1928 2114 1
1928 2124 1
1929 2349 1
1930 2512 1
1931 2277 1
1931 2402 1
1931 2624 1
1932 2024 1
1933 2660 1
1934 2463 1
1935 2499 1
1935 2340 1
1936 1943 1
1937 2293 1
1939 2307 1
1940 2220 1
1940 2175 1
1940 2250 1
1942 2573 1
1944 2091 1
1945 1993 1
1946 2516 1
1947 2557 1
1949 1960 1
1950 2220 1
1950 2226 1
1951 2303 1
1952 2393 1
1952 2396 1
1952 2029 1
1953 2107 1
1954 2183 1
1954 2222 1
1954 2150 1
1955 2149 1
1955 2190 1
1955 2194 1
1956 2527 1
1956 2649 1
1957 2536 1
1958 2220 1
1958 2226 1
1959 2259 1
1961 2527 1
1961 2100 1
1962 2509 1
1963 2195 1
1964 2675 1
1965 2089 1
1967 2346 1
1968 2619 1
1969 2309 1
1969 2363 1
1969 2051 1
1969 2200 1
1970 2486 1
1971 2211 1
1972 2620 1
1973 2451 1
1974 2227 1
1975 2655 1
1975 2689 1
1975 2408 1
1977 2153 1
1977 2510 1
1977 2219 1
1977 2318 1
1978 2510 1
1980 2457 1
1980 2202 1
1981 2491 1
1982 2153 1
1983 2078 1
1984 2206 1
1984 2379 1
1985 2065 1
1986 2338 1
1986 2462 1
1987 2607 1
1988 2401 1
1990 2093 1
1991 2510 1
1992 2153 1
1993 2546 1
1994 2097 1
1994 2241 1
1994 1995 1
1995 2097 1
1996 1997 1
1999 2515 1
1999 2003 1
2000 2115 1
2002 2153 1
2002 2510 1
2003 2515 1
2004 2360 1
2004 2040 1
2005 2345 1
2008 2153 1
2008 2219 1
2008 2022 1
2009 2534 1
2010 2447 1
2011 2633 1
2011 2182 1
2012 2135 1
2013 2382 1
2014 2018 1
2015 2092 1
2015 2327 1
2015 2034 1
2017 2677 1
2019 2147 1
2021 2428 1
2021 2218 1
2022 2153 1
2022 2219 1
2023 2135 1
2025 2693 1
2025 2377 1
2025 2153 1
2026 2552 1
2027 2409 1
2028 2653 1
2029 2393 1
2030 2128 1
2030 2130 1
2030 2131 1
2030 2077 1
2030 2659 1
2030 2316 1
2031 2171 1
2032 2171 1
2033 2622 1
2034 2327 1
2035 2303 1
2036 2696 1
2037 2151 1
2038 2692 1
2039 2254 1
2040 2360 1
2042 2428 1
2043 2270 1
2044 2683 1
2045 2550 1
2046 2107 1
2047 2111 1
2049 2218 1
2049 2410 1
2049 2306 1
2050 2378 1
2052 2062 1
2053 2685 1
2053 2054 1
2053 2690 1
2054 2685 1
2055 2352 1
2056 2095 1
2057 2465 1
2057 2695 1
2057 2215 1
2058 2232 1
2059 2651 1
2060 2062 1
2061 2062 1
2062 2066 1
2063 2494 1
2065 2086 1
2066 2674 1
2068 2228 1
2069 2434 1
2070 2602 1
2070 2640 1
2072 2227 1
2074 2607 1
2074 2615 1
2076 2559 1
2078 2474 1
2078 2406 1
2079 2609 1
2080 2609 1
2080 2329 1
2081 2159 1
2081 2366 1
2082 2545 1
2082 2178 1
2083 2511 1
2084 2615 1
2085 2228 1
2087 2175 1
2087 2261 1
2088 2524 1
2088 2525 1
2088 2167 1
2090 2530 1
2091 2617 1
2091 2438 1
2094 2164 1
2095 2230 1
2096 2142 1
2098 2156 1
2098 2099 1
2100 2527 1
2101 2470 1
2102 2664 1
2103 2334 1
2104 2302 1
2105 2621 1
2106 2649 1
2107 2574 1
2107 2571 1
2107 2496 1
2108 2140 1
2109 2185 1
2111 2302 1
2112 2572 1
2113 2586 1
2113 2623 1
2114 2124 1
2116 2125 1
2117 2639 1
2118 2442 1
2119 2154 1
2121 2212 1
2123 2482 1
2126 2426 1
2126 2339 1
2126 2213 1
2126 2591 1
2127 2338 1
2128 2479 1
2129 2454 1
2131 2319 1
2133 2199 1
2133 2206 1
2134 2644 1
2135 2333 1
2135 2583 1
2136 2148 1
2137 2508 1
2138 2285 1
2139 2220 1
2139 2226 1
2140 2292 1
2141 2511 1
2141 2418 1
2143 2181 1
2145 2408 1
2146 2182 1
2147 2498 1
2147 2499 1
2149 2188 1
2149 2190 1
2149 2194 1
2150 2183 1
2150 2179 1
2150 2305 1
2150 2222 1
2151 2342 1
2152 2429 1
2153 2699 1
2153 2219 1
2153 2318 1
2155 2467 1
2157 2565 1
2158 2449 1
2159 2661 1
2160 2434 1
2161 2167 1
2162 2586 1
2162 2599 1
2164 2521 1
2165 2363 1
2165 2193 1
2166 2524 1
2166 2167 1
2168 2350 1
2169 2420 1
2170 2237 1
2172 2692 1
2173 2204 1
2174 2687 1
2175 2361 1
2175 2249 1
2175 2250 1
2175 2206 1
2175 2259 1
2176 2535 1
2178 2545 1
2178 2582 1
2178 2181 1
2179 2183 1
2180 2577 1
2182 2633 1
2183 2305 1
2184 2398 1
2186 2321 1
2187 2314 1
2187 2321 1
2188 2189 1
2188 2190 1
2188 2194 1
2189 2190 1
2189 2365 1
2189 2194 1
2190 2365 1
2190 2194 1
2191 2275 1
2196 2267 1
2197 2342 1
2198 2537 1
2198 2695 1
2200 2703 1
2201 2233 1
2202 2638 1
2203 2397 1
2203 2405 1
2206 2261 1
2206 2379 1
2208 2234 1
2208 2235 1
2208 2313 1
2209 2689 1
2213 2253 1
2213 2290 1
2213 2539 1
2214 2223 1
2215 2650 1
2216 2361 1
2216 2688 1
2216 2705 1
2217 2282 1
2218 2337 1
2220 2478 1
2220 2600 1
2220 2563 1
2220 2226 1
2220 2252 1
2221 2404 1
2225 2423 1
2226 2478 1
2227 2390 1
2229 2663 1
2231 2635 1
2236 2542 1
2236 2435 1
2236 2262 1
2237 2274 1
2238 2271 1
2239 2507 1
2239 2513 1
2239 2413 1
2239 2414 1
2240 2466 1
2242 2458 1
2242 2661 1
2243 2244 1
2243 2245 1
2245 2471 1
2246 2475 1
2246 2356 1
2247 2701 1
2247 2263 1
2248 2296 1
2249 2271 1
2250 2271 1
2251 2296 1
2252 2271 1
2252 2277 1
2253 2591 1
2254 2347 1
2255 2412 1
2256 2597 1
2257 2444 1
2259 2271 1
2259 2261 1
2260 2501 1
2262 2542 1
2262 2435 1
2263 2701 1
2264 2519 1
2265 2347 1
2266 2421 1
2268 2445 1
2268 2275 1
2269 2277 1
2273 2360 1
2275 2445 1
2275 2522 1
2277 2624 1
2278 2284 1
2279 2579 1
2280 2286 1
2281 2429 1
2282 2426 1
2283 2284 1
2285 2311 1
2287 2315 1
2288 2697 1
2290 2291 1
2294 2380 1
2294 2529 1
2295 2667 1
2297 2304 1
2298 2518 1
2300 2636 1
2301 2588 1
2306 2594 1
2308 2652 1
2310 2583 1
2310 2607 1
2311 2448 1
2312 2587 1
2316 2659 1
2317 2429 1
2317 2624 1
2319 2479 1
2320 2511 1
2321 2370 1
2322 2498 1
2322 2499 1
2322 2500 1
2323 2419 1
2324 2326 1
2325 2538 1
2329 2589 1
2330 2598 1
2330 2604 1
2331 2694 1
2332 2334 1
2333 2583 1
2334 2353 1
2335 2378 1
2336 2579 1
2337 2606 1
2337 2610 1
2338 2677 1
2338 2443 1
2341 2425 1
2342 2593 1
2342 2577 1
2343 2443 1
2344 2707 1
2345 2511 1
2345 2418 1
2348 2682 1
2354 2360 1
2354 2455 1
2357 2499 1
2358 2503 1
2359 2520 1
2362 2510 1
2365 2668 1
2366 2506 1
2366 2575 1
2366 2458 1
2367 2577 1
2368 2642 1
2369 2607 1
2371 2489 1
2372 2398 1
2372 2489 1
2373 2507 1
2373 2413 1
2373 2414 1
2373 2374 1
2374 2507 1
2374 2513 1
2375 2416 1
2375 2661 1
2376 2499 1
2376 2500 1
2376 2422 1
2380 2514 1
2380 2561 1
2381 2667 1
2384 2460 1
2385 2499 1
2385 2676 1
2386 2387 1
2388 2575 1
2389 2421 1
2391 2427 1
2391 2548 1
2394 2427 1
2395 2665 1
2396 2563 1
2397 2405 1
2398 2399 1
2399 2626 1
2403 2581 1
2407 2704 1
2409 2672 1
2409 2543 1
2411 2666 1
2415 2530 1
2416 2506 1
2417 2532 1
2418 2511 1
2421 2654 1
2421 2590 1
2422 2499 1
2422 2500 1
2423 2627 1
2423 2657 1
2424 2589 1
2425 2474 1
2426 2493 1
2426 2431 1
2427 2548 1
2427 2591 1
2429 2624 1
2429 2667 1
2430 2647 1
2431 2591 1
2433 2437 1
2436 2649 1
2440 2543 1
2441 2585 1
2446 2451 1
2448 2526 1
2449 2450 1
2452 2595 1
2453 2666 1
2458 2506 1
2459 2606 1
2461 2492 1
2467 2468 1
2470 2643 1
2470 2646 1
2472 2476 1
2473 2551 1
2477 2678 1
2480 2485 1
2482 2645 1
2484 2614 1
2484 2616 1
2486 2586 1
2492 2547 1
2495 2694 1
2496 2571 1
2498 2567 1
2498 2500 1
2498 2499 1
2499 2505 1
2499 2500 1
2502 2605 1
2504 2667 1
2506 2575 1
2506 2661 1
2508 2577 1
2509 2618 1
2514 2558 1
2517 2533 1
2521 2529 1
2523 2684 1
2531 2566 1
2536 2629 1
2541 2673 1
2543 2674 1
2544 2568 1
2549 2608 1
2555 2560 1
2562 2595 1
2576 2678 1
2578 2679 1
2584 2632 1
2596 2669 1
2596 2680 1
2596 2686 1
2601 2631 1
2606 2662 1
2606 2611 1
2612 2625 1
2614 2616 1
2624 2702 1
2626 2656 1
2628 2629 1
2637 2652 1
2643 2646 1
2647 2658 1
2695 2696 1
2697 2700 1
2697 2698 1
2698 2700 1
