347 2519
0 345 1
0 314 1
0 279 1
0 52 1
0 91 1
0 72 1
0 193 1
0 321 1
0 132 1
0 47 1
0 298 1
0 53 1
0 87 1
0 118 1
0 125 1
0 235 1
1 114 1
1 332 1
1 342 1
1 19 1
1 225 1
1 148 1
1 311 1
1 115 1
1 325 1
2 169 1
2 282 1
2 84 1
2 227 1
2 279 1
2 199 1
2 25 1
2 24 1
2 71 1
2 141 1
2 121 1
2 187 1
2 322 1
2 66 1
2 273 1
2 8 1
3 151 1
3 327 1
3 194 1
3 305 1
3 274 1
3 217 1
3 272 1
3 77 1
3 180 1
4 121 1
4 203 1
4 234 1
4 179 1
4 186 1
4 314 1
4 168 1
4 86 1
4 315 1
4 212 1
4 155 1
4 157 1
5 88 1
5 146 1
5 318 1
5 218 1
5 94 1
6 135 1
6 245 1
6 212 1
6 128 1
6 21 1
6 339 1
6 37 1
6 167 1
6 290 1
6 307 1
6 64 1
6 321 1
6 102 1
6 30 1
6 346 1
6 303 1
6 338 1
6 86 1
6 314 1
7 244 1
7 258 1
7 90 1
7 263 1
7 200 1
7 109 1
7 192 1
8 175 1
8 127 1
8 104 1
8 251 1
8 202 1
8 321 1
8 322 1
8 257 1
8 74 1
8 25 1
8 275 1
8 185 1
8 230 1
8 303 1
8 20 1
8 340 1
8 66 1
8 29 1
8 271 1
8 55 1
8 141 1
8 333 1
8 296 1
8 84 1
8 198 1
8 279 1
8 160 1
8 199 1
8 118 1
8 155 1
8 65 1
8 187 1
8 223 1
8 169 1
8 341 1
8 294 1
8 112 1
8 78 1
8 231 1
8 284 1
8 71 1
8 168 1
8 133 1
8 24 1
8 328 1
8 314 1
8 276 1
8 147 1
8 270 1
8 68 1
8 184 1
8 140 1
8 121 1
8 132 1
8 290 1
9 290 1
9 141 1
9 168 1
9 331 1
9 66 1
9 284 1
9 276 1
9 199 1
9 322 1
12 331 1
12 276 1
12 187 1
12 260 1
12 117 1
12 171 1
12 251 1
12 237 1
12 324 1
12 341 1
12 97 1
12 210 1
12 235 1
12 147 1
12 81 1
12 222 1
12 312 1
12 118 1
12 66 1
12 238 1
12 20 1
12 270 1
12 55 1
12 25 1
12 108 1
12 264 1
12 303 1
12 58 1
12 64 1
12 198 1
13 19 1
13 115 1
13 143 1
13 114 1
13 225 1
13 311 1
13 150 1
13 27 1
13 40 1
13 213 1
13 148 1
13 325 1
13 342 1
13 309 1
15 260 1
15 328 1
15 331 1
15 330 1
15 28 1
15 171 1
15 81 1
15 117 1
16 325 1
16 309 1
16 139 1
16 115 1
16 143 1
16 40 1
16 110 1
16 18 1
16 311 1
16 136 1
16 213 1
16 114 1
18 174 1
18 114 1
18 311 1
18 292 1
18 111 1
18 137 1
18 173 1
18 213 1
18 342 1
18 288 1
18 318 1
18 226 1
18 88 1
18 40 1
19 213 1
19 332 1
19 148 1
19 43 1
19 114 1
19 225 1
19 40 1
19 110 1
19 311 1
19 161 1
19 325 1
19 342 1
20 87 1
20 97 1
20 273 1
20 211 1
20 133 1
20 312 1
20 54 1
20 65 1
20 55 1
20 303 1
20 202 1
20 168 1
20 283 1
20 238 1
20 271 1
20 324 1
20 25 1
20 169 1
20 296 1
20 183 1
20 107 1
20 270 1
20 234 1
20 222 1
20 160 1
20 341 1
20 333 1
20 331 1
20 141 1
20 126 1
20 104 1
20 276 1
20 307 1
20 231 1
20 118 1
20 247 1
20 135 1
20 185 1
20 321 1
20 120 1
20 250 1
20 108 1
20 235 1
20 280 1
20 66 1
20 164 1
20 103 1
20 38 1
20 344 1
20 187 1
20 279 1
20 196 1
20 121 1
20 39 1
20 158 1
20 322 1
20 30 1
20 24 1
20 122 1
20 251 1
20 199 1
20 314 1
21 338 1
21 323 1
21 276 1
21 184 1
21 167 1
21 86 1
21 157 1
21 307 1
21 346 1
22 115 1
22 82 1
22 229 1
22 226 1
22 60 1
22 143 1
22 174 1
22 244 1
22 189 1
22 239 1
22 98 1
22 266 1
22 50 1
22 236 1
22 154 1
22 123 1
23 345 1
23 301 1
23 52 1
23 79 1
23 186 1
23 248 1
23 298 1
23 91 1
23 265 1
23 179 1
23 193 1
23 93 1
23 100 1
23 56 1
23 241 1
24 289 1
24 82 1
24 93 1
24 322 1
24 202 1
24 275 1
24 287 1
24 321 1
24 185 1
24 331 1
24 290 1
24 168 1
24 231 1
24 157 1
24 175 1
24 187 1
24 230 1
24 75 1
24 118 1
24 256 1
24 103 1
24 270 1
24 147 1
24 251 1
24 68 1
24 71 1
24 140 1
24 296 1
24 198 1
24 129 1
24 279 1
24 112 1
24 276 1
24 199 1
24 87 1
24 184 1
24 121 1
24 238 1
24 335 1
24 102 1
24 66 1
24 271 1
24 50 1
24 282 1
24 83 1
24 39 1
24 284 1
24 38 1
24 223 1
24 97 1
24 78 1
24 30 1
24 72 1
24 324 1
24 104 1
24 236 1
24 64 1
24 169 1
24 55 1
24 330 1
24 269 1
24 220 1
24 235 1
24 25 1
24 245 1
25 275 1
25 276 1
25 55 1
25 296 1
25 251 1
25 133 1
25 333 1
25 108 1
25 256 1
25 157 1
25 198 1
25 312 1
25 117 1
25 264 1
25 202 1
25 71 1
25 307 1
25 231 1
25 247 1
25 127 1
25 121 1
25 175 1
25 68 1
25 112 1
25 238 1
25 160 1
25 270 1
25 168 1
25 103 1
25 187 1
25 324 1
25 314 1
25 54 1
25 66 1
25 118 1
25 303 1
25 39 1
25 297 1
25 199 1
25 122 1
25 294 1
25 97 1
25 78 1
25 235 1
25 279 1
25 140 1
25 290 1
25 169 1
25 132 1
25 321 1
25 185 1
25 331 1
25 61 1
25 171 1
25 223 1
25 184 1
25 211 1
25 284 1
25 222 1
25 65 1
25 141 1
25 322 1
26 53 1
26 328 1
26 118 1
26 323 1
27 311 1
27 309 1
27 143 1
27 114 1
27 150 1
27 225 1
27 325 1
27 139 1
27 40 1
27 115 1
27 148 1
28 105 1
28 251 1
28 337 1
28 246 1
28 117 1
28 171 1
28 230 1
28 210 1
28 39 1
28 202 1
28 81 1
29 303 1
29 302 1
29 270 1
29 55 1
29 199 1
29 47 1
29 177 1
29 187 1
29 321 1
29 72 1
29 235 1
29 328 1
29 330 1
29 212 1
29 223 1
30 307 1
30 276 1
30 236 1
30 167 1
30 50 1
30 290 1
30 338 1
30 82 1
30 141 1
30 337 1
30 199 1
30 128 1
30 121 1
30 251 1
30 108 1
30 279 1
30 66 1
30 303 1
30 83 1
31 309 1
31 166 1
31 336 1
31 136 1
31 92 1
32 41 1
33 172 1
34 142 1
35 134 1
35 250 1
35 308 1
35 319 1
35 126 1
35 283 1
35 196 1
35 107 1
35 183 1
35 280 1
37 338 1
37 331 1
37 177 1
37 247 1
37 140 1
37 321 1
37 116 1
38 276 1
38 118 1
38 199 1
38 140 1
38 120 1
38 160 1
38 256 1
38 164 1
38 104 1
38 312 1
38 68 1
38 279 1
39 71 1
39 198 1
39 264 1
39 331 1
39 157 1
39 199 1
39 168 1
39 212 1
39 132 1
39 231 1
39 297 1
39 279 1
39 230 1
39 333 1
39 270 1
39 76 1
39 273 1
39 314 1
39 328 1
39 55 1
39 140 1
39 303 1
39 211 1
39 223 1
39 271 1
39 324 1
39 141 1
39 276 1
39 316 1
39 306 1
39 238 1
39 131 1
39 256 1
39 257 1
39 202 1
39 321 1
39 171 1
39 112 1
39 66 1
40 242 1
40 229 1
40 136 1
40 225 1
40 114 1
40 115 1
40 213 1
40 143 1
40 309 1
40 150 1
40 336 1
40 110 1
40 139 1
40 342 1
40 325 1
40 43 1
40 311 1
40 92 1
43 342 1
43 311 1
43 110 1
44 66 1
44 220 1
44 321 1
44 103 1
44 302 1
44 121 1
44 185 1
44 199 1
44 131 1
44 141 1
44 344 1
45 174 1
45 176 1
45 277 1
45 142 1
46 300 1
47 56 1
47 118 1
47 319 1
47 52 1
47 79 1
47 125 1
47 129 1
47 321 1
47 298 1
47 87 1
47 53 1
47 72 1
47 202 1
47 179 1
47 329 1
47 331 1
47 270 1
47 198 1
47 301 1
48 254 1
48 191 1
48 240 1
49 276 1
49 313 1
49 147 1
49 112 1
49 145 1
49 202 1
49 118 1
49 330 1
49 333 1
49 108 1
50 83 1
50 236 1
50 82 1
51 191 1
52 321 1
52 345 1
52 298 1
52 195 1
52 93 1
52 259 1
52 265 1
52 253 1
52 247 1
52 241 1
52 203 1
52 190 1
52 53 1
52 316 1
52 331 1
52 329 1
52 212 1
52 100 1
52 248 1
52 129 1
52 179 1
52 301 1
52 145 1
52 314 1
52 193 1
52 87 1
52 91 1
53 312 1
53 118 1
53 328 1
54 199 1
54 185 1
54 66 1
54 55 1
54 184 1
54 202 1
54 169 1
54 276 1
54 238 1
54 121 1
54 260 1
54 251 1
54 103 1
54 122 1
55 169 1
55 66 1
55 133 1
55 108 1
55 103 1
55 87 1
55 140 1
55 264 1
55 184 1
55 127 1
55 296 1
55 237 1
55 238 1
55 251 1
55 102 1
55 131 1
55 58 1
55 231 1
55 160 1
55 321 1
55 74 1
55 330 1
55 65 1
55 289 1
55 206 1
55 118 1
55 168 1
55 61 1
55 331 1
55 271 1
55 220 1
55 341 1
55 135 1
55 210 1
55 202 1
55 121 1
55 71 1
55 187 1
55 198 1
55 81 1
55 333 1
55 297 1
55 59 1
55 211 1
55 340 1
55 221 1
55 312 1
55 276 1
55 230 1
55 141 1
55 303 1
55 314 1
55 117 1
55 275 1
55 199 1
55 290 1
55 185 1
55 302 1
55 322 1
55 324 1
55 284 1
55 62 1
55 171 1
55 222 1
55 97 1
55 212 1
55 260 1
55 112 1
55 270 1
56 241 1
56 91 1
56 212 1
56 248 1
56 301 1
56 79 1
56 276 1
56 183 1
56 203 1
56 107 1
56 345 1
56 319 1
57 268 1
57 106 1
57 170 1
58 341 1
58 202 1
58 270 1
58 249 1
58 238 1
58 267 1
58 185 1
58 251 1
58 260 1
58 324 1
58 97 1
58 81 1
58 237 1
58 210 1
58 171 1
58 117 1
59 284 1
59 321 1
59 312 1
59 290 1
59 238 1
59 157 1
60 192 1
61 132 1
61 235 1
61 238 1
61 199 1
61 160 1
61 322 1
61 275 1
61 66 1
61 141 1
61 185 1
61 321 1
61 169 1
61 222 1
61 140 1
61 198 1
61 340 1
61 121 1
61 317 1
61 129 1
61 97 1
61 260 1
61 223 1
61 95 1
62 312 1
62 260 1
62 341 1
62 270 1
63 216 1
63 170 1
63 149 1
63 118 1
63 188 1
63 99 1
64 81 1
64 313 1
64 260 1
64 202 1
64 251 1
64 117 1
64 296 1
64 338 1
65 141 1
65 112 1
65 133 1
65 66 1
65 238 1
65 251 1
65 303 1
65 121 1
65 307 1
65 333 1
66 140 1
66 344 1
66 211 1
66 341 1
66 68 1
66 141 1
66 195 1
66 296 1
66 108 1
66 103 1
66 331 1
66 135 1
66 202 1
66 122 1
66 289 1
66 187 1
66 118 1
66 74 1
66 185 1
66 199 1
66 247 1
66 271 1
66 264 1
66 155 1
66 112 1
66 322 1
66 251 1
66 223 1
66 324 1
66 238 1
66 270 1
66 133 1
66 279 1
66 127 1
66 212 1
66 343 1
66 276 1
66 71 1
66 303 1
66 321 1
66 78 1
66 302 1
66 260 1
66 184 1
66 312 1
66 157 1
66 169 1
66 198 1
66 222 1
66 81 1
66 168 1
66 235 1
66 307 1
66 323 1
66 284 1
66 333 1
66 314 1
66 117 1
66 97 1
66 160 1
66 121 1
67 176 1
67 174 1
67 224 1
67 226 1
67 98 1
67 142 1
67 262 1
67 295 1
68 235 1
68 303 1
68 104 1
68 120 1
69 229 1
70 306 1
70 229 1
71 140 1
71 251 1
71 164 1
71 290 1
71 199 1
71 112 1
71 231 1
71 271 1
71 171 1
71 297 1
71 211 1
71 198 1
71 131 1
71 328 1
71 238 1
71 270 1
72 298 1
72 125 1
72 87 1
72 330 1
72 129 1
74 199 1
74 273 1
74 303 1
74 321 1
74 322 1
74 187 1
74 271 1
74 169 1
74 84 1
74 257 1
75 269 1
76 331 1
76 116 1
76 293 1
76 230 1
77 272 1
77 217 1
77 274 1
77 327 1
77 305 1
77 180 1
77 194 1
78 270 1
78 187 1
78 251 1
78 199 1
78 118 1
78 271 1
78 184 1
79 186 1
79 329 1
79 319 1
79 314 1
79 100 1
79 265 1
79 179 1
79 193 1
79 93 1
79 299 1
79 241 1
79 91 1
79 87 1
79 203 1
79 298 1
79 345 1
79 248 1
79 212 1
79 172 1
80 285 1
80 268 1
81 270 1
81 168 1
81 230 1
81 210 1
81 237 1
81 202 1
81 330 1
81 157 1
81 117 1
81 83 1
81 147 1
81 251 1
81 118 1
81 313 1
81 169 1
81 198 1
81 260 1
81 120 1
81 171 1
81 267 1
81 312 1
81 122 1
81 97 1
81 324 1
81 221 1
81 317 1
82 83 1
82 236 1
83 235 1
83 223 1
83 236 1
83 264 1
83 303 1
83 275 1
83 312 1
84 175 1
84 322 1
84 155 1
84 187 1
84 321 1
84 270 1
84 169 1
84 273 1
84 257 1
84 271 1
85 224 1
85 277 1
85 174 1
85 226 1
85 176 1
86 135 1
86 160 1
86 212 1
86 314 1
86 338 1
86 245 1
86 307 1
86 290 1
86 321 1
87 185 1
87 125 1
87 177 1
87 235 1
87 163 1
87 105 1
87 129 1
87 321 1
87 302 1
87 335 1
87 241 1
88 318 1
88 326 1
88 94 1
88 218 1
88 146 1
89 178 1
90 192 1
90 263 1
90 109 1
90 244 1
90 258 1
90 200 1
91 345 1
91 241 1
91 193 1
91 179 1
91 186 1
91 203 1
91 93 1
91 298 1
91 195 1
91 329 1
91 265 1
91 253 1
91 248 1
91 100 1
91 301 1
92 166 1
92 309 1
92 336 1
92 136 1
92 110 1
93 299 1
93 329 1
93 301 1
93 203 1
93 345 1
93 298 1
93 319 1
93 314 1
93 253 1
93 179 1
93 100 1
93 186 1
93 248 1
93 265 1
93 241 1
93 193 1
94 326 1
94 318 1
94 146 1
95 322 1
95 132 1
95 273 1
95 189 1
95 212 1
95 223 1
95 313 1
96 229 1
96 181 1
97 199 1
97 331 1
97 270 1
97 264 1
97 171 1
97 210 1
97 222 1
97 330 1
97 284 1
97 198 1
97 279 1
97 147 1
97 324 1
97 202 1
97 103 1
97 121 1
97 122 1
97 112 1
97 341 1
97 275 1
97 260 1
97 312 1
97 314 1
97 127 1
97 271 1
97 303 1
97 276 1
97 140 1
97 102 1
97 251 1
97 169 1
97 185 1
97 118 1
97 117 1
97 257 1
97 290 1
97 108 1
97 237 1
97 238 1
98 295 1
98 130 1
98 174 1
98 101 1
98 277 1
98 262 1
98 224 1
98 176 1
98 226 1
98 142 1
99 149 1
99 322 1
99 188 1
99 216 1
99 268 1
99 162 1
99 118 1
100 298 1
100 253 1
100 186 1
100 193 1
100 345 1
100 265 1
100 301 1
100 329 1
100 203 1
100 241 1
100 248 1
100 316 1
100 179 1
101 295 1
101 226 1
101 262 1
101 174 1
102 284 1
102 270 1
102 338 1
102 322 1
102 168 1
102 184 1
102 251 1
102 135 1
102 210 1
102 171 1
102 199 1
103 331 1
103 324 1
103 302 1
103 321 1
103 112 1
103 127 1
103 317 1
103 187 1
103 294 1
103 122 1
103 343 1
103 185 1
103 199 1
103 141 1
103 168 1
103 202 1
103 121 1
103 108 1
103 251 1
103 270 1
103 211 1
103 276 1
103 238 1
104 276 1
104 271 1
104 235 1
104 279 1
104 256 1
104 314 1
104 147 1
104 118 1
105 168 1
105 328 1
105 230 1
105 237 1
105 331 1
106 170 1
107 196 1
107 283 1
107 280 1
107 271 1
107 250 1
107 126 1
107 319 1
107 183 1
107 158 1
108 117 1
108 324 1
108 118 1
108 199 1
108 185 1
108 330 1
108 251 1
108 302 1
108 323 1
108 147 1
108 238 1
108 303 1
108 157 1
108 321 1
108 141 1
108 202 1
108 228 1
108 331 1
108 284 1
108 168 1
108 294 1
108 270 1
108 313 1
108 121 1
108 276 1
108 296 1
108 322 1
109 263 1
109 258 1
110 342 1
110 278 1
110 336 1
110 136 1
110 311 1
110 309 1
110 213 1
110 325 1
111 173 1
112 260 1
112 141 1
112 251 1
112 333 1
112 131 1
112 341 1
112 118 1
112 147 1
112 270 1
112 198 1
112 199 1
112 312 1
112 164 1
112 324 1
112 171 1
112 157 1
112 276 1
112 238 1
112 202 1
112 303 1
112 120 1
112 168 1
112 187 1
112 290 1
112 133 1
112 121 1
112 284 1
112 185 1
114 342 1
114 136 1
114 148 1
114 311 1
114 225 1
114 139 1
114 261 1
114 115 1
114 219 1
114 325 1
114 213 1
114 191 1
114 143 1
115 148 1
115 325 1
115 311 1
115 213 1
115 139 1
115 225 1
115 143 1
115 342 1
115 161 1
116 230 1
116 284 1
116 279 1
117 324 1
117 133 1
117 198 1
117 260 1
117 282 1
117 238 1
117 160 1
117 323 1
117 267 1
117 210 1
117 330 1
117 199 1
117 321 1
117 221 1
117 171 1
117 341 1
117 202 1
117 312 1
117 276 1
117 303 1
117 251 1
117 270 1
117 264 1
117 237 1
118 322 1
118 187 1
118 338 1
118 169 1
118 170 1
118 341 1
118 198 1
118 284 1
118 331 1
118 328 1
118 251 1
118 317 1
118 184 1
118 312 1
118 147 1
118 216 1
118 175 1
118 121 1
118 270 1
118 124 1
118 238 1
118 207 1
118 268 1
118 323 1
118 279 1
118 127 1
118 324 1
118 247 1
118 131 1
118 188 1
118 149 1
118 330 1
118 162 1
118 228 1
118 202 1
118 276 1
118 296 1
118 145 1
118 260 1
118 199 1
119 246 1
119 276 1
119 135 1
120 164 1
120 279 1
120 205 1
120 314 1
120 235 1
120 168 1
121 284 1
121 321 1
121 344 1
121 322 1
121 199 1
121 247 1
121 140 1
121 273 1
121 275 1
121 283 1
121 223 1
121 141 1
121 127 1
121 238 1
121 279 1
121 122 1
121 135 1
121 168 1
121 155 1
121 202 1
121 260 1
121 302 1
121 303 1
121 212 1
121 251 1
121 331 1
121 271 1
121 235 1
121 169 1
121 324 1
121 341 1
121 160 1
121 343 1
121 234 1
121 187 1
121 270 1
121 185 1
121 276 1
121 175 1
121 296 1
121 314 1
121 250 1
121 231 1
121 280 1
122 199 1
122 341 1
122 333 1
122 185 1
122 260 1
122 251 1
122 317 1
122 238 1
122 141 1
123 169 1
123 156 1
124 135 1
124 168 1
125 259 1
125 321 1
126 134 1
126 196 1
126 283 1
126 158 1
126 319 1
126 280 1
126 345 1
126 250 1
126 138 1
126 308 1
126 271 1
126 183 1
127 175 1
127 149 1
127 264 1
127 321 1
127 312 1
127 169 1
127 210 1
127 270 1
127 198 1
127 314 1
127 185 1
127 251 1
127 212 1
127 247 1
127 168 1
127 333 1
127 171 1
127 222 1
127 202 1
128 167 1
128 338 1
128 346 1
128 290 1
129 328 1
129 299 1
129 321 1
129 203 1
129 256 1
129 345 1
129 190 1
129 212 1
129 276 1
130 142 1
130 176 1
130 226 1
130 277 1
130 224 1
131 133 1
131 316 1
131 333 1
131 157 1
131 302 1
131 314 1
131 276 1
131 310 1
131 241 1
132 187 1
132 270 1
132 140 1
132 314 1
132 235 1
132 231 1
132 275 1
132 182 1
132 223 1
132 279 1
132 321 1
133 251 1
133 198 1
133 141 1
133 303 1
133 202 1
133 237 1
133 333 1
133 276 1
133 247 1
134 308 1
134 280 1
134 196 1
134 183 1
134 250 1
134 283 1
134 319 1
135 338 1
135 168 1
135 284 1
135 155 1
135 321 1
135 323 1
135 303 1
135 307 1
135 314 1
135 145 1
135 212 1
135 245 1
136 139 1
136 311 1
136 166 1
136 288 1
136 309 1
136 213 1
136 242 1
136 336 1
136 325 1
138 196 1
138 158 1
138 319 1
138 280 1
138 183 1
138 250 1
138 283 1
139 325 1
139 213 1
139 311 1
139 143 1
140 238 1
140 223 1
140 171 1
140 322 1
140 279 1
140 256 1
140 257 1
140 290 1
140 198 1
140 270 1
140 303 1
140 275 1
140 235 1
140 271 1
141 169 1
141 235 1
141 160 1
141 307 1
141 344 1
141 322 1
141 321 1
141 157 1
141 270 1
141 276 1
141 284 1
141 302 1
141 279 1
141 333 1
141 185 1
141 168 1
141 296 1
141 187 1
141 251 1
141 331 1
141 202 1
141 314 1
141 199 1
141 238 1
142 176 1
142 174 1
142 277 1
142 226 1
142 224 1
142 320 1
143 225 1
143 325 1
143 342 1
143 150 1
143 148 1
143 311 1
144 178 1
145 284 1
145 312 1
145 338 1
145 147 1
145 316 1
146 318 1
146 218 1
147 228 1
147 338 1
147 271 1
147 175 1
147 223 1
147 260 1
147 270 1
147 184 1
148 342 1
148 325 1
148 161 1
148 311 1
148 225 1
148 332 1
149 170 1
149 162 1
149 328 1
149 323 1
149 188 1
149 216 1
150 309 1
150 311 1
151 180 1
151 274 1
151 338 1
152 279 1
153 218 1
154 156 1
155 294 1
155 187 1
155 271 1
155 257 1
155 234 1
157 316 1
157 303 1
157 314 1
157 331 1
157 231 1
157 338 1
157 241 1
157 321 1
157 290 1
157 324 1
157 167 1
157 247 1
158 183 1
158 344 1
158 271 1
158 283 1
158 280 1
158 171 1
158 276 1
158 319 1
158 196 1
159 259 1
160 307 1
160 338 1
160 276 1
160 202 1
160 324 1
160 251 1
160 303 1
160 321 1
160 257 1
160 270 1
160 212 1
160 198 1
160 313 1
161 342 1
161 325 1
161 311 1
161 332 1
162 172 1
162 248 1
163 284 1
164 187 1
164 333 1
164 341 1
164 168 1
164 199 1
165 201 1
165 197 1
165 172 1
166 242 1
166 309 1
166 336 1
167 338 1
167 303 1
167 346 1
167 290 1
167 276 1
168 270 1
168 184 1
168 235 1
168 256 1
168 247 1
168 333 1
168 317 1
168 314 1
168 238 1
168 290 1
168 331 1
168 276 1
168 251 1
168 279 1
168 321 1
169 175 1
169 222 1
169 273 1
169 289 1
169 303 1
169 284 1
169 199 1
169 249 1
169 187 1
169 314 1
169 341 1
169 267 1
169 202 1
169 185 1
169 259 1
169 276 1
169 270 1
169 312 1
169 331 1
169 184 1
169 321 1
169 238 1
169 322 1
169 340 1
169 333 1
169 210 1
169 251 1
170 188 1
170 216 1
171 238 1
171 341 1
171 307 1
171 231 1
171 312 1
171 330 1
171 276 1
171 303 1
171 237 1
171 251 1
171 270 1
171 210 1
171 222 1
171 198 1
171 324 1
171 211 1
171 260 1
171 230 1
171 264 1
171 328 1
171 331 1
171 202 1
171 297 1
171 267 1
172 201 1
173 292 1
174 277 1
174 262 1
174 320 1
174 176 1
174 276 1
174 295 1
174 224 1
174 226 1
175 289 1
175 238 1
175 270 1
175 187 1
176 226 1
176 277 1
176 224 1
177 230 1
177 185 1
177 212 1
177 344 1
177 205 1
177 321 1
177 302 1
177 328 1
177 271 1
179 248 1
179 193 1
179 186 1
179 241 1
179 298 1
179 195 1
179 265 1
179 203 1
179 253 1
179 345 1
179 301 1
180 194 1
180 217 1
180 274 1
180 272 1
180 327 1
180 305 1
181 252 1
183 283 1
183 345 1
183 328 1
183 319 1
183 280 1
183 308 1
183 271 1
183 196 1
183 250 1
184 270 1
184 296 1
184 343 1
184 289 1
184 314 1
184 273 1
184 321 1
184 271 1
184 279 1
184 284 1
184 199 1
184 187 1
185 235 1
185 212 1
185 340 1
185 271 1
185 198 1
185 222 1
185 344 1
185 276 1
185 324 1
185 202 1
185 284 1
185 199 1
185 220 1
185 251 1
185 238 1
185 321 1
185 187 1
185 322 1
185 221 1
185 330 1
185 302 1
185 270 1
186 253 1
186 301 1
186 248 1
186 298 1
186 345 1
186 265 1
186 193 1
186 241 1
187 270 1
187 284 1
187 273 1
187 199 1
187 303 1
187 314 1
187 279 1
187 322 1
187 207 1
187 290 1
187 296 1
187 238 1
187 341 1
187 257 1
187 340 1
187 276 1
187 333 1
187 289 1
187 251 1
187 321 1
187 223 1
187 222 1
187 271 1
188 216 1
189 228 1
191 204 1
192 258 1
193 253 1
193 241 1
193 298 1
193 195 1
193 345 1
193 265 1
193 301 1
193 203 1
193 248 1
194 305 1
194 274 1
194 217 1
194 327 1
194 272 1
195 248 1
195 203 1
195 265 1
195 345 1
195 329 1
195 284 1
195 253 1
196 250 1
196 319 1
196 271 1
196 283 1
196 328 1
196 280 1
196 308 1
198 210 1
198 303 1
198 221 1
198 264 1
198 211 1
198 260 1
198 313 1
198 202 1
198 312 1
198 314 1
198 237 1
198 199 1
198 324 1
198 238 1
198 222 1
198 290 1
198 323 1
198 251 1
198 270 1
198 321 1
198 231 1
198 341 1
198 297 1
198 230 1
198 287 1
199 276 1
199 284 1
199 231 1
199 223 1
199 322 1
199 202 1
199 251 1
199 275 1
199 296 1
199 324 1
199 247 1
199 331 1
199 270 1
199 279 1
199 222 1
199 303 1
199 238 1
199 323 1
199 333 1
199 273 1
199 235 1
199 321 1
200 258 1
201 328 1
202 331 1
202 269 1
202 222 1
202 312 1
202 270 1
202 264 1
202 271 1
202 321 1
202 210 1
202 296 1
202 238 1
202 330 1
202 337 1
202 303 1
202 237 1
202 314 1
202 267 1
202 307 1
202 324 1
202 260 1
202 284 1
202 341 1
202 333 1
202 340 1
202 323 1
202 276 1
203 212 1
203 345 1
203 241 1
203 248 1
203 265 1
203 329 1
203 328 1
203 253 1
203 301 1
203 276 1
205 259 1
206 321 1
207 284 1
207 331 1
207 290 1
207 276 1
210 324 1
210 238 1
210 330 1
210 271 1
210 341 1
210 221 1
210 237 1
210 260 1
210 284 1
210 314 1
210 270 1
210 222 1
210 303 1
210 312 1
210 267 1
210 264 1
211 303 1
211 343 1
211 231 1
211 238 1
211 294 1
211 251 1
211 270 1
211 297 1
212 248 1
212 339 1
212 284 1
212 314 1
212 290 1
212 245 1
212 344 1
212 271 1
212 323 1
212 223 1
212 276 1
212 307 1
212 331 1
212 235 1
212 230 1
212 321 1
212 238 1
212 241 1
212 302 1
213 325 1
213 288 1
213 332 1
213 311 1
213 229 1
213 342 1
215 242 1
216 323 1
217 274 1
217 327 1
217 272 1
217 305 1
218 318 1
219 261 1
219 311 1
220 302 1
220 284 1
220 321 1
221 237 1
221 312 1
221 324 1
221 239 1
222 238 1
222 260 1
222 270 1
222 264 1
222 341 1
222 324 1
222 314 1
222 245 1
222 251 1
222 312 1
223 260 1
223 231 1
223 290 1
223 303 1
223 331 1
223 275 1
223 235 1
223 321 1
223 270 1
223 314 1
223 323 1
224 226 1
224 277 1
225 342 1
225 311 1
225 325 1
225 332 1
226 295 1
226 262 1
226 277 1
227 282 1
228 333 1
229 306 1
229 252 1
230 314 1
230 231 1
230 279 1
230 331 1
230 290 1
230 328 1
230 238 1
231 284 1
231 270 1
231 297 1
231 238 1
231 275 1
231 290 1
231 321 1
231 279 1
232 255 1
233 238 1
235 251 1
235 279 1
235 256 1
235 296 1
235 302 1
235 275 1
235 271 1
235 270 1
235 303 1
235 313 1
235 314 1
235 317 1
235 321 1
235 247 1
237 264 1
237 238 1
237 341 1
237 323 1
237 260 1
237 324 1
237 270 1
237 312 1
237 251 1
238 343 1
238 251 1
238 275 1
238 294 1
238 322 1
238 324 1
238 312 1
238 321 1
238 264 1
238 260 1
238 279 1
238 303 1
238 270 1
238 276 1
238 337 1
238 271 1
238 302 1
238 284 1
241 329 1
241 265 1
241 248 1
241 321 1
241 253 1
241 298 1
241 301 1
241 345 1
242 311 1
242 336 1
242 309 1
243 281 1
244 258 1
245 284 1
245 338 1
245 314 1
245 321 1
245 307 1
245 339 1
245 303 1
247 331 1
247 276 1
247 251 1
247 322 1
247 310 1
247 290 1
247 264 1
248 303 1
248 265 1
248 301 1
248 314 1
248 253 1
248 329 1
248 298 1
248 345 1
249 251 1
249 321 1
250 280 1
250 283 1
250 319 1
250 308 1
251 331 1
251 333 1
251 290 1
251 270 1
251 337 1
251 324 1
251 279 1
251 321 1
251 264 1
251 314 1
251 296 1
251 312 1
251 323 1
251 276 1
251 307 1
251 271 1
251 284 1
251 303 1
251 344 1
251 260 1
251 341 1
253 301 1
253 329 1
253 265 1
253 298 1
253 345 1
256 257 1
256 343 1
256 314 1
256 279 1
256 303 1
256 271 1
256 321 1
256 294 1
257 290 1
257 322 1
257 271 1
257 294 1
258 263 1
259 321 1
259 338 1
260 270 1
260 324 1
260 267 1
260 317 1
260 312 1
260 296 1
260 313 1
260 341 1
260 344 1
260 284 1
260 264 1
261 311 1
262 295 1
264 312 1
264 310 1
264 297 1
264 324 1
264 330 1
264 341 1
264 270 1
265 301 1
265 329 1
265 345 1
267 324 1
267 270 1
268 328 1
270 303 1
270 276 1
270 284 1
270 331 1
270 275 1
270 321 1
270 330 1
270 271 1
270 297 1
270 312 1
270 296 1
270 324 1
270 314 1
270 341 1
270 279 1
270 322 1
270 313 1
270 289 1
270 290 1
270 317 1
271 279 1
271 345 1
271 328 1
271 303 1
271 290 1
271 284 1
271 296 1
271 276 1
271 319 1
271 280 1
272 274 1
272 327 1
272 305 1
273 340 1
273 322 1
274 327 1
274 305 1
275 321 1
276 307 1
276 323 1
276 331 1
276 324 1
276 284 1
276 333 1
276 341 1
276 290 1
276 338 1
276 293 1
276 279 1
276 310 1
276 303 1
276 314 1
276 321 1
276 322 1
276 289 1
279 290 1
279 331 1
279 303 1
279 289 1
279 296 1
279 314 1
279 321 1
279 328 1
279 322 1
280 283 1
280 308 1
280 319 1
283 328 1
283 319 1
283 308 1
284 322 1
284 314 1
284 312 1
284 344 1
284 302 1
284 303 1
284 341 1
284 321 1
284 331 1
287 314 1
289 321 1
289 322 1
289 341 1
290 328 1
290 331 1
290 314 1
290 338 1
296 321 1
296 322 1
296 323 1
298 345 1
298 329 1
298 299 1
298 301 1
299 345 1
299 319 1
300 323 1
301 329 1
301 314 1
301 345 1
302 314 1
302 321 1
302 344 1
303 324 1
303 321 1
303 323 1
303 307 1
303 333 1
303 340 1
303 331 1
303 346 1
303 314 1
304 311 1
305 327 1
307 337 1
307 321 1
307 322 1
307 328 1
307 333 1
308 319 1
309 336 1
310 324 1
310 343 1
311 325 1
311 342 1
312 314 1
312 341 1
312 338 1
312 313 1
312 324 1
313 341 1
314 344 1
314 321 1
314 322 1
314 323 1
314 328 1
314 338 1
317 333 1
318 326 1
319 345 1
319 328 1
321 322 1
321 340 1
321 328 1
321 338 1
321 344 1
321 341 1
322 340 1
322 331 1
323 328 1
323 330 1
323 331 1
323 339 1
324 341 1
325 342 1
328 331 1
329 345 1
330 331 1
332 342 1
333 338 1
338 339 1
338 346 1
