554 2276
0 8 1
0 319 1
0 53 1
0 47 1
0 440 1
0 232 1
0 126 1
0 3 1
0 522 1
0 28 1
0 32 1
0 273 1
0 19 1
0 393 1
0 423 1
0 18 1
0 261 1
0 459 1
0 30 1
0 505 1
0 129 1
0 470 1
0 299 1
0 7 1
0 11 1
0 80 1
0 511 1
0 398 1
0 25 1
0 5 1
1 79 1
1 24 1
1 204 1
1 147 1
1 299 1
1 421 1
1 100 1
1 478 1
1 113 1
1 138 1
1 346 1
1 240 1
1 15 1
1 76 1
1 257 1
1 6 1
1 58 1
1 84 1
1 139 1
1 472 1
1 451 1
1 450 1
1 484 1
2 330 1
2 275 1
2 521 1
2 358 1
2 73 1
2 55 1
2 207 1
2 163 1
2 370 1
2 445 1
2 172 1
2 159 1
2 473 1
2 136 1
2 294 1
2 427 1
2 429 1
2 394 1
2 135 1
2 158 1
2 316 1
2 488 1
2 449 1
2 480 1
2 192 1
2 397 1
2 95 1
2 454 1
3 53 1
3 36 1
3 440 1
3 325 1
3 232 1
3 514 1
3 388 1
3 28 1
3 273 1
3 448 1
3 20 1
3 114 1
3 126 1
3 522 1
3 47 1
3 19 1
3 319 1
3 8 1
3 30 1
3 25 1
3 5 1
4 185 1
4 427 1
4 151 1
4 287 1
4 135 1
4 488 1
4 279 1
4 394 1
4 117 1
4 158 1
4 298 1
4 399 1
4 120 1
4 307 1
4 483 1
4 516 1
5 80 1
5 32 1
5 25 1
5 30 1
5 312 1
5 509 1
5 444 1
5 214 1
5 532 1
5 62 1
5 531 1
5 68 1
5 39 1
5 411 1
5 149 1
6 88 1
6 503 1
6 478 1
6 533 1
6 50 1
6 138 1
6 75 1
6 511 1
6 404 1
6 109 1
6 477 1
6 223 1
6 312 1
6 291 1
6 465 1
7 470 1
7 129 1
7 100 1
7 11 1
7 524 1
7 24 1
7 404 1
7 251 1
7 285 1
8 522 1
8 53 1
8 19 1
8 47 1
8 263 1
8 28 1
8 386 1
8 90 1
8 296 1
8 393 1
8 423 1
8 18 1
8 459 1
8 505 1
8 15 1
8 21 1
8 25 1
9 420 1
9 469 1
9 545 1
9 479 1
9 431 1
9 499 1
9 490 1
9 537 1
9 414 1
9 513 1
10 246 1
10 532 1
10 484 1
10 531 1
10 62 1
10 149 1
10 323 1
10 173 1
10 68 1
10 389 1
10 103 1
10 317 1
10 354 1
10 424 1
10 70 1
10 288 1
10 471 1
11 18 1
11 129 1
11 459 1
11 470 1
11 393 1
11 421 1
11 511 1
11 398 1
11 404 1
11 88 1
11 251 1
11 285 1
11 183 1
11 377 1
12 231 1
12 482 1
12 462 1
12 375 1
12 174 1
12 45 1
12 107 1
12 175 1
12 228 1
12 102 1
12 37 1
12 262 1
12 22 1
12 101 1
12 517 1
12 89 1
12 184 1
12 178 1
12 309 1
12 87 1
12 364 1
13 155 1
13 475 1
13 93 1
13 220 1
13 63 1
13 392 1
13 434 1
13 391 1
13 336 1
13 500 1
13 350 1
13 227 1
13 107 1
14 271 1
14 300 1
14 493 1
14 452 1
14 161 1
14 474 1
14 450 1
14 396 1
14 150 1
14 99 1
14 281 1
14 92 1
14 446 1
14 297 1
14 66 1
14 210 1
14 461 1
14 137 1
15 393 1
15 302 1
15 18 1
15 459 1
15 204 1
15 421 1
15 284 1
15 318 1
15 67 1
16 32 1
16 310 1
17 34 1
17 364 1
17 178 1
17 309 1
17 469 1
17 268 1
17 87 1
17 198 1
17 160 1
17 499 1
17 490 1
17 537 1
17 325 1
17 414 1
17 338 1
17 513 1
17 74 1
17 254 1
17 114 1
17 53 1
17 36 1
18 393 1
18 47 1
18 423 1
18 19 1
18 296 1
18 129 1
18 240 1
18 204 1
19 115 1
19 522 1
19 132 1
19 303 1
19 28 1
19 47 1
19 54 1
19 386 1
19 296 1
19 393 1
19 423 1
19 348 1
20 372 1
20 130 1
20 314 1
20 195 1
20 371 1
20 513 1
20 283 1
20 403 1
20 344 1
20 293 1
20 448 1
20 232 1
20 273 1
20 440 1
20 28 1
20 522 1
20 47 1
21 386 1
21 459 1
21 302 1
21 505 1
21 50 1
21 109 1
21 477 1
22 200 1
22 37 1
22 262 1
22 481 1
22 101 1
22 517 1
22 520 1
22 395 1
22 464 1
22 405 1
22 89 1
23 189 1
23 459 1
23 548 1
23 202 1
23 67 1
24 100 1
24 421 1
24 503 1
25 32 1
25 214 1
25 532 1
25 68 1
26 326 1
26 180 1
26 169 1
26 542 1
26 387 1
26 359 1
26 78 1
27 113 1
27 58 1
27 377 1
27 398 1
27 183 1
27 250 1
27 285 1
27 404 1
27 223 1
27 61 1
27 451 1
27 242 1
27 43 1
28 360 1
28 448 1
28 371 1
28 162 1
28 273 1
28 514 1
28 513 1
28 232 1
28 303 1
28 116 1
28 126 1
28 54 1
28 319 1
28 386 1
28 189 1
29 342 1
29 71 1
29 425 1
29 368 1
29 507 1
29 550 1
29 112 1
29 547 1
29 486 1
29 422 1
29 460 1
29 523 1
29 418 1
30 522 1
30 423 1
30 261 1
30 47 1
30 319 1
30 203 1
30 80 1
30 214 1
31 348 1
31 383 1
31 308 1
31 166 1
32 401 1
32 108 1
32 319 1
32 508 1
32 261 1
32 532 1
33 97 1
33 506 1
33 295 1
33 435 1
33 436 1
33 238 1
34 469 1
34 268 1
34 160 1
34 499 1
34 490 1
34 537 1
34 325 1
34 414 1
35 345 1
35 186 1
35 241 1
35 127 1
35 85 1
35 447 1
35 118 1
35 259 1
35 479 1
35 272 1
35 188 1
35 198 1
35 286 1
35 268 1
36 114 1
36 53 1
36 325 1
36 401 1
36 459 1
37 218 1
37 228 1
37 174 1
37 175 1
37 231 1
37 45 1
37 482 1
37 252 1
37 516 1
37 462 1
37 262 1
37 438 1
37 101 1
37 517 1
37 415 1
37 89 1
37 447 1
37 184 1
37 178 1
37 259 1
37 309 1
38 529 1
38 81 1
38 237 1
38 147 1
38 346 1
39 225 1
39 323 1
39 214 1
39 143 1
39 68 1
39 411 1
39 149 1
39 246 1
39 142 1
39 301 1
39 476 1
40 365 1
40 538 1
40 459 1
40 67 1
40 109 1
41 401 1
41 455 1
41 48 1
41 82 1
41 529 1
41 310 1
41 404 1
41 346 1
42 374 1
42 269 1
42 376 1
42 93 1
42 475 1
43 109 1
43 477 1
43 223 1
43 451 1
43 58 1
43 285 1
43 444 1
43 484 1
43 62 1
43 323 1
44 498 1
44 134 1
44 261 1
44 489 1
44 49 1
44 529 1
44 470 1
44 533 1
44 250 1
44 203 1
44 421 1
45 239 1
45 516 1
45 64 1
45 449 1
45 218 1
45 231 1
45 175 1
45 228 1
46 345 1
46 464 1
46 375 1
46 415 1
46 127 1
46 241 1
46 85 1
46 118 1
46 416 1
47 522 1
47 126 1
47 232 1
47 440 1
47 319 1
47 365 1
47 459 1
48 455 1
48 106 1
48 162 1
48 114 1
48 254 1
48 340 1
48 513 1
48 256 1
48 360 1
48 116 1
48 82 1
49 134 1
49 489 1
49 75 1
49 470 1
49 533 1
49 250 1
49 203 1
49 421 1
50 189 1
50 75 1
50 505 1
50 302 1
50 257 1
50 113 1
50 138 1
51 154 1
51 435 1
51 128 1
52 547 1
52 77 1
52 322 1
52 453 1
53 325 1
53 414 1
53 114 1
53 232 1
53 440 1
53 401 1
54 553 1
54 83 1
54 442 1
54 115 1
54 116 1
54 448 1
54 386 1
54 90 1
54 189 1
54 302 1
54 147 1
54 421 1
55 56 1
55 445 1
55 370 1
55 355 1
55 305 1
55 457 1
55 187 1
55 427 1
55 429 1
56 163 1
56 275 1
56 73 1
56 172 1
57 144 1
57 313 1
57 125 1
57 402 1
57 526 1
57 535 1
57 170 1
57 104 1
57 485 1
58 166 1
58 404 1
58 88 1
58 204 1
58 478 1
58 113 1
58 536 1
58 451 1
59 97 1
59 343 1
59 345 1
59 439 1
59 154 1
59 332 1
59 176 1
59 331 1
59 479 1
60 337 1
60 156 1
60 412 1
60 362 1
60 157 1
60 363 1
60 165 1
60 148 1
60 425 1
60 253 1
60 292 1
61 223 1
61 209 1
61 177 1
61 456 1
61 164 1
61 242 1
61 504 1
61 413 1
62 214 1
62 484 1
62 80 1
62 444 1
62 323 1
62 531 1
62 411 1
62 149 1
62 246 1
62 173 1
63 475 1
63 330 1
63 155 1
63 220 1
63 392 1
63 434 1
63 336 1
63 500 1
63 350 1
63 107 1
64 483 1
64 298 1
64 384 1
64 516 1
64 239 1
64 222 1
64 231 1
65 488 1
65 454 1
65 480 1
65 120 1
65 397 1
65 483 1
65 329 1
65 516 1
65 174 1
66 92 1
66 150 1
66 99 1
66 396 1
66 297 1
66 281 1
66 446 1
66 300 1
66 210 1
66 461 1
66 137 1
66 546 1
66 206 1
66 389 1
67 548 1
67 365 1
67 459 1
67 538 1
67 143 1
68 532 1
68 214 1
68 444 1
68 531 1
68 149 1
68 476 1
69 102 1
69 350 1
69 91 1
69 408 1
69 255 1
69 247 1
69 186 1
69 496 1
69 85 1
69 415 1
69 127 1
69 447 1
69 241 1
69 458 1
70 389 1
70 424 1
70 288 1
70 311 1
70 335 1
70 123 1
71 416 1
71 363 1
71 425 1
71 96 1
71 253 1
71 292 1
71 86 1
71 507 1
71 368 1
71 342 1
72 346 1
72 177 1
72 277 1
72 504 1
72 541 1
72 349 1
73 521 1
73 172 1
73 475 1
73 207 1
73 290 1
73 155 1
74 160 1
74 338 1
74 194 1
74 388 1
74 114 1
74 508 1
74 232 1
75 529 1
75 82 1
75 189 1
75 505 1
75 386 1
75 533 1
75 250 1
75 203 1
75 404 1
76 505 1
76 299 1
76 204 1
76 257 1
76 79 1
76 113 1
76 478 1
76 277 1
77 337 1
77 156 1
77 362 1
77 412 1
77 165 1
77 425 1
77 547 1
78 258 1
78 359 1
78 410 1
78 512 1
78 94 1
79 257 1
79 421 1
79 299 1
79 478 1
79 450 1
80 126 1
80 203 1
80 319 1
80 423 1
80 444 1
81 261 1
81 134 1
81 529 1
81 237 1
81 284 1
82 529 1
82 310 1
82 346 1
82 530 1
82 468 1
83 116 1
83 448 1
83 553 1
83 442 1
83 90 1
83 189 1
84 421 1
84 105 1
84 450 1
84 474 1
85 186 1
85 496 1
85 91 1
85 97 1
85 415 1
85 127 1
85 447 1
85 241 1
85 458 1
85 118 1
86 551 1
86 292 1
86 253 1
86 363 1
86 528 1
86 96 1
86 403 1
87 309 1
87 178 1
87 184 1
87 272 1
87 325 1
88 166 1
88 404 1
88 398 1
88 113 1
88 138 1
88 536 1
89 438 1
89 517 1
89 520 1
89 415 1
89 405 1
89 101 1
89 200 1
89 464 1
89 395 1
89 481 1
89 167 1
89 184 1
89 259 1
90 351 1
90 442 1
90 189 1
90 421 1
91 408 1
91 367 1
91 381 1
92 493 1
92 281 1
92 99 1
92 474 1
92 271 1
92 235 1
92 452 1
92 210 1
92 137 1
93 521 1
93 475 1
94 258 1
94 410 1
94 359 1
94 512 1
94 236 1
95 192 1
95 397 1
95 480 1
95 432 1
95 294 1
95 525 1
95 136 1
95 500 1
95 454 1
95 224 1
95 552 1
95 408 1
95 110 1
96 492 1
96 274 1
96 363 1
96 148 1
96 373 1
96 253 1
96 292 1
96 403 1
97 552 1
97 429 1
97 506 1
97 295 1
97 458 1
97 345 1
97 343 1
97 439 1
98 534 1
99 493 1
99 271 1
99 150 1
99 474 1
99 452 1
99 300 1
99 281 1
99 446 1
99 297 1
100 423 1
100 404 1
100 503 1
101 262 1
101 517 1
101 520 1
101 395 1
101 464 1
101 405 1
102 124 1
102 231 1
102 408 1
102 321 1
102 175 1
102 462 1
102 352 1
102 375 1
103 468 1
103 518 1
103 149 1
103 532 1
103 366 1
103 317 1
103 326 1
104 125 1
104 402 1
104 122 1
104 485 1
105 401 1
105 421 1
105 452 1
105 474 1
106 216 1
106 455 1
106 340 1
106 502 1
106 201 1
106 303 1
106 132 1
107 336 1
107 392 1
107 434 1
107 500 1
107 227 1
107 124 1
107 175 1
107 462 1
107 375 1
107 178 1
108 507 1
108 304 1
108 306 1
108 179 1
108 216 1
109 285 1
109 456 1
109 477 1
109 509 1
109 225 1
110 224 1
110 200 1
110 255 1
110 247 1
110 146 1
110 295 1
111 267 1
111 419 1
111 390 1
111 540 1
111 379 1
111 466 1
111 278 1
111 494 1
111 208 1
111 213 1
111 406 1
111 182 1
111 378 1
112 342 1
112 550 1
112 519 1
112 226 1
112 403 1
112 205 1
112 324 1
112 544 1
112 356 1
112 212 1
112 422 1
112 460 1
112 523 1
113 257 1
113 478 1
113 536 1
114 254 1
114 256 1
114 401 1
115 339 1
115 263 1
115 453 1
115 351 1
115 386 1
115 189 1
116 508 1
116 455 1
116 360 1
116 162 1
116 514 1
116 448 1
116 303 1
116 132 1
117 151 1
117 158 1
117 185 1
117 287 1
117 488 1
117 427 1
117 298 1
117 120 1
117 483 1
118 215 1
118 458 1
118 248 1
118 415 1
118 265 1
118 140 1
118 549 1
118 416 1
118 479 1
118 469 1
119 373 1
119 426 1
119 226 1
119 171 1
119 428 1
119 519 1
119 403 1
119 314 1
119 283 1
120 480 1
120 427 1
120 399 1
120 279 1
120 329 1
121 333 1
121 380 1
122 402 1
122 125 1
122 485 1
123 153 1
123 311 1
123 243 1
123 288 1
123 328 1
123 476 1
123 471 1
123 417 1
123 264 1
123 534 1
123 402 1
123 535 1
124 352 1
124 462 1
124 375 1
125 282 1
125 535 1
125 402 1
125 313 1
125 144 1
125 170 1
125 485 1
126 371 1
126 145 1
126 273 1
126 217 1
126 232 1
126 448 1
126 263 1
126 522 1
126 319 1
126 423 1
127 186 1
127 415 1
127 438 1
127 447 1
127 241 1
127 458 1
128 435 1
129 459 1
129 423 1
129 470 1
129 398 1
129 404 1
130 372 1
130 322 1
130 453 1
131 259 1
131 438 1
131 545 1
132 201 1
132 303 1
132 502 1
132 263 1
132 498 1
133 443 1
133 417 1
133 289 1
133 495 1
133 233 1
133 534 1
133 282 1
133 402 1
134 498 1
134 261 1
134 489 1
135 187 1
135 136 1
135 369 1
135 185 1
135 316 1
135 449 1
136 207 1
136 445 1
136 294 1
136 316 1
137 210 1
137 461 1
137 446 1
137 546 1
137 206 1
137 389 1
138 404 1
138 478 1
138 503 1
138 505 1
138 511 1
138 465 1
139 421 1
139 312 1
140 215 1
140 265 1
140 549 1
140 416 1
140 441 1
141 494 1
142 411 1
142 143 1
142 301 1
142 476 1
142 311 1
143 411 1
143 476 1
144 402 1
144 282 1
144 535 1
144 180 1
145 232 1
145 273 1
146 255 1
146 247 1
146 186 1
146 496 1
146 464 1
146 167 1
147 204 1
147 421 1
147 450 1
148 337 1
148 412 1
148 156 1
148 165 1
148 362 1
148 425 1
148 226 1
149 531 1
149 323 1
149 214 1
149 411 1
149 484 1
149 444 1
149 532 1
149 246 1
149 389 1
149 317 1
149 354 1
149 234 1
149 424 1
149 288 1
150 474 1
150 450 1
150 300 1
151 427 1
151 158 1
152 307 1
152 397 1
152 399 1
152 454 1
152 252 1
153 246 1
153 173 1
153 206 1
153 411 1
153 471 1
153 328 1
154 343 1
154 439 1
154 331 1
154 479 1
155 290 1
155 220 1
155 392 1
155 434 1
155 391 1
155 336 1
155 500 1
156 412 1
156 157 1
156 337 1
156 362 1
156 165 1
156 425 1
157 412 1
157 362 1
157 337 1
157 165 1
157 425 1
158 394 1
158 290 1
158 427 1
158 287 1
158 279 1
158 298 1
159 445 1
159 207 1
159 330 1
159 358 1
159 294 1
159 429 1
159 192 1
160 259 1
160 338 1
160 194 1
160 388 1
161 202 1
161 193 1
161 191 1
161 456 1
161 190 1
162 513 1
162 455 1
162 360 1
162 448 1
162 514 1
163 275 1
163 445 1
164 193 1
164 284 1
164 503 1
164 202 1
164 190 1
164 456 1
164 177 1
165 412 1
165 362 1
165 337 1
165 425 1
165 467 1
166 308 1
166 383 1
166 404 1
166 536 1
167 464 1
167 255 1
167 435 1
167 332 1
167 176 1
168 417 1
168 495 1
168 443 1
168 289 1
168 497 1
169 406 1
169 419 1
169 409 1
169 390 1
169 487 1
169 501 1
169 378 1
169 181 1
170 535 1
170 402 1
170 485 1
171 244 1
171 373 1
171 426 1
171 226 1
171 428 1
171 283 1
171 455 1
172 521 1
172 207 1
172 429 1
173 246 1
173 411 1
174 516 1
174 480 1
174 329 1
174 228 1
174 262 1
174 438 1
175 516 1
175 231 1
175 228 1
175 462 1
176 332 1
176 439 1
176 539 1
176 420 1
177 284 1
177 223 1
177 242 1
177 504 1
177 413 1
178 184 1
178 375 1
178 272 1
178 325 1
179 543 1
179 523 1
179 547 1
179 422 1
179 460 1
179 216 1
179 400 1
179 453 1
180 282 1
180 266 1
180 510 1
180 260 1
180 542 1
180 430 1
180 313 1
181 487 1
181 409 1
181 406 1
181 419 1
181 333 1
182 409 1
182 208 1
182 229 1
182 419 1
182 213 1
182 406 1
182 378 1
182 333 1
183 285 1
183 398 1
183 377 1
183 199 1
183 451 1
184 262 1
184 447 1
184 276 1
184 469 1
185 369 1
185 316 1
185 488 1
185 449 1
185 298 1
186 255 1
186 227 1
186 496 1
186 447 1
186 241 1
186 458 1
187 473 1
187 316 1
187 449 1
187 192 1
188 272 1
188 276 1
188 259 1
188 469 1
188 286 1
189 553 1
189 386 1
189 442 1
189 302 1
189 348 1
189 421 1
190 193 1
190 191 1
190 202 1
190 456 1
191 202 1
191 203 1
191 193 1
191 456 1
192 316 1
192 294 1
192 454 1
192 224 1
192 408 1
193 548 1
193 202 1
193 456 1
194 338 1
194 508 1
195 283 1
195 418 1
195 403 1
195 293 1
195 344 1
196 310 1
196 468 1
197 402 1
197 430 1
197 491 1
197 249 1
197 245 1
197 515 1
197 219 1
197 526 1
197 433 1
197 437 1
198 309 1
198 469 1
198 272 1
198 268 1
199 377 1
199 285 1
200 239 1
200 481 1
200 520 1
200 395 1
200 405 1
201 502 1
201 303 1
201 498 1
202 456 1
203 529 1
203 423 1
203 533 1
203 250 1
203 444 1
204 240 1
204 296 1
204 299 1
204 421 1
204 478 1
204 472 1
205 425 1
205 550 1
205 324 1
205 486 1
205 422 1
205 418 1
206 446 1
206 546 1
206 461 1
206 210 1
206 235 1
206 389 1
207 445 1
207 294 1
208 278 1
208 419 1
208 267 1
208 540 1
208 347 1
208 229 1
208 409 1
208 213 1
208 406 1
209 459 1
209 538 1
209 456 1
209 477 1
209 242 1
209 413 1
210 446 1
210 281 1
210 461 1
210 546 1
211 443 1
211 289 1
212 356 1
212 324 1
212 544 1
212 403 1
212 550 1
212 342 1
212 519 1
212 314 1
212 230 1
212 422 1
212 460 1
212 523 1
212 543 1
212 400 1
212 322 1
212 453 1
213 379 1
213 494 1
213 540 1
213 419 1
213 229 1
213 466 1
213 409 1
213 406 1
214 444 1
214 509 1
214 312 1
214 225 1
214 532 1
214 323 1
214 531 1
214 411 1
215 405 1
215 248 1
215 458 1
215 265 1
215 436 1
215 549 1
215 416 1
215 238 1
215 441 1
216 422 1
216 527 1
216 547 1
216 486 1
217 320 1
217 344 1
217 418 1
217 523 1
217 422 1
217 460 1
217 371 1
217 263 1
218 516 1
218 384 1
219 245 1
219 430 1
219 515 1
219 402 1
219 282 1
219 313 1
219 526 1
219 433 1
219 437 1
219 387 1
220 475 1
220 392 1
220 434 1
220 336 1
220 500 1
220 350 1
221 497 1
221 379 1
221 419 1
221 409 1
222 329 1
222 384 1
222 438 1
223 284 1
223 451 1
223 242 1
223 504 1
223 312 1
223 413 1
224 316 1
224 454 1
224 552 1
224 408 1
225 477 1
225 509 1
225 411 1
226 306 1
226 426 1
226 373 1
226 428 1
226 519 1
226 403 1
226 230 1
226 314 1
227 350 1
227 500 1
227 392 1
227 434 1
228 516 1
228 231 1
228 482 1
228 462 1
229 419 1
229 379 1
229 409 1
229 406 1
230 403 1
230 314 1
230 324 1
230 418 1
231 321 1
231 516 1
231 252 1
231 482 1
231 462 1
231 262 1
232 388 1
232 273 1
233 417 1
233 289 1
233 443 1
233 495 1
233 282 1
233 402 1
233 526 1
234 354 1
234 317 1
234 366 1
234 424 1
234 288 1
234 463 1
234 311 1
234 335 1
234 407 1
234 385 1
235 472 1
235 271 1
235 450 1
235 468 1
235 396 1
236 387 1
236 433 1
236 437 1
236 410 1
237 261 1
237 529 1
237 277 1
238 416 1
238 436 1
238 435 1
238 441 1
238 420 1
238 334 1
239 449 1
239 516 1
239 384 1
240 299 1
241 415 1
241 496 1
241 447 1
241 458 1
241 416 1
242 504 1
242 413 1
243 471 1
243 328 1
243 264 1
244 436 1
244 341 1
244 361 1
244 286 1
244 426 1
244 373 1
245 249 1
245 402 1
245 430 1
245 515 1
245 437 1
246 411 1
246 444 1
246 317 1
247 496 1
247 295 1
248 405 1
249 497 1
249 390 1
249 510 1
249 402 1
249 430 1
249 515 1
250 533 1
250 489 1
250 470 1
250 404 1
251 318 1
251 404 1
251 285 1
251 536 1
251 477 1
252 397 1
252 454 1
252 307 1
253 274 1
253 425 1
253 492 1
253 551 1
253 292 1
253 403 1
254 256 1
255 500 1
255 496 1
255 464 1
255 435 1
256 401 1
257 421 1
257 478 1
257 277 1
258 382 1
258 430 1
258 410 1
258 512 1
259 438 1
259 469 1
260 510 1
260 282 1
260 266 1
260 491 1
260 280 1
260 402 1
260 430 1
260 313 1
260 382 1
261 529 1
261 284 1
262 438 1
262 481 1
262 517 1
262 405 1
262 415 1
263 453 1
263 339 1
264 328 1
264 417 1
264 443 1
264 402 1
265 549 1
265 416 1
265 441 1
266 510 1
266 491 1
266 280 1
266 542 1
266 430 1
266 382 1
267 419 1
267 540 1
267 409 1
267 406 1
268 309 1
268 469 1
269 374 1
269 376 1
270 424 1
270 407 1
270 354 1
270 335 1
270 463 1
270 402 1
271 474 1
271 468 1
271 472 1
271 450 1
271 281 1
273 360 1
273 514 1
275 445 1
275 358 1
275 429 1
276 331 1
276 309 1
276 364 1
277 504 1
278 379 1
278 419 1
278 540 1
278 406 1
279 427 1
279 480 1
279 329 1
280 491 1
280 402 1
280 430 1
280 382 1
281 300 1
281 474 1
281 396 1
281 452 1
281 493 1
281 446 1
282 402 1
283 403 1
283 314 1
283 293 1
283 372 1
284 529 1
285 470 1
285 398 1
285 511 1
285 377 1
286 315 1
286 334 1
286 361 1
286 341 1
286 426 1
286 306 1
286 304 1
287 394 1
287 427 1
287 488 1
287 399 1
288 317 1
288 424 1
288 471 1
288 335 1
288 417 1
289 417 1
289 495 1
289 443 1
289 402 1
290 358 1
290 330 1
290 427 1
291 450 1
291 472 1
291 312 1
291 446 1
292 373 1
292 492 1
292 403 1
293 418 1
293 403 1
293 513 1
293 344 1
293 372 1
293 371 1
294 445 1
294 525 1
294 432 1
295 506 1
295 435 1
295 436 1
296 423 1
297 474 1
297 446 1
298 488 1
298 427 1
298 483 1
300 474 1
300 450 1
300 446 1
301 411 1
301 311 1
302 505 1
303 502 1
303 498 1
304 306 1
304 314 1
305 355 1
305 370 1
305 457 1
305 480 1
306 507 1
306 314 1
307 397 1
307 454 1
307 483 1
308 383 1
308 348 1
309 364 1
309 469 1
310 401 1
310 489 1
310 530 1
310 468 1
311 366 1
311 424 1
311 463 1
311 335 1
311 407 1
311 385 1
311 328 1
311 326 1
311 417 1
312 504 1
312 484 1
313 402 1
314 403 1
314 428 1
314 324 1
314 360 1
315 458 1
315 416 1
316 369 1
316 449 1
317 389 1
317 327 1
317 354 1
317 424 1
318 404 1
318 536 1
319 423 1
320 460 1
320 467 1
320 422 1
320 523 1
320 400 1
321 483 1
321 408 1
321 352 1
322 453 1
323 484 1
323 444 1
323 411 1
324 403 1
324 550 1
324 519 1
324 544 1
324 356 1
324 422 1
324 460 1
324 418 1
325 414 1
326 327 1
326 407 1
326 335 1
326 402 1
327 353 1
327 389 1
327 518 1
327 354 1
327 424 1
327 335 1
327 407 1
328 471 1
328 366 1
328 385 1
328 417 1
328 534 1
329 454 1
329 480 1
331 439 1
331 479 1
332 439 1
332 539 1
332 420 1
333 380 1
334 341 1
334 426 1
334 373 1
335 424 1
335 407 1
335 385 1
336 392 1
336 434 1
337 412 1
337 362 1
337 425 1
339 453 1
340 455 1
340 502 1
341 361 1
341 426 1
341 373 1
342 507 1
342 547 1
342 486 1
342 422 1
342 460 1
343 345 1
343 439 1
343 479 1
344 422 1
344 371 1
345 439 1
346 404 1
346 529 1
346 468 1
347 466 1
347 419 1
347 494 1
347 409 1
347 406 1
348 383 1
349 411 1
350 391 1
350 434 1
350 500 1
350 392 1
352 408 1
352 375 1
353 518 1
354 389 1
354 424 1
355 445 1
355 370 1
355 457 1
355 427 1
355 429 1
356 519 1
356 422 1
356 460 1
356 523 1
356 400 1
357 416 1
357 425 1
358 445 1
358 427 1
359 402 1
359 410 1
360 513 1
360 448 1
360 514 1
361 416 1
361 435 1
361 436 1
361 426 1
362 412 1
362 425 1
363 528 1
365 538 1
366 532 1
366 468 1
367 381 1
368 507 1
368 403 1
368 418 1
369 449 1
370 457 1
370 427 1
371 403 1
371 372 1
371 448 1
372 418 1
372 403 1
372 453 1
372 448 1
373 426 1
373 441 1
374 376 1
375 462 1
377 451 1
378 406 1
378 501 1
378 409 1
378 487 1
379 540 1
379 406 1
381 408 1
381 416 1
382 430 1
382 491 1
384 483 1
384 516 1
385 463 1
385 424 1
385 407 1
385 417 1
386 393 1
387 437 1
387 542 1
387 433 1
387 410 1
388 414 1
389 424 1
390 419 1
390 409 1
390 406 1
391 500 1
392 475 1
392 434 1
392 500 1
393 423 1
394 427 1
395 481 1
395 520 1
395 464 1
395 405 1
396 468 1
396 450 1
396 474 1
396 446 1
397 454 1
398 511 1
398 470 1
398 404 1
399 488 1
400 460 1
400 523 1
400 422 1
400 543 1
400 502 1
402 443 1
402 495 1
402 491 1
402 510 1
402 535 1
402 430 1
402 526 1
402 433 1
402 437 1
402 410 1
402 485 1
403 418 1
404 536 1
404 465 1
405 481 1
405 438 1
405 482 1
405 520 1
405 517 1
406 419 1
406 409 1
406 466 1
406 540 1
406 487 1
406 501 1
407 463 1
407 471 1
409 466 1
409 419 1
409 487 1
409 501 1
410 535 1
410 437 1
410 512 1
411 463 1
412 441 1
412 425 1
413 536 1
413 465 1
413 456 1
413 504 1
413 518 1
414 499 1
414 490 1
414 537 1
415 458 1
416 549 1
416 441 1
417 463 1
417 495 1
417 443 1
418 448 1
419 466 1
419 497 1
419 501 1
420 539 1
421 489 1
421 472 1
421 450 1
421 484 1
422 544 1
422 547 1
422 519 1
422 460 1
422 523 1
422 543 1
424 463 1
424 471 1
425 467 1
425 507 1
426 436 1
427 488 1
429 445 1
430 542 1
430 510 1
430 491 1
431 537 1
432 525 1
433 515 1
433 526 1
433 437 1
434 475 1
434 500 1
436 458 1
436 549 1
437 515 1
437 526 1
437 512 1
438 447 1
439 479 1
441 549 1
443 495 1
444 451 1
444 484 1
444 532 1
444 531 1
446 474 1
446 465 1
446 461 1
446 546 1
448 514 1
449 473 1
450 472 1
450 465 1
450 474 1
450 493 1
451 484 1
452 474 1
452 493 1
454 483 1
454 482 1
455 513 1
456 477 1
457 480 1
458 506 1
459 548 1
460 544 1
460 523 1
461 546 1
462 482 1
464 481 1
465 518 1
468 530 1
470 489 1
472 530 1
474 493 1
477 509 1
484 531 1
485 526 1
486 523 1
486 527 1
487 501 1
489 533 1
490 499 1
491 510 1
498 502 1
519 544 1
526 535 1
