4720 2
-0.699441 0.842822
-0.734268 0.922609
-0.779475 0.973852
-0.654877 0.803928
-0.688880 0.838862
-0.745214 1.052554
-0.778633 0.968518
-0.563818 0.818913
-0.790791 1.006683
-0.657734 0.792368
-0.729232 0.853282
-0.718985 1.143633
-0.786409 0.941878
-0.747695 1.106688
-0.585397 0.796211
-0.819473 1.013924
-0.680865 0.745735
-0.514668 0.850724
-0.772363 0.842435
-0.850724 0.953693
-0.816736 1.128711
-0.739279 1.181237
-0.518281 0.813801
-0.884936 1.021059
-0.881500 0.888393
-0.603221 0.750636
-0.835865 0.794240
-0.920234 0.963668
-0.653652 1.233236
-0.743119 0.713511
-0.605769 0.672331
-0.914603 0.873396
-0.893701 1.200795
-0.524972 0.759319
-0.875380 0.774546
-0.977591 0.943695
-0.959174 1.090750
-0.837540 0.694188
-0.777002 1.244907
-1.034413 0.803904
-0.690607 0.588824
-0.965100 0.691446
-0.586405 0.610674
-1.081683 1.052537
-1.087869 0.896731
-0.655103 1.272337
-0.865731 0.612368
-0.934250 1.263865
-1.105481 0.839117
-0.511541 0.683142
-1.078774 0.733171
-1.055898 1.163879
-0.992708 0.634012
-1.198734 0.970540
-1.155789 0.885140
-1.155359 0.790718
-0.831875 1.308374
-1.188667 1.113258
-0.807221 0.524990
-1.111766 0.671935
-1.256928 0.901839
-0.896141 0.537549
-1.255355 0.807777
-0.482841 0.726049
-1.060453 0.581630
-0.569601 0.549570
-1.283038 0.996864
-1.227641 0.719511
-0.489570 0.599892
-1.286928 0.766792
-1.310852 0.829767
-1.178778 0.605579
-0.995950 1.317703
-1.348915 0.946159
-1.293277 0.698876
-1.144575 1.204377
-1.266046 1.137719
-1.345224 0.762707
-1.033996 0.487841
-1.149347 0.495911
-1.364537 1.031847
-1.378457 0.831386
-0.849430 0.444346
-0.903840 1.363999
-1.428375 0.947425
-1.371424 0.678760
-1.309840 0.600847
-1.424151 0.749360
-1.459018 0.840524
-1.442538 1.029309
-1.373941 1.125121
-1.483597 0.786689
-0.619498 0.440685
-1.254339 0.461481
-1.504728 0.943757
-1.482050 0.701181
-1.053879 0.429813
-1.420175 0.641611
-1.385024 0.499140
-0.455813 0.558907
-0.901051 0.389003
-1.530805 0.838759
-1.230951 1.352935
-1.533505 0.757829
-1.530018 1.023760
-1.526943 0.665856
-1.085558 1.358593
-1.546239 0.940559
-1.504846 0.548471
-0.954281 1.401470
-1.476556 1.108243
-1.382515 0.409081
-1.587420 0.848515
-1.471293 0.478666
-1.235579 0.350371
-1.606341 0.691752
-1.573089 0.572184
-1.586378 1.067964
-1.527837 0.452040
-1.413003 1.309070
-1.478398 0.401020
-1.628410 0.936350
-1.005983 0.315651
-1.353718 0.306749
-1.689262 0.780231
-0.727988 0.343519
-1.700107 0.574148
-0.431926 0.504656
-1.673795 0.464268
-1.559328 1.217275
-1.599238 0.388367
-1.639961 1.115505
-1.236076 0.241244
-1.518257 0.289720
-1.772329 0.910082
-0.789677 0.310811
-1.379021 1.394709
-1.744689 0.509257
-1.697094 0.396124
-1.824902 0.671371
-1.013387 1.455198
-1.402679 0.230422
-0.411334 0.697897
-1.619670 0.300587
-0.940985 0.203827
-1.681056 1.221476
-1.071045 1.489645
-0.575697 1.267532
-1.719752 0.314865
-1.565146 0.221891
-0.400054 0.651471
-1.778408 0.400483
-1.741376 1.121582
-1.511200 1.376991
-1.862862 0.513424
-1.851681 0.963947
-0.765858 1.345299
-1.662894 0.243271
-1.953436 0.656570
-0.394006 0.424241
-1.776829 0.286035
-1.471515 0.117360
-1.874425 0.406392
-1.216127 0.091190
-1.742576 1.268965
-1.588829 0.125610
-1.616485 1.427615
-1.901421 1.051780
-2.005667 0.541742
-1.756993 0.165302
-2.011675 0.797947
-0.653402 1.341995
-0.759915 1.406845
-0.475737 0.258078
-1.895778 0.226167
-2.059753 0.655709
-0.715452 0.173231
-1.543443 0.013940
-1.360331 1.541766
-2.016734 0.356713
-1.727899 0.016294
-1.308776 -0.044448
-0.441496 0.851670
-1.959902 1.276441
-1.839699 0.066592
-0.742261 0.047271
-2.099500 0.516819
-1.739048 1.455756
-2.050298 1.059204
-1.509522 1.533280
-1.999767 0.146234
-2.124804 0.898764
-2.182150 0.732651
-1.188779 1.593664
-1.616719 1.504997
-1.615444 -0.093306
-2.141723 0.268999
-1.411276 -0.094658
-1.778739 -0.035050
-0.809016 1.431867
-1.067354 -0.040321
-1.973760 0.002810
-2.015735 1.274901
-2.149803 0.128329
-2.333359 0.432183
-2.122828 1.097045
-2.251825 0.866584
-1.912079 1.423200
-0.402679 0.363662
-1.211774 -0.119011
-2.320982 0.222386
-2.360803 0.732916
-1.473258 -0.208756
-1.681812 -0.197051
-1.906654 -0.225843
-0.354276 0.593505
-1.335134 -0.207112
-2.419334 0.286783
-1.648899 1.648065
-2.074309 -0.161342
-1.510725 1.658506
-2.334435 0.038739
-2.486729 0.435537
-2.105412 1.349613
-2.446125 0.152933
-1.352894 1.719922
-0.921848 1.549425
-2.324221 1.190050
-2.413105 0.928554
-0.995157 -0.141202
-0.848704 -0.054468
-0.860819 1.516807
-2.555928 0.733375
-2.036427 -0.364837
-2.519762 0.283517
-1.941544 1.540911
-1.447270 -0.398872
-2.511921 -0.088534
-0.589788 0.057450
-1.170941 -0.244788
-2.679347 0.434890
-2.300257 -0.338968
-1.308528 -0.278065
-1.829591 -0.440118
-2.736588 -0.005500
-2.653783 0.909016
-2.761159 0.660300
-2.803460 0.225222
-2.346659 1.380239
-1.848945 1.597634
-2.563798 -0.431520
-2.701324 -0.205356
-2.516285 1.262695
-2.229355 -0.533671
-2.857459 0.441735
-1.204173 1.694146
-1.985699 -0.599745
-2.868390 -0.055085
-1.600091 1.708405
-2.484352 -0.529107
-2.091224 1.541638
-2.976630 0.124585
-2.620595 -0.541674
-2.665928 1.123706
-2.717416 -0.442940
-2.782503 0.860283
-1.578281 -0.548854
-2.901972 0.663350
-1.403849 -0.397995
-2.989674 -0.334426
-1.755926 -0.614629
-0.477022 0.781566
-3.035498 0.438625
-2.384027 -0.702417
-1.141435 -0.340515
-3.116612 -0.244495
-2.558188 -0.630346
-0.947611 -0.253261
-2.718435 -0.589232
-2.497983 1.434402
-2.889289 -0.653744
-0.590318 1.276066
-2.210327 -0.784439
-0.391827 0.209952
-2.633472 1.355824
-3.273908 0.169890
-2.561565 -0.742747
-2.645584 -0.748540
-1.402591 1.819243
-1.879386 1.793877
-3.021929 0.831050
-3.092289 -0.757914
-3.222363 -0.430357
-3.140214 0.652920
-2.773063 1.256768
-1.957163 -0.752697
-2.879601 -0.804216
-3.372679 -0.280395
-3.300553 0.552327
-2.956234 -0.796988
-0.975313 1.609332
-2.606407 -0.810212
-2.422468 -0.813576
-2.792411 -0.860215
-3.131384 -0.878855
-2.273846 1.568131
-3.244887 -0.870191
-3.497413 -0.548612
-2.863983 -0.889278
-2.558613 -0.877418
-3.071539 -0.932787
-3.448706 -0.848629
-3.477580 0.223553
-1.561145 -0.706380
-2.329245 -0.942855
-2.706705 -0.939823
-3.614615 -0.339152
-3.224409 -0.987937
-2.782873 -0.955311
-3.191633 0.946830
-3.294631 0.605699
-2.425231 -1.018122
-1.705339 -0.762001
-3.403379 -0.987934
-1.310230 -0.585652
-3.036048 -1.056705
-0.459913 0.884309
-3.462567 0.409386
-3.576720 -0.869008
-3.180537 -1.094844
-0.739118 -0.182093
-2.601113 1.554856
-2.763207 1.462369
-2.571665 -0.996920
-3.709568 -0.620722
-3.502450 -1.053979
-2.887965 -1.039151
-2.075462 -1.071636
-3.296833 -1.157875
-2.786699 -1.095585
-2.701076 -1.055750
-3.766854 -0.105272
-3.856453 -0.438690
-3.476793 -1.136369
-3.735234 0.251165
-3.627162 -1.150375
-3.009080 1.281686
-3.105744 -1.188523
-3.580536 -1.233217
-2.988721 -1.127290
-3.360327 0.910668
-3.849717 -0.935138
-2.396930 -1.026656
-2.450640 -1.078104
-1.635724 1.897279
-3.437512 -1.354886
-2.881725 -1.174205
-4.043074 -0.687703
-3.261597 -1.278014
-2.761271 -1.135875
-1.817651 -1.002523
-3.581224 -1.450567
-2.610679 -1.170180
-3.940587 -1.476903
-3.720134 -1.499350
-3.487872 0.718095
-3.049115 -1.258407
-4.015426 -0.139084
-3.163611 -1.299913
-2.908271 -1.198544
-3.703487 0.556021
-4.098512 -0.414868
-2.837267 -1.243054
-3.939527 0.156679
-3.363300 -1.446631
-2.051157 1.825663
-4.241992 -1.261131
-3.646204 -1.761110
-2.336998 -1.088777
-3.942154 -1.752519
-3.483934 -1.541963
-3.232565 -1.391313
-3.722440 -1.776589
-2.713256 -1.260840
-4.151316 -1.694694
-4.260537 -0.733910
-3.075293 -1.364882
-2.985541 -1.366705
-3.917201 0.332817
-3.598988 -1.843816
-3.656329 -1.899528
-2.878425 -1.333675
-3.896438 -2.044752
-2.390572 -1.164756
-3.751243 -1.988052
-4.080949 -2.024153
-3.155209 -1.426110
-2.517544 -1.260693
-3.413186 -1.623389
-3.336684 1.078398
-3.316766 -1.546288
-3.932933 -2.114745
-4.318384 -1.696905
-4.200623 -0.172628
-3.703079 -2.087091
-3.845648 -2.130554
-4.406379 -1.108243
-3.496304 -1.788267
-3.607550 -1.993226
-2.470332 1.696640
-4.281192 -1.891367
-0.956176 -0.411141
-4.344033 -1.496717
-3.908171 -2.216512
-3.779632 -2.169669
-4.066707 0.020234
-2.820669 -1.348266
-4.032811 -2.167727
-3.821642 -2.220299
-4.401816 -1.291332
-3.026314 -1.407235
-3.521498 -1.875230
-3.709192 -2.226261
-3.215024 -1.479171
-3.634681 -2.170331
-4.307186 -0.449356
-4.380217 -1.779817
-3.765054 -2.263014
-4.186584 -2.211487
-3.882738 -2.334567
-3.995505 -2.305790
-4.244273 -2.085700
-3.824342 -2.354861
-3.545146 -1.994869
-3.740470 -2.299647
-4.414788 -1.655903
-3.676244 -2.281973
-4.115819 -2.318844
-3.776297 -2.356174
-4.320211 -2.026613
-3.580893 -2.113076
-3.817177 -2.435346
-3.871677 -2.416334
-2.603566 -1.272766
-3.934861 -2.414177
-3.716279 -2.382799
-4.394855 -1.907879
-3.596096 -2.204861
-4.028963 -2.413202
-4.263579 -2.342421
-4.212676 -2.286721
-3.063013 -1.442661
-4.446966 -1.905899
-3.777524 -2.446161
-3.641424 -2.293156
-4.305324 -2.137218
-3.838610 -2.491971
-3.489326 -1.868762
-3.687302 -2.379543
-4.164504 -2.383448
-3.924237 -2.507974
-4.398094 -2.091865
-4.508126 -1.821493
-4.504484 -1.441217
-3.735121 -2.441869
-3.534743 -2.070787
-3.996462 -2.504089
-2.965290 -1.410288
-4.041380 0.226976
-3.795547 -2.521488
-3.566562 -2.177509
-3.340029 -1.627982
-3.594112 -2.263127
-3.890011 -2.566666
-4.076845 -2.554983
-4.285866 -2.305222
-4.408890 -0.774338
-4.387451 -2.314960
-4.239828 -2.464916
-3.643289 -2.332637
-3.959515 -2.589987
-4.436450 -2.203733
-3.699361 -2.465974
-3.754659 -2.511297
-4.520651 -2.119327
-4.518477 -1.914912
-4.187369 -2.550795
-4.540596 -1.670993
-4.039203 -2.637736
-3.829996 -2.583324
-3.902331 -2.623065
-4.161682 -2.635426
-4.517898 -1.385165
-4.388317 -2.378951
-3.575148 -2.226928
-4.338993 -2.471310
-4.474301 -2.307693
-3.619597 -2.323409
-3.551645 -2.151268
-4.001867 -2.646093
-4.563487 -2.066377
-4.520208 -0.970496
-3.515119 -2.010200
-4.291051 -2.571644
-4.200825 -0.032233
-4.502458 -1.171239
-4.090494 -2.667721
-3.488892 -1.919069
-3.872394 -2.621606
-4.604410 -1.843560
-4.253417 -2.666248
-4.585829 -2.143793
-3.140473 -1.481328
-3.944452 -2.646022
-3.281406 -1.571771
-4.244438 -2.704221
-4.524077 -2.393428
-4.570692 -2.283651
-4.599549 -2.254438
-4.442420 -2.519568
-4.073240 -2.674129
-4.651152 -1.955773
-4.397578 -2.607343
-3.446905 -1.816438
-4.360367 -2.658814
-4.668890 -2.091995
-2.133598 -1.214870
-4.165380 -2.706250
-4.625772 -1.516790
-4.302804 -2.703190
-4.656177 -2.232912
-4.293387 -2.735920
-4.614342 -2.421680
-4.596740 -2.535018
-4.598175 -2.352705
-4.414793 -2.591209
-4.443892 -2.695317
-4.408715 -2.709503
-4.700710 -1.663772
-2.849311 -1.413060
-4.398077 -2.733909
-3.466903 1.046931
-4.771745 -2.065679
-3.382783 -1.704394
-4.737644 -2.169668
-4.558055 -2.682827
-4.522525 -2.703655
-4.298463 -0.201583
-4.673150 -2.498590
-4.630903 -2.552419
-4.669838 -2.430914
-4.712873 -2.275647
-4.479920 -2.727994
-2.679456 -1.369312
-4.667561 -1.371822
-4.802512 -1.878759
-4.625116 -2.696449
-4.660275 -2.652045
-4.574454 -2.718681
-4.709791 -2.563187
-4.741064 -2.512186
-4.759736 -2.390997
-4.807682 -2.270566
-3.013587 -1.464224
-4.840836 -2.151620
-4.696810 -2.695019
-4.677990 -2.709962
-4.790597 -2.635819
-4.822448 -2.020290
-4.780625 -1.697985
-4.779056 -1.524820
-4.799771 -2.565023
-4.865945 -2.476367
-4.666981 -1.061117
-4.847691 -2.354006
-4.891929 -2.202586
-2.261392 -1.231646
-4.770466 -2.697155
-4.846155 -2.669535
-3.181079 -1.530201
-3.307793 -1.617319
-4.850646 -2.628593
-3.868508 0.620275
-4.926206 -2.129370
-4.818575 -1.879074
-4.928548 -2.453814
-3.701496 0.798676
-4.949094 -2.290616
-4.908164 -2.668381
-4.962930 -2.660264
-4.982761 -2.565632
-4.586957 -0.837932
-4.972563 -2.166543
-5.006668 -2.488346
-4.975000 -1.996233
-5.054611 -2.404078
-4.999765 -2.647325
-4.897359 -1.774670
-5.028039 -2.610460
-4.498848 -0.441160
-5.041280 -2.320405
-5.072541 -2.538262
-4.154286 0.124668
-4.996266 -2.092795
-5.117775 -2.445221
-4.984380 -1.842750
-5.088841 -2.613464
-5.109056 -2.363361
-4.888169 -1.600518
-5.103508 -2.208810
-5.143743 -2.570564
-4.806349 -1.211370
-3.054881 -1.498248
-5.131709 -2.298713
-5.207561 -2.481238
-5.061146 -2.000484
-5.209045 -2.408358
-5.210714 -2.552302
-4.987278 -1.727301
-5.156262 -2.089509
-5.265931 -2.498498
-5.221030 -2.297688
-5.176104 -2.220564
-5.266228 -2.430079
-4.985548 -1.611413
-4.917389 -1.504812
-5.077262 -1.816080
-5.280241 -2.329254
-5.298694 -2.483659
-5.300487 -2.268916
-5.330950 -2.449112
-2.781081 -1.446634
-3.221346 -1.563144
-5.257412 -2.165113
-5.174731 -1.953803
-5.334372 -2.355500
-3.991080 0.414763
-5.097391 -1.663550
-5.307611 -2.217368
-5.305112 -2.271293
-2.932095 -1.462805
-5.373869 -2.406277
-5.249153 -2.022716
-5.392690 -2.363971
-5.393578 -2.294901
-5.058471 -1.566071
-5.337049 -2.138999
-5.189215 -1.762436
-5.368093 -2.211970
-5.429286 -2.339566
-5.457965 -2.280782
-2.394675 -1.269019
-5.455236 -2.189012
-3.113284 -1.537283
-5.419065 -2.003342
-5.447241 -2.098211
-5.163299 -1.637703
-4.999831 -1.350680
-5.310520 -1.883197
-5.496955 -2.253034
-5.500696 -2.179272
-2.520005 -1.271785
-5.514570 -2.058119
-5.488377 -2.009297
-4.793903 -0.913476
-5.423648 -1.916750
-5.543489 -2.099361
-5.112217 -1.421791
-5.298509 -1.710525
-5.517762 -2.049048
-4.299971 0.024272
-1.856001 -1.174205
-5.502520 -1.936460
-5.565978 -2.070721
-5.397625 -1.798156
-4.625660 -0.547422
-5.590418 -1.977504
-4.948775 -1.082207
-5.487976 -1.855466
-5.241756 -1.542974
-5.581490 -1.912794
-5.620742 -1.945650
-5.538679 -1.888563
-3.149303 -1.546401
-5.620766 -1.910955
-5.083669 -1.308112
-5.539912 -1.798894
-4.143545 0.292035
-5.396251 -1.648814
-5.460086 -1.741892
-2.984948 -1.506737
-5.609998 -1.844588
-5.669536 -1.860760
-5.598770 -1.776491
-2.004922 -1.222886
-5.651854 -1.838066
-5.566540 -1.699132
-5.240731 -1.415338
-5.510204 -1.625654
-5.632733 -1.794066
-5.362497 -1.454608
-5.569655 -1.650633
-5.687766 -1.793589
-2.818820 -1.471956
-5.609018 -1.684303
-5.683961 -1.723766
-4.499539 -0.150107
-5.456522 -1.509381
-5.672951 -1.646496
-5.544755 -1.563428
-5.620506 -1.618836
-5.699662 -1.696570
-5.701997 -1.637661
-5.696789 -1.558122
-5.116632 -1.062109
-5.347809 -1.320702
-5.449784 -1.389871
-5.262053 -1.234005
-5.546659 -1.439101
-5.623413 -1.507895
-5.730025 -1.590944
-5.710037 -1.509265
-3.011008 -1.552459
-4.985501 -0.954201
-5.674860 -1.454520
-5.595129 -1.418879
-5.513346 -1.346571
-5.730297 -1.476810
-2.655535 -1.449872
-5.432254 -1.290184
-4.579997 -0.328225
-5.703551 -1.408864
-4.880341 -0.731623
-2.186413 -1.298517
-5.356161 -1.182154
-5.667576 -1.354829
-5.628688 -1.295428
-5.743947 -1.345800
-4.321657 0.219997
-5.247019 -1.087841
-3.067758 -1.557914
-5.550376 -1.207119
-5.722975 -1.315094
-2.784156 1.673141
-5.474203 -1.180692
-5.681599 -1.274118
-5.736235 -1.281938
-5.623574 -1.213638
-5.720973 -1.243274
-5.358799 -1.088404
-2.884329 -1.548986
-5.554501 -1.147528
-5.695136 -1.179770
-5.738382 -1.209449
-5.142787 -0.841573
-5.498974 -1.059407
-5.630812 -1.132977
-5.713080 -1.140543
-5.335312 -0.850228
-5.699479 -1.110540
-4.745483 -0.430134
-5.582393 -1.023721
-4.998180 -0.672564
-5.720157 -1.111641
-5.650361 -1.046901
-1.494866 -0.835838
-5.440913 -0.927529
-5.709999 -1.085439
-2.421090 -1.362523
-2.761440 -1.513666
-5.663494 -0.960918
-5.529554 -0.971178
-4.436535 0.104301
-5.577273 -0.941958
-5.719994 -1.022793
-5.687960 -0.967485
-5.658492 -0.943958
-4.000761 0.660328
-2.924114 -1.575019
-5.412444 -0.787212
-2.485360 -1.424907
-4.135614 0.539163
-5.289872 -0.735542
-5.475557 -0.805293
-5.563835 -0.842527
-2.935052 1.575980
-5.681081 -0.924348
-4.901715 -0.482415
-5.659215 -0.861506
-4.556292 -0.052256
-5.150258 -0.617594
-2.986487 -1.577025
-5.563446 -0.772556
-2.257448 -1.334955
-1.749550 -1.114256
-5.558574 -0.764726
-5.458858 -0.730928
-5.647483 -0.787536
-5.370757 -0.668545
-5.619716 -0.741724
-5.567598 -0.727752
-4.287693 0.386490
-4.701705 -0.169396
-5.293414 -0.595037
-5.091190 -0.513509
-5.514992 -0.697741
-5.627579 -0.712425
-2.788165 -1.578863
-3.859361 0.831280
-5.606339 -0.669201
-5.423687 -0.623543
-5.566288 -0.646220
-2.125992 -1.305021
-2.565508 -1.523792
-5.364533 -0.552118
-5.620576 -0.661432
-5.473217 -0.597183
-4.837954 -0.231843
-5.182371 -0.479211
-5.598845 -0.641183
-3.439935 1.218396
-5.425646 -0.559579
-5.534753 -0.554430
-5.280717 -0.483368
-5.015014 -0.328242
-5.478467 -0.505592
-4.370026 0.317348
-5.579944 -0.553014
-5.553921 -0.519187
-5.377876 -0.483411
-3.689128 1.026620
-5.484221 -0.459351
-2.834448 -1.601848
-4.654054 0.033053
-5.127384 -0.379830
-5.437852 -0.457471
-1.694777 -0.929282
-2.348979 -1.402516
-2.897207 -1.612127
-5.554128 -0.470619
-2.658133 -1.568142
-5.217309 -0.400539
-5.513381 -0.432224
-5.293229 -0.358426
-5.456562 -0.402136
-4.773540 -0.065996
-5.418630 -0.384786
-4.953732 -0.118679
-2.399336 -1.457175
-5.504417 -0.384558
-5.475643 -0.343266
-5.060400 -0.235953
-1.247645 -0.735462
-5.430502 -0.329691
-5.258851 -0.235015
-4.609855 0.201070
-5.180625 -0.187983
-5.320455 -0.218219
-2.706540 -1.608375
-4.143874 0.683744
-4.264472 0.602933
-5.452802 -0.290580
-5.418244 -0.235162
-5.017785 -0.055680
-5.377182 -0.189145
-4.744901 0.181114
-5.283140 -0.151765
-4.393635 0.483612
-5.146184 -0.059373
-2.214547 -1.361527
-5.420393 -0.178064
-5.212861 -0.105561
-2.496884 -1.559821
-5.391609 -0.160563
-2.772919 -1.629067
-4.037984 0.843822
-2.828333 -1.629640
-5.341659 -0.090237
-4.917272 0.072685
-5.281044 -0.053083
-5.380630 -0.092694
-5.030886 0.081089
-5.364937 -0.046796
-5.181176 0.020674
-2.274483 -1.434983
-3.261075 1.363349
-2.004745 -1.322365
-4.523612 0.437947
-5.315183 -0.002960
-2.559882 -1.618424
-5.234784 0.015838
-5.363555 -0.010454
-4.267101 0.721898
-5.344790 0.036473
-2.329802 -1.481441
-1.893601 -1.281948
-5.315006 0.105865
-4.849470 0.350128
-2.636614 -1.658260
-4.348949 0.681544
-2.261639 1.867430
-5.235804 0.139382
-5.144359 0.181285
-5.349607 0.079285
-4.700247 0.403789
-5.332407 0.164134
-4.454144 0.657594
-5.008132 0.265416
-2.684759 -1.656176
-2.768273 -1.633799
-2.655774 1.796011
-5.280233 0.185510
-2.410346 -1.559337
-5.220374 0.231371
-5.342475 0.192976
-4.188283 0.911709
-2.080386 -1.382640
-5.327087 0.237526
-4.612840 0.569353
-5.158593 0.318134
-4.420300 0.742608
-2.493445 -1.632013
-4.929118 0.490469
-5.273538 0.290662
-2.144300 -1.493895
-3.878234 1.244397
-4.335712 0.840637
-5.354291 0.290267
-4.838408 0.526466
-5.232748 0.346615
-5.071805 0.426684
-3.719460 1.430017
-5.329565 0.356302
-2.546395 -1.680353
-4.483105 0.754693
-2.231148 -1.554582
-4.682537 0.646489
-5.172177 0.461513
-5.306827 0.432610
-2.655493 -1.689614
-5.346230 0.440763
-2.599854 -1.692959
-1.787859 1.954030
-5.030733 0.556110
-4.408479 0.845986
-5.339481 0.481546
-4.148084 1.243341
-5.241512 0.504806
-4.927021 0.594233
-4.603997 0.787360
-5.135214 0.569249
-2.289149 -1.623355
-5.307294 0.530480
-4.807505 0.697029
-5.356100 0.519431
-5.207406 0.604153
-5.091062 0.653822
-1.988402 -1.429429
-5.362109 0.542894
-4.323753 0.986228
-4.539667 0.905375
-5.022593 0.698188
-5.264506 0.654623
-5.163725 0.680689
-2.322992 -1.684053
-4.722623 0.785564
-4.491479 1.025479
-5.336984 0.656761
-4.896352 0.767771
-5.367193 0.609378
-5.103723 0.752227
-5.246203 0.706059
-2.074174 -1.484864
-5.380940 0.703847
-2.450254 -1.718340
-5.195866 0.794162
-5.306814 0.727746
-4.830842 0.860123
-4.617884 0.947989
-5.040463 0.829553
-3.514414 1.645123
-2.539811 -1.730709
-5.366245 0.747270
-2.103249 -1.572023
-5.393683 0.717247
-5.276852 0.803359
-2.492181 -1.733780
-5.142722 0.836514
-5.407406 0.782432
-1.746237 -1.210945
-4.963579 0.911255
-5.340832 0.835725
-4.501314 1.032711
-5.241593 0.879620
-4.736814 0.943917
-5.400693 0.885150
-5.430151 0.809126
-1.128024 -0.666964
-5.305768 0.885556
-4.415122 1.183656
-5.054238 0.919243
-5.440075 0.905609
-2.207224 -1.638952
-1.912165 -1.415002
-5.366591 0.912897
-5.166598 0.968732
-4.843829 0.973991
-5.409237 0.948647
-5.262809 0.961753
-4.642714 0.977108
-3.982963 1.486974
-5.444560 0.943716
-5.316043 0.988312
-5.434267 0.977043
-5.008520 1.008280
-5.376483 0.996375
-2.261270 -1.706301
-0.415610 -0.003314
-5.123526 1.025743
-5.412036 1.011734
-5.215499 1.037822
-4.752321 1.114341
-5.290874 1.065646
-4.296694 1.404921
-5.436054 1.020241
-3.935188 1.510216
-5.358429 1.055461
-1.966649 -1.492369
-4.546226 1.230880
-5.418122 1.075572
-2.318618 -1.748879
-2.675245 1.798355
-4.892216 1.183829
-2.453124 -1.759014
-5.374824 1.121405
-1.428124 1.960336
-5.260701 1.202312
-2.401865 -1.767838
-5.321330 1.164599
-5.185277 1.186923
-5.429660 1.149207
-1.997817 -1.577063
-5.398878 1.163975
-5.048250 1.212369
-4.701198 1.215222
-4.838809 1.206330
-5.354912 1.232903
-1.613903 -1.133058
-4.939812 1.287916
-4.418601 1.389443
-2.819544 1.820363
-5.284654 1.248507
-5.413816 1.242431
-5.225459 1.263744
-5.393087 1.290684
-3.150635 1.962015
-5.145577 1.300135
-2.467896 1.971493
-1.819458 -1.403570
-2.059882 -1.661098
-5.355906 1.331316
-0.684630 -0.300067
-5.030743 1.333814
-3.670642 1.701833
-5.259245 1.384589
-5.385226 1.330564
-4.595497 1.424601
-4.926492 1.412188
-5.368071 1.371189
-5.165433 1.386368
-2.141650 -1.737311
-4.746606 1.473283
-5.330315 1.433166
-5.156306 1.390728
-2.354710 -1.807602
-2.230674 -1.770202
-5.361120 1.432957
-5.258727 1.468870
-5.019235 1.489591
-5.193812 1.500692
-1.847521 -1.486706
-5.346254 1.459931
-2.258579 -1.819116
-4.184130 1.535187
-5.092095 1.542678
-5.283910 1.524303
-4.902788 1.529804
-4.307641 1.484488
-3.998352 1.634823
-5.169718 1.560741
-1.920453 -1.627293
-5.225055 1.559250
-5.330601 1.526100
-3.318160 1.897706
-5.305259 1.569121
-5.025610 1.565762
-4.454957 1.562796
-5.259858 1.614039
-5.099621 1.619877
-1.447504 -1.026926
-5.198588 1.613168
-4.643200 1.596329
-5.306735 1.614683
-4.785980 1.639101
-5.266568 1.659095
-1.982113 -1.667858
-4.933503 1.687907
-5.237400 1.715474
-3.771829 1.777720
-5.057215 1.673525
-5.132618 1.728894
-2.262631 -1.847515
-2.009639 -1.705723
-5.258331 1.714891
-4.275186 1.690359
-5.207686 1.776180
-2.155617 -1.792587
-1.285741 -0.852752
-3.556627 1.822370
-4.374754 1.658916
-2.230129 -1.825375
-5.152963 1.794730
-4.518331 1.725551
-5.074965 1.789595
-4.091959 1.789164
-4.946065 1.793695
-5.203845 1.818887
-4.817478 1.774364
-5.145410 1.876755
-4.681179 1.833907
-4.292659 1.789665
-5.097877 1.858513
-1.657434 -1.382254
-5.036080 1.862114
-2.011686 1.989028
-5.151802 1.919484
-1.751747 -1.505910
-4.422945 1.846199
-3.981647 1.851877
-1.807896 -1.642795
-4.898013 1.869522
-5.120424 1.936849
-3.713391 1.883598
-4.236833 1.818713
-1.864004 -1.684639
-2.174008 -1.866060
-5.012405 2.033094
-4.747768 1.903796
-4.530577 1.906311
-1.916957 -1.729441
-5.087551 2.040251
-4.938203 2.031986
-4.360492 1.926854
-1.987485 -1.815308
-2.103107 -1.855205
-5.036717 2.086966
-4.860962 2.062332
-4.655571 1.913849
-0.952223 -0.548729
-4.994616 2.100142
-4.763674 2.063371
-1.523838 -1.322789
-3.843152 1.999088
-4.111970 1.970159
-5.034406 2.138182
-4.920074 2.121960
-4.442866 2.007207
-4.806473 2.135918
-5.000032 2.172452
-4.520142 2.007209
-4.681039 2.102610
-2.539069 1.980591
-4.755047 2.131317
-4.944955 2.193146
-4.969553 2.215655
-4.856689 2.217496
-4.208102 2.071478
-4.760345 2.232866
-2.044728 -1.891845
-4.950559 2.239661
-3.938520 2.059497
-4.383048 2.131304
-4.473062 2.100446
-4.679306 2.193100
-4.586921 2.147409
-4.854836 2.301605
-3.411653 2.106996
-3.576320 2.127962
-1.756674 -1.705222
-1.973395 -1.878092
-2.985007 2.122694
-1.828355 -1.749632
-1.873263 -1.824064
-4.920368 2.319378
-4.784351 2.319858
-1.693215 -1.605082
-4.710312 2.322596
-3.707194 2.085904
-4.872355 2.351866
-1.173098 -0.759747
-4.586694 2.270275
-4.078585 2.115421
-1.436467 -1.163627
-3.180464 2.131577
-4.482903 2.212055
-4.809412 2.357356
-4.400732 2.160112
-3.829462 2.175320
-4.281177 2.229671
-1.609160 -1.504800
-2.764168 2.056690
-4.848319 2.421865
-4.746230 2.386212
-4.798892 2.458291
-4.678286 2.400463
-3.916649 2.200797
-4.521487 2.373668
-1.904447 -1.889716
-4.141785 2.243027
-4.730806 2.489804
-1.321481 -1.040546
-2.190166 2.127142
-4.384715 2.347713
-4.789006 2.493827
-1.521978 -1.337927
-4.662471 2.528856
-4.314807 2.351207
-4.746904 2.534229
-4.562086 2.505764
-1.867819 -1.876692
-1.788216 -1.836375
-4.468167 2.498969
-3.992571 2.277514
-1.744831 -1.760355
-4.662193 2.580852
-4.189926 2.310545
-3.640597 2.243023
-3.739791 2.232136
-1.679737 -1.695959
-4.715746 2.595301
-4.329349 2.482725
-3.820002 2.258929
-3.919612 2.316468
-3.431606 2.301632
-4.567502 2.605289
-0.996017 1.741271
-4.082108 2.365896
-4.513227 2.580818
-4.651920 2.683862
-1.611448 -1.598765
-4.259135 2.476091
-4.396893 2.592369
-4.612120 2.698756
-1.794401 -1.885128
-3.314156 2.296730
-4.285542 2.566637
-4.630417 2.716479
-4.492150 2.746506
-3.998106 2.387841
-4.155194 2.479713
-4.413214 2.681251
-4.606241 2.749323
-4.207984 2.573548
-3.868059 2.385250
-4.345297 2.649311
-4.050142 2.481733
-3.645569 2.374528
-1.754765 -1.870923
-3.759078 2.347457
-1.527834 -1.532600
-1.238610 1.820874
-4.519262 2.729922
-4.265022 2.635174
-3.490093 2.379521
-1.694455 -1.842201
-4.574624 2.796489
-4.482881 2.755465
-4.134801 2.607865
-4.381191 2.751965
-4.537089 2.828267
-1.410583 -1.281957
-1.663902 -1.752726
-3.416953 2.326313
-4.269012 2.738376
-4.176404 2.653220
-3.925661 2.530054
-4.449166 2.854920
-1.579007 -1.689423
-2.988797 2.291062
-0.231247 0.306688
-1.709021 -1.882743
-4.491862 2.889239
-1.288826 -1.190656
-4.392975 2.829140
-1.115678 -0.867727
-3.818991 2.534338
-4.252542 2.847151
-1.497653 -1.629310
-2.785673 2.261592
-4.436987 2.942668
-1.429909 -1.457499
-3.692222 2.484754
-4.192619 2.820792
-3.519099 2.466200
-4.109800 2.718584
-4.041391 2.691712
-4.349091 2.962554
-3.124628 2.421197
-1.668927 -1.879848
-3.394230 2.501020
-4.352004 3.031135
-0.953543 -0.668497
-4.263726 2.979005
-1.632968 -1.837583
-4.192707 2.920520
-1.435059 -1.537821
-4.343568 3.016156
-3.295162 2.465743
-3.870025 2.670907
-2.630102 2.283282
-4.099091 2.815487
-1.519022 -1.776734
-2.411746 2.279247
-4.272594 3.023221
-3.750789 2.701398
-4.033735 2.802299
-4.336826 3.045063
-1.621276 -1.887241
-1.460364 -1.703210
-3.907983 2.809926
-4.206011 3.005846
-3.601774 2.681747
-4.266898 3.081753
-4.101835 2.976450
-1.411818 -1.647717
-0.774990 -0.469493
-3.431812 2.656808
-3.778612 2.804507
-1.379276 -1.480530
-4.021410 2.964041
-4.193732 3.105837
-1.335727 -1.383555
-1.548487 -1.869496
-1.296894 -1.311640
-4.258718 3.114844
-3.844461 2.867708
-3.315166 2.609674
-3.939698 2.893297
-4.103856 3.103790
-4.181795 3.154961
-1.364411 -1.535303
-4.020665 3.063002
-1.472258 -1.847220
-3.648894 2.776326
-1.129116 -1.096215
-3.163945 2.594511
-3.006066 2.538740
-3.949910 3.037016
-4.091964 3.171163
-1.413106 -1.762048
-2.826706 2.479610
-1.508841 -1.885899
-4.136555 3.208485
-3.755501 2.950974
-3.865025 3.011146
-1.358785 -1.687601
-3.996779 3.159653
-3.499869 2.830175
-3.940886 3.117980
-4.088839 3.226352
-1.310416 -1.477255
-0.907586 -0.837184
-1.300444 -1.650652
-3.861724 3.098017
-2.661258 2.404002
-4.022218 3.234289
-1.271496 -1.397074
-3.336944 2.862054
-3.752573 3.034058
-1.443048 -1.873921
-4.033571 3.301908
-1.276058 -1.516098
-0.250522 0.102814
-3.945308 3.219888
-3.860464 3.216673
-3.985202 3.318000
-1.379306 -1.819750
-1.129411 -1.202450
-2.521660 2.381950
-3.536056 3.008907
-3.734102 3.179488
-1.485595 2.089686
-3.664073 3.107105
-1.216927 -1.475888
-1.288113 -1.748025
-3.938988 3.301657
-1.381480 -1.870429
-3.940785 3.389619
-3.049102 2.672126
-1.255813 -1.686316
-3.383432 2.962415
-3.835389 3.290833
-1.175547 -1.329818
-1.217346 -1.618413
-3.892806 3.390594
-3.214869 2.777234
-3.734260 3.271646
-2.861430 2.668767
-3.666319 3.229534
-1.310010 -1.852780
-1.804457 2.067198
-3.799656 3.399716
-1.177146 -1.473410
-3.579152 3.188410
-0.940178 -0.977575
-3.835092 3.478869
-1.169123 -1.416285
-1.255337 -1.778890
-3.742952 3.383123
-3.789568 3.471437
-3.275601 2.976702
-3.407566 3.123968
-1.971697 2.135439
-3.659815 3.331579
-0.771108 -0.600537
-1.181560 -1.736674
-1.233639 -1.859156
-2.625352 2.664513
-3.040041 2.906883
-3.733831 3.455613
-3.570238 3.293172
-1.104016 -1.658528
-3.715663 3.553690
-1.086695 -1.586404
-3.312105 3.112132
-3.651613 3.434794
-3.467914 3.294204
-3.678342 3.545131
-2.478051 2.554731
-2.200629 2.380076
-1.179582 -1.837082
-3.576545 3.410993
-3.086449 2.986535
-1.055793 -1.456500
-1.058561 -1.252897
-1.070678 -1.351777
-3.638548 3.528949
-0.948765 -1.123343
-3.331747 3.236057
-0.754495 -0.751238
-2.906880 2.863156
-1.120091 -1.779954
-3.478349 3.374470
-3.688070 3.567056
-3.205449 3.139198
-3.564010 3.518591
-1.114126 -1.824936
-1.060524 -1.703940
-2.344355 2.481872
-3.558180 3.608596
-3.385236 3.363487
-3.427643 3.519487
-1.022629 -1.634422
-2.947189 3.004159
-3.242902 3.212114
-0.266029 0.422763
-3.503052 3.614524
-1.023536 -1.542368
-3.388412 3.463856
-0.883128 -0.845422
-3.498698 3.666521
-3.298334 3.314766
-3.002527 3.133539
-2.668998 2.869850
-1.077229 -1.793394
-3.424066 3.594719
-3.302633 3.445539
-0.952716 -1.420922
-3.448909 3.679464
-3.370315 3.555704
-3.119345 3.199475
-0.298707 -0.203346
-0.956123 -1.734715
-1.283664 1.940862
-0.918471 -1.317946
-3.193043 3.350806
-3.308411 3.506258
-3.397425 3.695624
-1.038843 -1.814291
-0.946536 -1.650352
-3.413031 3.701510
-3.267746 3.443944
-0.850736 -1.044149
-3.340987 3.648204
-0.896854 -1.582080
-2.794936 3.031833
-3.365317 3.722253
-3.268396 3.605023
-0.862379 -1.197824
-2.900931 3.176254
-0.875701 -1.481960
-2.502480 2.787481
-2.949008 3.234793
-3.219864 3.544261
-3.087383 3.344256
-0.936943 -1.741687
-3.310227 3.718348
-3.152347 3.480194
-3.276257 3.763182
-0.396013 -0.357917
-0.866589 -1.390046
-0.891283 -1.716911
-3.238656 3.703266
-3.225430 3.780465
-3.182313 3.643102
-0.871672 -1.768005
-0.830144 -1.631668
-0.799793 -1.104612
-3.099370 3.567895
-0.783842 -1.281803
-3.182721 3.765582
-0.787603 -1.540979
-2.995650 3.460918
-2.904189 3.348013
-3.162399 3.816394
-2.874892 3.252495
-0.784534 -1.413219
-3.153772 3.738473
-3.099809 3.825558
-0.822199 -1.705005
-2.758085 3.177154
-3.035413 3.690564
-0.739482 -1.172861
-0.759478 -1.637712
-2.933371 3.563032
-3.063697 3.819753
-0.635875 -0.794806
-2.610054 3.062459
-0.587869 -0.667712
-0.746535 -1.327358
-3.058126 3.851008
-0.479597 -0.524591
-2.267222 2.751938
-0.766018 -1.683133
-2.882347 3.475219
-0.698149 -1.568123
-2.804799 3.372570
-0.633735 -0.884837
-2.048749 2.642743
-3.044461 3.793064
-3.012536 3.858249
-0.664752 -1.477551
-2.899744 3.677738
-2.517622 2.966336
-2.733726 3.299082
-1.865916 2.560991
-0.684549 -1.023314
-0.709015 -1.232731
-0.695214 -1.375919
-0.674078 -1.113462
-0.676588 -1.185055
-2.933106 3.850231
-0.691153 -1.634112
-2.825587 3.596114
-2.967763 3.878934
-2.620498 3.223900
-0.657635 -1.291575
-2.756414 3.510710
-0.650844 -1.579966
-2.822809 3.804816
-0.258418 0.506596
-2.709028 3.431568
-2.897494 3.884134
-2.769716 3.710158
-0.683665 -1.639114
-0.618948 -1.509130
-2.314424 2.888497
-2.625397 3.308463
-0.605011 -1.209209
-2.499080 3.167014
-0.586765 -1.324745
-2.813779 3.856472
-0.602403 -1.420439
-2.719855 3.627289
-2.795356 3.936476
-0.556182 -1.148327
-0.546691 -1.225556
-0.199897 0.393818
-2.518610 3.284163
-1.567679 2.469810
-2.641900 3.570411
-0.576820 -1.573265
-2.728281 3.827288
-2.762559 3.943455
-2.540138 3.495869
-0.551054 -0.850223
-2.375862 3.114800
-2.674486 3.718798
-1.253737 2.127796
-0.552885 -1.511802
-0.519688 -1.021760
-0.510459 -0.919954
-2.481069 3.357764
-2.683054 3.871837
-2.206228 2.885356
-0.466149 -1.242952
-0.479902 -1.186999
-2.601388 3.645873
-2.709068 3.950233
-0.556952 -1.573698
-0.507590 -1.448598
-2.401211 3.299520
-0.487614 -1.360563
-2.608877 3.931686
-2.594723 3.830580
-2.524535 3.583237
-2.335055 3.205578
-2.075825 2.795827
-2.411168 3.533300
-0.449499 -0.745038
-2.547220 3.768687
-0.472491 -1.513443
-2.572483 3.910524
-2.365553 3.373974
-2.554529 3.948299
-2.461859 3.672845
-2.134527 3.044858
-0.427404 -1.443286
-0.399729 -1.094276
-2.322219 3.337788
-0.075331 0.030366
-0.362285 -1.195456
-2.495189 3.942739
-2.444612 3.831169
-2.213121 3.178670
-0.389635 -1.487223
-2.404214 3.557796
-0.389371 -0.846462
-0.432095 -1.395647
-1.779583 2.683319
-0.370317 -1.274085
-0.403093 -0.949336
-2.307728 3.456229
-2.243616 3.253518
-2.402112 3.762306
-2.393738 3.899610
-2.282272 3.383090
-0.345100 -0.569575
-2.031371 2.965607
-2.422090 3.953037
-1.473335 2.353373
-2.335168 3.654390
-0.349799 -1.444584
-2.227690 3.334167
-2.339493 3.934842
-2.128873 3.142727
-2.347156 3.844900
-2.180132 3.253038
-2.289354 3.583383
-2.220749 3.474800
-0.301571 -1.385669
-2.273234 3.753124
-0.295638 -1.441380
-2.173922 3.417558
-0.255313 -1.299353
-1.549846 2.615820
-2.246053 3.918205
-2.259285 3.946112
-0.254317 -1.221652
-2.101065 3.294773
-0.222007 -0.422510
-2.033315 3.080153
-2.180659 3.661973
-2.083458 3.225177
-0.274494 -1.119956
-1.843547 2.853909
-2.212990 3.928837
-2.227185 3.838001
-2.145039 3.532508
-0.145253 -0.971020
-0.250368 -1.395097
-2.140677 3.516914
-2.150821 3.745467
-2.085569 3.385712
-0.170524 -0.866594
-2.171987 3.900973
-0.200755 -1.331461
-2.025404 3.273617
-2.020529 3.158917
-2.150694 3.934322
-0.088766 -0.253488
-2.074057 3.642578
-0.146734 -1.353409
-1.872516 3.017648
-0.133387 -1.217908
-2.111706 3.909969
-2.043364 3.797560
-2.050025 3.565904
-2.004003 3.469490
-0.063693 -1.144135
-1.986943 3.726815
-0.107771 -0.658626
-1.939495 3.325371
-1.284739 2.234211
-0.107081 -1.320177
-2.021543 3.842380
-1.041380 1.989819
-2.050764 3.924305
-1.861419 3.231783
-1.882670 3.151477
-1.947720 3.640219
-1.665005 2.749791
-0.052694 -1.258449
-1.954925 3.870081
0.018840 -1.020594
-0.038751 -1.304013
-1.952963 3.785496
-0.968380 1.829596
-1.884501 3.521819
-1.848926 3.422879
-1.896995 3.686293
0.013898 -1.189570
-1.402484 2.557873
-1.806710 3.304867
-1.900600 3.817607
-1.910266 3.879823
-1.785088 3.238339
0.084942 -1.247571
-1.847887 3.600907
-1.668471 2.951606
0.075714 -0.912351
-1.786181 3.824735
-1.701731 3.127521
0.050316 -1.077895
-1.836817 3.751986
0.036997 -0.371641
-1.757093 3.369931
-1.749911 3.484214
0.087194 -1.207960
0.113382 -1.245934
-1.069856 2.110861
-1.790364 3.656841
-1.732508 3.294075
-1.743485 3.765332
-1.680957 3.802997
-1.691168 3.557961
0.188643 -1.104793
0.131003 -1.010653
-0.078537 0.254522
-1.673037 3.788800
0.214081 -1.197533
-1.699160 3.678948
-1.635140 3.199555
-1.652486 3.446912
0.202416 -0.728362
-1.433226 2.691855
-1.615189 3.589789
-1.597536 3.320660
-0.264069 0.569046
-1.207792 2.453268
0.273231 -1.192055
0.260434 -1.021617
-1.633131 3.720407
0.252693 -1.150660
-1.559175 3.746511
-1.579253 3.498067
0.043777 -0.084281
-1.502628 3.704353
0.066104 -0.370864
-1.551106 3.413845
-1.539576 3.605520
0.349126 -1.065262
0.357199 -1.152149
0.219036 -0.873214
-1.473142 3.088860
-1.497494 3.515395
0.371431 -0.935886
-1.115552 2.226043
-1.398859 3.210839
-1.362735 3.640465
-1.464577 3.637994
0.381459 -1.150582
-1.430039 3.414647
0.277475 -0.573662
0.398569 -1.103595
-1.460839 2.940403
-1.270265 2.661418
0.430086 -0.989537
-1.439761 3.353742
-1.381860 3.639851
-0.597719 1.308293
-1.398449 3.547613
-0.888292 1.814782
0.437353 -1.142203
0.436195 -1.050199
-1.342349 3.411205
-1.298833 2.816717
-1.344833 3.628505
0.507800 -0.896445
-1.164816 2.583456
-1.347337 3.565645
0.540298 -0.832570
0.577891 -1.118456
-1.310103 3.354605
0.575987 -1.080103
0.545395 -0.958605
-1.239249 3.531233
-1.280822 3.228342
0.477219 -0.740070
-1.238836 3.431391
-1.205890 2.788668
0.614948 -1.100788
-0.864568 1.746829
0.643362 -1.018331
-0.820253 1.627188
-1.329898 3.161533
-1.186342 3.530185
0.652266 -0.893983
0.434097 -0.360742
0.622582 -0.840438
-1.204251 3.454780
0.685432 -1.101702
-1.185496 3.347718
-1.270713 3.006294
0.690025 -1.044825
0.082127 0.169747
-1.125706 2.357789
0.589219 -0.533973
0.687120 -0.940354
-1.172996 2.936299
-1.078037 3.398209
-1.087773 2.693596
0.729872 -1.079341
0.733112 -0.997372
0.280210 -0.126534
-1.164620 3.375367
-1.165310 3.245911
-1.035522 2.456402
-1.116966 2.862444
0.708378 -0.745062
0.736364 -0.806561
0.744926 -0.900139
-1.025631 3.373161
0.828969 -1.064811
0.821647 -1.028201
-1.058435 3.357594
0.837752 -0.929337
0.701020 -0.444118
0.777269 -0.596626
-1.000801 3.338631
-1.065677 3.272248
-1.153652 3.193944
-0.896452 2.207613
0.872752 -1.038453
-1.100719 3.074630
0.865280 -0.989161
-0.896559 2.331296
0.825042 -0.786202
-1.033847 2.817735
-1.053987 2.959163
0.915841 -0.866290
0.937345 -1.057040
-0.949828 3.312586
-0.918886 3.225896
0.924529 -1.014148
-1.091756 2.996420
0.814997 -0.739587
0.948022 -0.910397
-0.939894 3.266222
-0.882971 2.126213
-0.844420 2.674392
0.822505 -0.666926
0.816212 -0.492012
0.990235 -1.030530
1.047735 -0.967619
-0.889569 3.230975
0.956970 -0.786665
-0.996346 3.181310
0.546074 -0.175106
1.035227 -0.854613
1.098400 -1.024660
0.930262 -0.739594
1.137253 -0.993099
-0.864823 3.159999
0.960735 -0.648362
-0.814412 3.147682
1.101124 -0.908063
0.922676 -0.546239
-0.877083 3.195506
-0.957676 2.899535
-0.922153 3.023263
1.181721 -1.007067
-0.814088 3.139628
0.990156 -0.576501
1.170588 -0.962953
-0.928464 3.077647
-0.789913 1.571237
1.143381 -0.758946
1.071744 -0.645026
-0.749095 3.064282
1.144614 -0.829945
1.082755 -0.694944
-0.796379 2.783955
1.201485 -1.015784
0.777942 -0.294557
1.227759 -0.975497
1.092006 -0.587543
0.200438 0.095145
1.254075 -0.891039
-0.679538 2.963639
1.157359 -0.660634
-0.717474 3.047962
-0.904704 2.950301
0.924003 -0.379581
1.052784 -0.545680
1.339748 -1.012574
1.269298 -0.949073
1.201629 -0.692081
1.241477 -0.746771
-0.714396 3.037839
-0.829011 2.395312
-0.670903 2.972167
-0.692049 3.038426
1.309352 -0.786944
1.378156 -1.011673
-0.719661 3.050508
1.174689 -0.577314
-0.634346 2.888763
1.003737 -0.441423
1.225905 -0.652251
1.378514 -0.966872
1.385523 -0.883825
1.169980 -0.519215
-0.769791 2.873213
1.116680 -0.480036
-0.625959 2.962640
1.320632 -0.698602
-0.599943 2.824749
1.414432 -0.987686
1.360130 -0.736393
1.437861 -0.922087
-0.722909 3.026824
-0.609052 2.915335
1.343132 -0.597068
1.424100 -0.767266
1.504651 -0.987443
-0.564140 2.819137
-0.744653 2.622627
-0.604582 2.955261
-0.030224 0.379581
1.506574 -0.961948
-0.550548 2.762660
1.475823 -0.855114
1.357841 -0.502365
-0.587113 2.962610
1.423057 -0.644499
-0.560627 2.869601
1.575781 -0.968724
-0.770082 2.936635
1.569317 -0.898190
-0.683732 2.352923
-0.512447 2.656213
1.479693 -0.678720
-0.521734 2.861465
1.632536 -0.985244
-0.542640 2.822375
1.535272 -0.760991
-0.356492 0.695951
1.354989 -0.432094
1.503035 -0.509681
1.606888 -0.945293
-0.482525 2.692353
-0.694989 2.979400
1.588505 -0.830479
-0.443931 2.585619
-0.526226 2.959686
1.277244 -0.383373
-0.475592 2.854695
1.681791 -0.967098
1.568652 -0.616896
-0.451234 2.745100
1.643599 -0.900260
0.573547 0.073926
-0.406308 2.488102
1.769610 -0.977603
-0.617911 2.741408
1.162017 -0.269196
1.615674 -0.662163
1.674776 -0.772414
-0.376299 2.594250
1.703808 -0.948400
1.144190 -0.191606
-0.595602 2.901213
-0.383670 2.567550
1.746952 -0.828523
-0.841240 1.939328
-0.664276 2.863171
-0.372903 2.460425
-0.380520 2.714841
1.789439 -0.968130
1.510417 -0.498693
0.732725 -0.004027
1.806938 -0.895034
1.643349 -0.557652
1.002671 -0.077784
1.852209 -0.979734
-0.323100 2.581191
1.689438 -0.616331
1.795001 -0.777848
-0.327251 2.330810
1.740422 -0.676921
1.880931 -0.959109
-0.413798 2.849602
-0.442566 2.970849
-0.304576 2.494173
1.858655 -0.831172
-0.268791 2.383815
1.520520 -0.379675
1.893327 -0.962976
-0.475805 2.970695
1.911952 -0.910204
-0.319046 2.703039
-0.234949 2.221144
1.971650 -1.001387
-0.612067 2.451280
1.933541 -0.790011
1.837008 -0.710360
1.987038 -0.953996
-0.274248 2.600126
-0.157720 2.061973
-0.203466 2.464579
1.844617 -0.612762
1.976780 -0.835704
1.801199 -0.519538
1.748736 -0.454926
2.032638 -0.986195
1.498674 -0.302306
-0.186271 2.303116
2.067044 -0.918215
-0.133311 2.131859
2.114046 -1.018173
1.972324 -0.692400
-0.110304 2.002276
1.722690 -0.382793
2.042146 -0.814224
-0.282717 2.838979
2.091676 -0.954216
-0.227533 2.708724
1.965467 -0.642354
-0.199977 2.583101
-0.340754 2.953291
2.086565 -0.868671
1.915876 -0.525282
-0.059082 1.851353
-0.817705 1.880127
2.154982 -1.009990
-0.171221 2.449830
1.915635 -0.473586
2.158314 -0.933748
-0.146338 2.321082
2.213304 -1.028292
2.074970 -0.723553
2.048595 -0.660547
-0.090832 2.092864
-0.027966 1.868990
-0.318835 2.978308
1.865681 -0.413783
1.659662 -0.307668
2.168605 -0.771942
-0.011892 1.744522
-0.098708 0.472298
2.212233 -0.990406
2.074440 -0.583102
2.218355 -0.877536
-0.302085 2.870673
-0.009923 1.683919
2.253200 -1.023649
2.044501 -0.480576
2.271496 -0.947563
-0.136003 2.507052
1.362906 -0.163103
-0.392388 2.647409
2.141437 -0.644431
2.295630 -1.038839
1.996897 -0.430131
2.233757 -0.720060
2.280582 -0.992663
0.038842 1.596359
0.023753 1.567068
1.823457 -0.337501
2.265721 -0.832897
0.016399 1.794776
0.010002 1.927215
-0.073445 2.247028
-0.131782 2.615194
2.291956 -0.892779
2.370688 -1.033006
0.026802 1.541510
2.192027 -0.544479
2.340812 -0.946094
2.421383 -1.052785
-0.228235 3.013568
-0.121932 2.788125
2.310643 -0.653870
0.090621 1.298122
2.413451 -1.023074
0.081240 1.194273
2.168106 -0.474090
2.354956 -0.861471
0.076533 1.535786
2.362548 -0.735699
-0.039133 2.461481
2.371425 -0.898773
-0.220937 2.919460
2.464918 -1.054849
2.092615 -0.379648
0.084558 1.623877
0.119480 0.761687
2.454181 -0.973284
2.531304 -1.080134
2.459572 -0.880058
-0.682588 1.522817
0.142495 0.951233
1.297414 -0.071901
0.088705 1.702095
0.140820 1.177434
2.528232 -1.033509
0.136226 0.687186
-0.611347 2.261846
2.455158 -0.799139
2.496347 -0.917641
0.126885 0.176975
2.538852 -1.078363
0.073848 2.613350
0.160460 1.268386
2.555648 -0.883251
2.416785 -0.720263
2.576001 -0.979745
2.353636 -0.589241
2.600832 -1.108925
0.169796 0.864335
-0.426016 0.786148
0.155195 0.463551
1.654993 -0.194047
2.407639 -0.496250
-0.136439 2.981104
0.127544 0.040611
2.635501 -1.063530
2.593261 -0.922782
0.123629 -0.137677
2.584905 -0.832781
0.156384 1.408462
1.882358 -0.250171
2.660382 -1.114227
2.628940 -0.874878
2.521911 -0.748358
-0.133305 3.041951
0.200736 2.249878
2.658850 -1.000819
0.220106 0.875946
0.120217 -0.282742
2.681912 -1.142354
0.186176 0.317268
0.124928 -0.287556
0.123307 -0.330556
2.490741 -0.630189
2.744288 -1.130513
2.700983 -0.941168
0.101190 -0.570395
2.634134 -0.804334
0.065081 -1.012683
2.253400 -0.389072
0.102372 -0.728804
2.421386 -0.505513
2.752512 -1.135696
0.078183 -1.088768
-0.275833 -2.535278
-0.388405 -2.683257
-0.025507 -1.820571
2.760963 -1.045718
-0.152633 -2.297874
-0.439540 -2.745097
2.811707 -1.212797
0.200699 1.469983
-0.523204 -2.830507
0.171569 -0.415948
2.715592 -0.887123
-0.588653 -2.928329
2.609960 -0.678646
-0.424628 -2.732904
-0.480565 -2.794117
-0.333517 -2.640236
-0.662045 -3.046742
0.220594 -0.153664
0.266829 1.038921
-0.550124 -2.885473
2.815958 -1.127975
0.078924 -1.570898
-0.203863 -2.446473
1.129694 0.030697
0.022838 -1.853727
-0.086067 -2.183528
-0.621666 -2.998379
-0.692685 -3.136521
-0.416937 -2.747710
-0.496060 -2.858373
-0.374641 -2.722103
2.383335 -0.465243
-0.666246 -3.088239
-0.527342 -2.941458
-0.739606 -3.255066
0.688143 0.252331
0.149422 -1.355226
2.826860 -1.011649
-0.404978 -2.800811
-0.632119 -3.058713
2.578695 -0.590747
-0.273190 -2.634471
-0.706576 -3.217277
-0.516800 -2.938598
0.063827 2.833880
2.820247 -1.180076
-0.767053 -3.328434
-0.654864 -3.139674
-0.538689 -3.001232
-0.754951 -3.291989
-0.175636 2.745260
-0.606075 -3.111962
-0.180222 -2.499592
-0.693204 -3.232929
-0.321390 -2.792333
-0.782533 -3.465826
2.873011 -1.258297
-0.452761 -2.967000
-0.407786 -2.917841
-0.625058 -3.185577
-0.758642 -3.426097
2.849189 -1.072290
-0.512600 -3.035666
2.161265 -0.309904
2.708008 -0.765590
-0.700894 -3.397981
0.104580 -1.858427
-0.576641 -3.155025
-0.007514 -2.272706
-0.656516 -3.299878
-0.733803 -3.649238
0.254332 -1.029767
-0.748850 -3.541466
-0.595887 -3.241561
-0.250479 -2.749691
-0.697030 -3.476492
-0.663655 -3.412494
-0.515664 -3.150518
-0.423814 -3.014132
2.904609 -1.217435
-0.600561 -3.319804
-0.730840 -3.658643
-0.741427 -3.613523
-0.282345 -2.897965
-0.729651 -3.586859
-0.677245 -3.501924
-0.531313 -3.245547
-0.066414 -2.583492
-0.015087 3.090667
-0.605265 -3.423155
0.131041 2.598115
-0.679802 -3.790402
-0.433643 -3.159604
-0.542675 -3.367093
-0.690319 -3.731908
-0.690813 -3.668510
2.702063 -0.644830
-0.659170 -3.595517
2.922027 -1.270985
-0.112451 -2.800263
0.192054 -1.877493
-0.617811 -3.476972
0.110470 -2.193534
-0.283406 -3.091688
-0.446210 -3.286933
-0.546493 -3.444261
0.054491 -2.395659
-0.665467 -3.812348
-0.648276 -3.760789
-0.620185 -3.875171
2.880832 -0.932571
-0.455897 -3.395728
-0.626885 -3.684720
-0.577311 -3.632215
2.966275 -1.321370
-0.515448 -3.538879
-0.159352 -3.011360
2.930645 -1.057105
-0.334144 -3.231490
0.353763 -0.918919
-0.431548 -3.463292
-0.026992 -2.707269
-0.572116 -3.858895
-0.386467 -3.391778
-0.558846 -3.789274
-0.418952 2.406816
-0.588803 -3.895420
-0.537569 -3.995841
-0.548393 -3.715167
2.977371 -1.163178
2.663507 -0.567222
-0.247581 -3.242558
-0.474975 -3.647428
-0.403974 -3.560636
-0.379095 -3.474459
0.142494 -2.439369
-0.246780 -3.263689
-0.503547 -3.872650
-0.510047 -3.972867
-0.019720 -2.919026
-0.498497 -4.007402
-0.483795 -3.778407
0.270670 2.180699
2.995173 -1.279890
0.082699 -2.603564
-0.261904 -3.430432
-0.462790 -4.057933
-0.444237 -3.726649
0.222289 -2.147537
-0.289935 -3.528749
0.034838 3.053597
-0.374625 -3.629378
2.470062 -0.373604
-0.171990 -3.255516
-0.467594 -3.951569
-0.455384 -4.022975
-0.188175 -3.386370
-0.437393 -3.861596
-0.092547 -3.145489
-0.436707 -4.061650
-0.369377 -3.787682
0.367187 1.210431
2.970883 -1.322688
0.058788 -2.826189
2.598372 -0.450418
-0.417897 -4.101841
-0.221059 -3.531842
-0.348936 -3.742123
2.818046 -0.743470
-0.261701 -3.589813
-0.382464 -4.021913
-0.395055 -3.939183
-0.383292 -4.080966
-0.322461 -3.867544
-0.125534 -3.365144
3.040293 -1.398530
0.230236 0.313187
-0.331737 -4.124854
-0.269002 -3.824399
-0.295466 -4.012500
-0.311478 -4.153624
0.374832 -1.700362
-0.286539 -4.069297
-0.297605 -3.944372
0.055368 -3.067687
-0.160957 -3.713836
-0.115411 -3.487762
0.213383 -2.494357
-0.130227 -3.588263
0.148206 -2.669511
-0.226586 -4.137921
-0.233331 -3.892656
-0.181511 -3.961327
-0.238270 -4.165712
-0.193460 -4.038128
3.054234 -1.278180
-0.135926 -3.835060
3.013268 -1.152414
0.049370 -3.230019
-0.148049 -4.127665
-0.139537 -4.207218
3.043698 -1.326133
-0.145586 -3.905678
-0.066494 -3.678987
-0.141069 -4.155793
-0.093169 -3.963347
-0.041698 -3.548582
-0.016050 -3.458320
3.000422 -1.034730
-0.098322 -4.217269
-0.055782 -4.075840
3.085932 -1.437449
2.782530 -0.597272
-0.072383 -3.920366
0.204439 -2.948257
-0.035803 -4.137285
-0.032619 -4.236052
3.117079 -1.488048
-0.000415 -3.807282
-0.026474 -4.177676
0.006542 -3.985768
0.066679 -3.708480
0.335578 -2.228035
0.118476 -3.560840
0.026455 -4.214192
0.173082 -3.380982
0.036831 -4.105398
0.175794 -3.210024
0.065653 -4.143309
0.086309 -4.247917
0.040070 -3.896770
2.997921 -0.890954
0.088175 -4.188052
0.260095 -2.631728
3.125240 -1.353499
1.597076 -0.095801
0.133202 -3.812699
3.147367 -1.466274
0.147149 -4.218761
0.155643 -4.162614
0.170995 -4.108829
0.221866 -4.031771
3.134958 -1.263763
0.239073 -3.712946
0.252685 -4.223432
3.167550 -1.557338
0.264191 -4.209643
2.764555 -0.500971
-0.247721 2.592984
0.285931 -3.571688
0.311267 -3.938154
3.170609 -1.572392
0.317747 -4.167219
0.303041 -3.488780
0.362490 -4.212605
3.133765 -1.134968
-0.024312 2.950423
0.319284 -3.823113
0.396912 -4.205132
0.386816 -4.120534
0.436446 -4.219874
0.326144 -3.731309
0.416333 -4.008389
3.200955 -1.489244
0.387364 -4.211299
3.185716 -1.547680
0.349990 -3.551228
0.560364 -4.172217
0.477308 -1.385160
3.248521 -1.353925
0.557634 -4.200899
0.432145 -3.950661
0.238895 2.889851
3.183734 -1.585765
0.226738 0.411392
2.654616 -0.366922
0.578356 -4.211297
0.619654 -4.132962
3.225425 -1.686145
0.479398 -3.869279
0.083600 3.132283
0.482216 -3.812288
0.636814 -4.206010
2.986163 -0.740361
3.114531 -1.021506
3.230642 -1.272689
0.299684 -3.030979
0.711539 -4.195638
0.645138 -4.051393
-0.765131 1.833006
0.355436 2.435944
3.240740 -1.556491
0.895470 -4.180069
0.359214 0.301192
3.231256 -1.622685
0.765151 -4.205533
0.148945 3.048406
3.279610 -1.504718
0.611817 -3.974601
0.573062 -3.899668
0.938283 -4.172634
0.803978 -4.204785
3.251495 -1.709883
0.462195 -2.708257
0.501390 -1.902070
1.022921 -4.194044
3.260103 -1.737330
3.211205 -1.132690
0.943972 0.250256
3.295084 -1.695659
3.305698 -1.407763
0.692386 -3.852621
0.947565 -4.203796
0.513689 -3.502913
1.091912 -4.193292
3.293900 -1.763111
1.147533 -4.195714
0.876846 -4.064740
1.061390 -4.193480
3.316738 -1.596110
3.294179 -1.831731
1.442780 -4.201526
2.533830 -0.255220
3.307079 -1.896623
3.338624 -1.768350
3.323193 -1.318325
3.077968 -0.842035
1.313296 -4.191005
1.310033 -4.237941
3.345936 -1.520278
0.630989 -3.329748
3.226910 -1.059516
3.325035 -1.848481
1.542528 -4.192774
1.587975 -4.222227
2.917232 -0.580618
0.687060 -3.651585
3.373273 -1.706482
3.341252 -1.955360
0.474138 2.071290
0.922917 -4.081087
1.750113 -4.186795
0.691291 -3.548106
1.249196 -4.298013
1.753596 -4.164787
3.330292 -2.054811
1.564866 -4.346771
1.729996 -4.273043
3.381733 -1.815730
3.400293 -1.442500
1.846916 -4.200979
3.294818 -1.139619
1.923842 -4.145567
3.342005 -1.968265
1.957183 -4.156719
3.349652 -2.103604
0.701953 0.859882
0.750475 -3.378306
2.086834 -4.094325
2.009228 -4.190146
1.932566 -4.261741
3.356368 -2.200972
3.406185 -1.670312
2.113970 -0.098263
0.830866 -3.777527
1.788650 -4.352561
3.401226 -1.861241
0.823041 -3.611994
1.600796 -4.497996
3.413390 -1.876057
2.286105 -4.044861
1.696684 -4.393640
1.373621 -4.506361
1.651834 -4.453105
2.195099 -4.120147
3.373163 -2.150934
2.122908 -4.203208
0.804634 -3.209647
0.791006 -2.111260
3.367667 -2.253358
2.274539 -4.038199
1.584878 -4.568807
1.631503 -4.511060
3.387438 -1.302774
3.355390 -2.374323
1.797211 -4.486835
1.863386 -4.408670
2.075966 -4.309251
1.194823 -4.459520
3.238121 -0.973322
0.743766 -1.654805
2.441903 -4.058798
3.022483 -0.649274
0.823815 -3.444603
2.441866 -4.012161
2.309109 -4.224855
2.471717 -3.969332
1.813021 -4.572911
1.670646 -4.616633
1.536540 -4.653775
3.422981 -2.137982
1.959232 -4.509598
3.392866 -2.338565
1.375498 -4.717918
3.359580 -2.483498
3.455963 -1.957285
2.568796 -3.891437
2.117812 -4.421165
3.330301 -2.624792
2.557830 -3.992485
0.111825 3.104528
2.292448 -4.335556
2.647116 -3.895789
2.500091 -4.100420
3.441434 -1.415173
0.909659 -3.874768
3.456877 -1.813437
2.717327 -3.800962
2.541448 -4.212542
1.777097 -4.672875
1.683573 -4.733899
1.991054 -4.605396
0.903876 -3.606146
2.885818 -0.443596
2.103900 -4.532764
1.554205 -4.808431
2.766040 -3.860896
1.028571 -4.512321
2.791517 -3.780424
2.846392 -3.657255
2.724496 -3.954362
3.286593 -2.878913
2.254807 -4.451002
3.327643 -2.812818
3.369561 -2.572240
1.277159 -4.856801
2.864964 -3.671260
3.430062 -2.380721
2.691921 -4.070171
2.497040 -4.318024
2.850464 -3.785846
1.800970 -4.774849
1.969952 -4.692525
1.466433 -4.901908
2.108341 -4.607255
3.469738 -2.131378
1.675105 -4.838162
3.357329 -1.119787
0.919214 -3.327313
2.691981 -4.173539
2.279972 -4.531734
2.919641 -3.674180
2.864936 -3.837228
3.049828 -3.421651
3.250563 -3.048930
2.882668 -3.903564
1.134731 -4.813937
1.570876 -4.940682
3.478283 -1.965604
2.481495 -4.449309
2.948809 -3.743023
0.981320 -4.277972
3.078139 -3.472367
3.320388 -2.834569
0.379827 2.802500
2.046231 -4.707146
1.889053 -4.776048
1.790529 -4.830853
2.257092 -4.618029
3.202890 -0.806524
2.898520 -4.000190
2.980462 -3.766871
2.616019 -4.351912
1.316812 -5.040241
1.050529 -4.704984
3.089691 -3.554693
1.651418 -4.922559
3.172106 -3.318288
2.355879 -4.558668
3.422466 -2.659126
-0.525643 2.121947
3.468781 -2.340729
1.454619 -5.039321
2.803099 -4.239840
2.611655 -4.448401
3.509793 -2.145232
0.989332 -4.493077
0.952536 -3.755435
3.016500 -3.847657
3.304566 -3.109555
2.516725 -4.496469
1.537868 -5.019717
1.974541 -4.752780
1.199892 -4.998300
3.119567 -3.597213
2.217172 -4.657812
1.099982 -4.906010
3.164361 -3.403267
1.074553 -4.826970
2.723163 -4.406099
0.944230 -4.004882
0.168553 3.169175
1.717572 -4.907001
2.310613 -4.624375
2.706458 -4.442738
0.972648 -3.517337
2.652210 -4.477297
1.000427 -4.564644
1.578578 -5.009467
0.485876 2.565562
1.351137 -5.159698
3.279256 -3.245436
3.182960 -3.509979
3.130002 -3.644112
2.755735 -4.423641
3.439624 -1.296724
1.423384 -5.139014
3.420968 -2.888106
2.966305 -4.087078
3.029426 -3.944377
2.721834 -4.451005
2.785071 -4.391651
1.016168 -4.745956
1.244007 -5.193007
2.850181 -4.312846
2.590711 -4.504967
1.054572 -4.945198
2.901803 -4.227244
1.048313 -3.148671
1.481487 -5.115314
1.110432 -5.048244
2.787574 -4.402971
1.151089 -5.182582
3.294114 -3.316628
2.856152 -4.338660
3.356606 -3.080154
2.749831 -4.439988
3.490294 -2.335196
3.194742 -3.550908
0.975951 -4.549397
3.156259 -3.750896
2.894701 -4.290501
1.001810 -4.856785
2.838743 -4.365053
1.341550 -5.254303
3.504639 -2.634784
2.945019 -4.216940
3.344875 -3.235838
1.231159 -5.326150
2.894296 -4.304549
1.400670 -5.222779
1.055869 -5.100336
3.000641 -4.117732
1.127720 -5.281220
2.931720 -4.258361
1.052996 -3.189141
1.091222 -5.190061
1.134055 -5.244653
3.272948 -3.407426
3.490473 -1.641462
0.992421 -4.996145
1.158947 -5.366666
2.979322 -4.180351
3.050901 -4.004773
1.038856 -2.521333
3.486900 -2.832484
0.976081 -3.919345
3.228203 -3.591771
0.968557 -4.749537
3.341748 -3.295096
0.930832 -4.096687
3.165426 -3.805791
1.256945 -5.377053
1.322893 -5.316301
1.042841 -5.264378
1.100868 -5.368560
1.023328 -5.205099
3.040082 -4.078389
1.058023 -5.326933
0.947364 -1.942929
1.182292 -5.413432
3.417073 -3.070087
0.942260 -4.444706
0.969041 -5.109995
1.091353 -5.452259
0.954041 -4.908737
1.009547 -5.420313
0.966505 -5.306741
0.997776 -5.358195
3.306197 -3.457580
1.040177 -3.637339
1.039213 -5.472677
1.222578 -5.437134
1.165956 -5.465373
0.935197 -4.648472
1.051187 -5.488948
1.109990 -5.485819
0.910035 -5.229546
3.422651 -3.173072
0.932459 -5.013904
3.222746 -3.675305
0.931153 -5.385539
0.932528 -5.440693
3.178199 -3.786948
0.969434 -5.484949
3.351705 -3.317054
0.937566 -4.782603
0.964178 -5.526233
0.990988 -5.545424
0.890794 -5.150721
0.920773 -5.317936
1.060394 -5.529125
1.123366 -5.501133
3.478684 -2.958816
0.895529 -5.398358
0.891827 -5.466942
0.915477 -4.913492
3.521259 -2.740619
0.893900 -5.522370
0.866052 -5.231748
3.499685 -2.869384
3.524668 -2.563434
0.935011 -5.557399
1.012298 -5.557865
0.981604 -5.566690
0.875757 -5.047800
0.826624 -5.332523
1.112666 -3.077988
3.321191 -3.480732
0.828202 -5.395043
3.473272 -3.034347
3.473165 -1.413178
3.233951 -3.686948
0.900636 -4.868523
3.314997 -0.902719
0.923559 -4.494964
0.814558 -5.497049
0.822288 -5.152635
0.936323 -4.334442
0.960582 -4.090609
0.918006 -4.699018
0.825602 -5.544706
0.889302 -5.570258
0.950819 -5.571381
0.854917 -4.921908
0.788023 -5.227371
0.765782 -5.342271
1.016543 -3.810239
3.466891 -3.113843
0.706931 -5.410288
3.398152 -3.287886
0.727081 -5.496719
0.779935 -5.038656
0.788152 -5.536368
0.851201 -5.562029
3.332140 -3.497685
0.737051 -5.092749
0.862766 -4.765347
1.102933 -3.399956
3.314529 -3.547276
0.704014 -5.222979
3.507655 -2.890667
0.899139 -4.598274
0.705249 -5.343013
0.666522 -5.407866
3.533414 -2.782666
0.669289 -5.413507
0.785247 -4.913104
3.517411 -2.047988
0.733415 -5.013923
0.679282 -5.089096
1.073161 -3.656119
0.665723 -5.151894
0.767783 -4.813371
0.601228 -5.253660
1.166639 -2.858159
0.610696 -5.324374
0.619709 -5.382073
0.738829 -4.877153
0.921306 -4.379956
0.960396 -4.176801
0.680616 -4.985567
0.333714 3.095075
3.514066 -2.954993
0.798423 -4.701555
1.010711 -3.917377
0.644046 -5.076476
3.419767 -3.293935
0.571924 -5.212726
0.567840 -5.233297
3.532784 -2.667632
0.750970 -4.796848
0.577063 -5.285631
1.142054 -3.320359
0.718585 -4.856976
0.877408 -4.485304
3.486252 -3.053728
0.638472 -4.955477
1.080913 -3.767918
0.718760 1.582564
0.596763 -5.088748
0.821675 -4.615489
0.568135 -5.148127
0.559513 -5.207854
3.023590 -0.532116
3.532421 -2.819983
0.742264 -4.731665
0.679807 -4.812556
0.983514 -4.181771
0.938175 -4.331914
0.634828 -4.904484
0.600070 -5.012462
0.573875 -5.107496
0.829095 0.657552
0.863841 -4.487077
1.002652 -4.072227
1.164689 -3.526371
3.402078 -3.324181
0.808975 -4.581184
0.717291 -4.737552
1.082623 -3.856664
3.437001 -1.130665
0.688659 -4.773133
1.239109 -3.012989
0.636465 -4.856254
0.619268 -4.937287
2.746481 -0.248617
3.562485 -1.461395
0.999218 -4.208787
0.958336 -4.299469
0.876018 -4.450853
1.205244 -3.393105
1.185107 -2.377741
0.805331 -4.558842
1.088425 -3.941551
1.046131 -4.077068
0.775995 -4.609234
0.717231 -4.693797
0.716733 -4.699522
3.511335 -2.951176
3.539898 -2.843269
3.556126 -2.639600
0.966566 -4.295421
1.024194 -4.200507
0.903065 -4.424426
1.047515 -4.114537
0.904363 -4.445584
0.803504 -4.571645
0.748611 -4.621980
3.134575 -0.587306
1.184326 -3.624051
1.144353 -3.836247
3.495250 -1.240404
1.191327 -2.619227
1.318834 -2.729150
1.095654 -3.999202
1.069450 -4.197495
1.101386 -4.104005
1.012721 -4.278407
0.994320 -4.327070
0.864863 -4.503513
0.931177 -4.419236
1.279557 -3.197113
1.267519 -3.420964
1.157438 -3.987722
1.160869 -4.025754
1.154902 -1.963906
1.207662 -3.862463
1.142590 -4.114597
1.007650 -1.502699
1.315469 -3.312712
1.057589 -4.243005
0.987855 -4.364206
1.040866 -4.279373
3.607882 -2.589193
1.217491 -3.930004
1.254652 -3.667983
1.215922 -4.006640
1.264047 -2.438790
0.629210 2.169269
1.114782 -4.236194
1.201775 -4.064464
1.141169 -4.170636
1.327990 -3.446621
1.306989 -3.776568
3.285874 -0.723994
-0.598516 2.005204
3.639381 -2.449811
1.325310 -3.850454
1.373682 -2.977251
1.347853 -2.574834
1.350144 -3.344803
1.214027 -4.140802
1.307287 -3.932123
1.280825 -4.011913
1.256970 -2.240797
3.687646 -2.004232
1.412217 -3.185761
1.390479 -3.633848
1.387130 -3.731989
3.653199 -1.421206
1.399259 -3.529462
1.321718 -3.950908
1.405013 -3.811964
1.351265 -3.906772
1.425249 -2.714061
1.448964 -3.277416
1.273846 -1.978627
1.424657 -3.370013
1.318994 -2.340323
1.414192 -3.849751
3.399306 -0.830764
1.438107 -3.790669
1.457061 -3.720403
1.462821 -3.640058
3.705867 -2.222639
1.450000 -3.536874
0.235996 3.192062
1.555233 -2.936111
1.477916 -3.388996
1.516413 -3.143200
0.852630 1.304906
1.513486 -3.284977
1.490322 -3.748352
1.529418 -3.678378
3.599198 -1.216117
1.337629 -2.162933
3.500041 -0.941723
1.529871 -3.627086
0.713757 1.726201
1.510791 -2.791053
1.552127 -3.526749
1.263134 -1.788768
1.582028 -3.414925
0.455358 2.847221
1.591728 -3.331975
1.534909 -2.538528
1.575347 -3.637034
0.410317 3.333760
3.749351 -1.728500
1.613020 -3.580958
1.645221 -3.495284
1.614264 -3.203624
1.559705 -2.660796
1.659815 -3.444334
1.386728 -1.969692
1.673955 -3.335258
0.963788 0.314605
1.685527 -3.278945
1.447985 -2.263883
1.689284 -3.556714
1.734415 -2.982003
1.651549 -2.764811
1.185565 -0.712357
1.751864 -3.479404
1.617210 -2.908951
1.755800 -3.428505
0.566420 2.522527
1.770540 -3.391322
0.925634 0.728534
1.752694 -3.272756
3.802071 -1.534891
1.475065 -2.101460
1.787129 -3.214609
3.740328 -1.439476
1.754768 -3.473042
1.626202 -2.404890
1.815111 -3.411660
1.677679 -2.542859
1.850393 -3.086711
3.106736 -0.444375
1.825492 -3.217067
1.839091 -3.345647
1.317801 -1.459190
1.750509 -2.934257
1.767960 -2.791751
1.836916 -3.261473
3.255761 -0.562228
1.715864 -2.672196
1.410029 -1.856633
0.902544 1.112184
2.964306 -0.360889
0.423034 3.189635
1.495875 -1.940621
1.596164 -2.254654
1.874716 -3.371938
1.875585 -3.159530
1.939751 -2.914903
0.848179 1.659619
1.898242 -3.332448
1.929924 -3.258765
1.925449 -3.183367
1.061904 0.304662
1.747054 -2.442550
1.379659 -1.606134
1.576052 -2.085249
0.979359 0.592673
1.825601 -2.565547
1.358186 -1.507469
3.385695 -0.708216
-0.675893 1.755847
1.916271 -2.651768
1.986837 -3.046515
1.497695 -1.882475
1.750203 -2.342929
1.466653 -1.790094
3.813604 -1.374564
1.917004 -2.741788
0.903383 1.268772
1.213760 -0.659458
1.970836 -3.300523
0.966008 0.808916
1.309104 -1.251136
1.567694 -1.966767
1.985611 -3.248528
1.943772 -2.901849
1.993836 -3.134004
0.686983 2.173767
2.012164 -3.191533
1.713604 -2.185551
1.399943 -1.598482
0.925494 1.106614
1.165831 -0.354372
1.376705 -1.491898
1.467652 -1.730586
3.462183 -0.772442
1.979878 -2.502764
3.869611 -1.229147
1.510349 -1.805946
3.666484 -1.162241
1.987601 -2.595383
1.880037 -2.362620
1.710455 -2.080056
2.008814 -2.638670
1.564807 -1.930352
1.278626 -0.973673
1.080002 0.404033
2.067335 -3.228981
1.427165 -1.592614
1.340588 -1.316782
2.175713 -2.891070
1.102733 0.269817
1.014552 0.734746
1.205985 -0.517287
1.863464 -2.299697
2.143263 -2.990541
3.587788 -0.915873
2.132107 -3.125109
1.493111 -1.705778
1.404447 -1.509088
1.691351 -2.007203
0.660913 2.300526
2.089664 -2.716648
2.117818 -2.602428
1.560229 -1.831601
1.817708 -2.180115
0.969844 1.086784
1.160031 -0.120720
1.444893 -1.605191
0.514701 2.800732
2.050340 -2.501029
1.276314 -0.985111
0.926136 1.273567
0.279558 3.301315
1.224816 -0.631364
0.464373 3.068992
1.398116 -1.489418
2.056406 -2.432629
1.733078 -1.948094
0.876215 1.592201
1.849508 -2.080639
2.121561 -2.606054
2.219434 -2.770539
1.545968 -1.748939
1.093278 0.481187
1.443792 -1.591438
1.950381 -2.343617
1.059295 0.626184
1.181519 -0.320904
1.502332 -1.674433
2.199877 -3.100171
1.117795 0.300893
1.655248 -1.856196
3.832762 -1.044589
1.789360 -1.997607
2.293678 -3.006163
1.938805 -2.233084
2.305565 -2.908603
2.196510 -2.576528
1.594184 -1.791114
0.433369 3.353259
1.144991 0.076733
1.028871 0.940233
2.282739 -2.689178
1.968896 -2.173526
1.744718 -1.952417
2.322153 -2.809599
1.073428 0.659583
2.175855 -2.483644
1.708912 -1.887057
0.831322 1.886604
1.897466 -2.071667
1.110010 0.462741
2.126344 -2.392908
0.980561 1.163368
2.330739 -2.570565
2.341693 -3.074186
3.901726 -1.051307
2.159392 -2.306373
1.822960 -1.990613
1.107582 0.424927
0.607441 2.625031
3.985472 -0.935104
1.053066 0.862374
2.395051 -3.002991
2.339243 -2.719851
1.809574 -1.960113
2.064865 -2.211204
0.720864 2.343274
2.407839 -2.942124
0.960663 1.441662
1.078068 0.746998
2.328905 -2.528465
2.061704 -2.130788
2.491259 -2.838418
1.031208 1.009494
1.975168 -2.062911
2.426206 -2.626664
1.951655 -2.026110
2.331162 -2.436018
3.214661 -0.418589
0.510383 3.008251
1.092980 0.585635
2.321492 -2.367568
2.535240 -2.765248
1.057525 0.913831
2.207120 -2.270303
2.477608 -2.971166
2.479135 -2.554015
3.340085 -0.505656
2.164809 -2.159813
2.144107 -2.104564
2.033727 -2.070377
0.977538 1.377500
2.534398 -2.939907
0.558415 2.872612
2.552843 -2.671297
2.450123 -2.453627
1.073780 0.778912
2.629281 -2.835402
0.888969 1.750724
2.581490 -2.581031
2.411916 -2.283445
2.467265 -2.378069
1.023112 1.150567
2.373366 -2.217620
2.667674 -2.785607
2.260414 -2.138364
2.264294 -2.139173
3.469424 -0.574701
4.059410 -0.806159
2.687012 -2.691059
2.711000 -2.881768
3.128857 -0.280176
0.648525 2.613667
1.045068 1.020532
0.463460 3.303795
2.738533 -2.465038
2.748739 -2.622907
2.740559 -2.835453
2.376463 -2.170866
0.954595 1.571155
4.019928 -0.826120
2.799553 -2.513904
2.448882 -2.193170
2.538728 -2.231898
2.606329 -2.282451
2.618722 -0.076647
3.571157 -0.665127
3.679755 -0.754965
2.768153 -2.779797
3.971217 -0.851200
2.686018 -2.367078
0.481144 3.224851
3.799242 -0.901752
0.980389 1.478493
2.886979 -2.713601
0.610880 2.796657
0.764654 2.283121
2.509566 -2.194791
2.906629 -2.596735
2.913889 -2.461407
0.472387 3.440908
2.589802 -2.213429
0.526174 3.039614
0.565245 2.951377
2.671685 -2.256225
2.946948 -2.525922
2.870559 -2.812697
2.892523 -2.402632
1.008298 1.362840
2.733738 -2.279144
0.864043 1.987666
2.914545 -2.768779
2.845183 -2.332100
2.659448 -2.206411
4.149462 -0.692907
2.983698 -2.710595
0.917939 1.767279
2.758378 -2.220129
3.099131 -2.373571
3.041550 -2.621463
2.881613 -2.244672
0.505746 3.493057
3.036715 -2.522048
0.950955 1.695522
3.118127 -2.426440
2.952846 -2.286049
3.007026 -2.306583
4.096642 -0.718606
3.035685 -2.741817
2.880866 -2.206781
0.711117 2.634545
3.172004 -2.660046
0.967905 1.578260
2.957845 -2.216685
3.280670 -2.590802
3.065349 -2.226146
3.277348 -2.276456
3.147041 -2.252767
0.649833 2.773437
0.573973 2.971466
3.472308 -2.421672
3.304820 -0.353182
3.446173 -2.461305
0.838641 2.312870
3.161714 -2.184064
4.041892 -0.741263
0.542058 3.032934
3.395380 -2.332067
0.770360 2.545551
0.872902 2.143783
4.218144 -0.621117
3.260345 -2.642193
3.159652 -2.194191
0.919259 1.897039
3.389494 -2.599018
3.326658 -2.183639
3.440145 -2.197572
0.515671 3.609478
0.493833 3.479795
3.628861 -2.387513
3.582135 -2.509880
3.977277 -0.690191
3.571861 -2.204124
3.206856 -2.175155
4.181839 -0.637460
0.937231 1.811537
3.405031 -0.364207
3.668326 -2.333678
2.062038 0.067886
0.492236 3.226583
3.715348 -2.406903
3.392350 -2.151343
0.463066 3.409805
3.791880 -2.217127
3.512202 -2.585611
3.544148 -2.126667
3.706208 -2.129958
3.685950 -2.501467
0.820658 2.454458
0.670822 2.834557
3.574078 -2.085552
0.847056 2.352341
3.767797 -2.336707
3.849537 -2.413245
0.125425 2.891510
3.560909 -0.447422
0.608443 2.948593
0.565152 3.052633
3.819095 -0.586400
4.118826 -0.632214
0.872355 2.216351
0.503904 3.633392
4.333943 -0.546885
0.379322 3.107074
3.843575 -2.260626
3.880180 -2.121634
0.732767 2.728177
3.726762 -2.033089
3.695379 -0.509364
3.838966 -2.375687
3.763532 -2.054129
3.753760 -2.513695
0.884062 2.168876
3.995750 -2.284081
3.883631 -2.437904
3.858474 -1.962973
3.992483 -2.119787
4.078255 -0.599522
4.281753 -0.570251
3.935885 -2.053732
0.493517 3.264161
3.879166 -2.404708
4.057993 -2.201348
4.107498 -2.275109
0.796130 2.600184
3.897995 -1.957259
4.085481 -2.237944
0.445339 3.410959
4.014909 -2.419762
4.002138 -2.103942
0.580702 3.066477
0.636113 2.980955
4.036158 -1.868308
4.072456 -2.371432
4.202130 -0.567545
3.983939 -1.934344
0.844675 2.411748
4.457013 -0.505727
4.152721 -2.299097
4.247428 -2.025764
4.212229 -2.240920
4.245332 -2.137240
4.152030 -0.529615
4.192390 -1.770351
4.208179 -1.909661
2.929672 -0.120740
0.687186 2.893988
4.168882 -2.349941
0.863399 2.309872
4.225672 -2.306582
3.137249 -0.256899
4.317307 -2.220243
4.378330 -0.511346
4.242806 -1.727729
4.313672 -1.931101
0.534569 3.163515
0.461887 3.373439
0.757410 2.786262
4.381062 -2.137446
4.422228 -1.978707
0.436696 3.202553
4.490198 -1.876442
4.464030 -2.147967
4.319867 -2.275518
4.390897 -2.208986
4.592956 -0.485985
0.568321 3.153802
4.367274 -1.726873
4.375783 -1.639022
0.793384 2.700252
4.331655 -0.486083
4.433938 -1.745964
0.066722 2.694322
4.415066 -1.574950
0.824433 2.566267
0.551855 3.783136
3.960019 -0.528629
4.584372 -2.051516
3.339727 -0.228082
4.559665 -1.742760
4.688689 -1.930955
4.561641 -2.103510
4.232452 -0.482361
4.523904 -2.155835
0.483056 3.785166
4.681378 -1.809036
4.516907 -0.477191
0.473174 3.350045
0.835880 2.516641
4.479584 -1.531568
0.636942 3.093447
4.721791 -1.952456
4.522444 -1.644713
4.467629 -1.578983
0.428457 3.622086
4.685281 -1.771697
4.722215 -0.507237
4.696211 -1.998798
4.484318 -1.476947
4.612837 -1.631298
4.624688 -2.088622
0.700027 3.020134
4.137759 -0.456677
4.765381 -1.885007
4.694322 -1.650006
0.498507 3.325852
4.819953 -1.710997
4.478230 -0.432823
0.579154 3.773493
0.420543 3.550811
4.827302 -1.877815
4.616649 -1.490884
0.739014 2.968297
4.541831 -1.460621
4.767961 -1.950813
4.551154 -1.411003
4.640745 -0.482841
4.856016 -1.757613
4.657421 -1.516286
4.811961 -1.616080
0.514733 3.868179
4.587036 -1.317364
4.939699 -0.564510
0.783474 2.831661
4.737396 -1.526491
4.879726 -1.619823
4.908825 -1.776345
4.618908 -1.318355
3.499900 -0.261966
4.899099 -1.832356
4.817564 -1.525465
4.942380 -1.629027
4.656968 -1.353337
4.974129 -1.755128
4.651760 -1.246138
4.383076 -0.406779
4.993324 -1.654239
4.898152 -1.526586
4.694335 -1.389809
0.431932 3.478662
0.570443 3.238339
5.064372 -0.577771
4.812636 -0.493011
0.806291 2.694857
5.050129 -1.661635
4.958395 -1.533596
4.777056 -1.386587
4.678728 -1.239763
5.057781 -1.687279
3.731389 -0.353882
4.713499 -1.060720
5.060317 -1.509676
4.818816 -1.427660
5.078199 -1.655452
4.624738 -0.440640
5.113909 -1.529496
4.908904 -1.443868
0.629803 3.205360
5.188142 -0.603601
4.983094 -1.437243
5.154466 -1.525947
4.731078 -1.222153
3.695756 -0.337173
5.181085 -1.537524
4.968191 -0.536782
5.075220 -1.408488
5.195369 -1.498873
5.253885 -0.644851
0.457717 3.442419
5.124220 -1.443071
4.740720 -1.057193
4.784561 -1.253219
5.292590 -0.724790
0.704413 3.075305
0.429249 3.883181
4.833672 -1.303678
5.232319 -1.433960
5.153339 -0.604350
5.364192 -0.837464
4.919211 -1.305623
5.290010 -1.346313
5.229745 -0.648513
4.994842 -1.331832
0.640594 3.814867
5.386058 -0.898752
0.628799 3.935568
4.793861 -1.034594
2.426681 0.061828
4.700947 -0.449283
4.758423 -0.977015
5.404235 -0.999752
5.073617 -1.346173
4.270990 -0.346136
5.377868 -1.114264
0.461800 3.925887
0.392022 3.782771
0.729924 3.025329
5.124105 -1.329800
5.299881 -0.757423
5.363321 -0.858342
5.396430 -0.935901
5.200694 -1.311031
5.392876 -1.024230
5.274181 -1.277391
5.337961 -1.191538
4.502143 -0.369733
5.383625 -1.049992
4.810756 -1.098107
5.379759 -0.961439
4.855412 -0.488687
5.070997 -1.265057
4.976643 -1.149774
5.143621 -1.205189
5.361958 -1.044204
5.200311 -1.177817
0.506691 3.424457
5.252056 -1.211307
5.334805 -1.129580
4.930475 -1.137092
4.874841 -1.093167
5.202819 -0.667171
5.299983 -0.790696
5.123840 -0.608332
0.762693 2.923654
0.557509 3.944412
5.336200 -0.900621
0.364993 3.748215
4.814337 -0.907687
5.330873 -1.018369
5.105002 -1.065074
5.058829 -1.092766
5.315098 -1.020957
5.184824 -1.071626
5.220943 -1.027415
4.143002 -0.307273
5.302850 -0.811634
0.570057 3.361271
4.976260 -1.127677
4.855691 -0.921835
5.236009 -0.703770
4.816385 -0.754791
5.313044 -0.868259
4.681586 -0.421239
5.312274 -0.911968
4.933724 -1.073731
5.165281 -0.628993
4.890286 -0.953137
5.241292 -0.946073
5.256145 -0.762089
0.383980 3.681427
5.201108 -0.956710
0.632319 3.284068
5.122328 -0.919500
5.260136 -0.782971
0.440612 3.972133
4.953737 -0.490156
5.058646 -0.965135
4.757655 -0.427855
5.234437 -0.785430
4.389570 -0.303790
5.219901 -0.680247
0.661157 3.227585
0.398678 3.977647
3.251597 -0.048144
0.870073 3.734334
5.216253 -0.811886
0.509257 4.014826
4.901872 -0.740559
5.214189 -0.685244
5.209145 -0.721047
4.921345 -0.792284
0.672165 3.988966
4.902911 -0.569586
5.084305 -0.547592
4.999618 -0.846201
0.798946 3.581352
4.952498 -0.744582
5.153312 -0.825009
0.426368 3.586483
4.928460 -0.465137
5.135604 -0.584588
0.686884 3.172219
5.138169 -0.632408
3.990317 -0.291020
5.137169 -0.597941
5.075140 -0.768678
0.600686 4.072258
0.347290 3.869705
0.501444 3.541325
4.945631 -0.677855
4.501559 -0.273968
0.459717 4.044434
4.990761 -0.564416
4.962261 -0.470662
0.547723 3.478729
0.352376 3.818539
4.301463 -0.227781
5.072791 -0.557954
4.977243 -0.294644
4.854588 -0.369358
5.059319 -0.494261
4.964164 -0.603685
0.417176 4.072412
4.714264 -0.314395
5.065241 -0.516079
0.591685 3.398687
5.038335 -0.508681
4.986471 -0.176787
0.545359 4.120907
2.762047 0.042946
0.657493 4.079595
0.373431 3.756225
4.982212 -0.423194
4.992521 -0.512493
0.625308 3.355608
3.722608 -0.190382
0.875867 3.942539
3.423292 -0.081755
5.017895 -0.407790
0.382606 4.034757
0.510349 4.134641
0.397044 3.703857
4.914287 -0.238101
4.988479 -0.261336
3.135452 0.034256
4.998317 -0.103609
4.826184 -0.216058
0.467984 3.637557
0.333843 3.963056
4.390230 -0.204348
5.006775 -0.039563
5.007627 -0.398938
0.597933 4.152800
0.704364 4.106893
0.466991 4.168865
0.518679 3.552804
4.713130 -0.224747
4.162582 -0.152416
0.741868 4.100933
4.604056 -0.155730
4.990396 -0.293582
0.333334 3.886029
4.929443 -0.209587
5.002185 -0.166881
0.549240 3.519387
0.562462 4.204878
0.854082 4.101707
4.861030 -0.186635
0.394700 4.117554
3.610628 -0.130578
0.360694 3.822228
5.029020 0.178783
5.019713 0.078298
4.995978 -0.047546
0.683683 4.210344
4.731136 -0.071674
0.347569 4.115971
0.374768 3.801092
0.517899 4.237885
0.408640 3.749017
3.951243 -0.010816
4.283764 -0.061149
4.870965 -0.081463
4.624941 -0.108296
0.316151 4.069570
4.768178 -0.037396
0.717833 4.184201
5.032410 0.403910
4.951059 -0.028972
4.935284 -0.074044
0.614218 4.257679
0.492425 3.627754
5.026366 0.322597
0.424597 4.268842
0.313437 4.036043
0.804570 4.208879
4.992063 0.185292
4.970025 0.119765
2.949816 0.152684
-0.019455 2.530237
0.365991 4.257761
0.332485 3.936148
4.709646 -0.054799
0.564362 4.326572
4.451876 0.027353
3.242654 0.096975
0.334376 3.931571
5.024340 0.582636
1.290001 0.284349
0.342721 4.243732
0.701786 4.319162
5.018264 0.467710
4.788529 0.008163
0.385886 3.812519
4.107113 0.043321
4.689521 0.044620
0.497199 4.401017
0.316671 4.189781
5.000098 0.410653
4.890652 0.075902
4.917496 0.212675
4.965088 0.319180
0.311263 4.149815
0.433834 4.383246
0.768229 4.392404
0.898666 4.208697
-0.673233 1.462148
5.005583 0.805151
0.288227 4.060040
4.543812 0.090368
5.015163 0.627243
0.936696 4.123387
0.633459 4.392797
0.379680 4.356892
0.295879 3.982196
4.994521 0.601278
4.286212 0.070749
3.729606 0.068482
0.533638 4.452590
4.652884 0.170021
0.347101 4.332314
0.945629 3.927157
4.998611 0.981850
4.950418 0.483147
0.765422 4.402701
0.471712 4.459621
0.303304 4.309582
3.374615 0.121567
4.899640 0.418450
4.987024 0.893894
4.712924 0.336127
0.294882 4.282577
0.889575 4.316991
4.818689 0.328343
4.398865 0.201501
0.432797 4.466389
0.599652 4.496405
4.973645 0.757707
0.711012 3.217563
3.094952 0.193930
0.287600 4.153462
4.989725 1.072971
0.367587 4.421982
0.557251 4.551425
4.939433 0.700965
4.482292 0.294863
1.024207 3.484559
3.909065 0.128027
0.992452 3.808113
0.326656 4.428774
4.974608 1.024614
4.902940 0.578762
0.833216 4.469090
0.310297 4.394836
0.669558 4.510216
4.962487 0.965328
0.529269 4.592137
4.956149 1.296627
4.604112 0.411961
4.807779 0.444099
4.072348 0.216123
2.852945 0.241718
0.289542 4.303578
0.628936 4.608773
0.457483 4.561506
4.925683 0.842771
4.960242 1.172030
0.880695 0.376670
4.716701 0.447864
4.880154 0.764107
0.390440 4.541380
3.615704 0.234100
0.785977 4.544557
4.230215 0.329237
4.957174 1.371080
0.334032 4.506404
4.941383 1.101251
0.599586 3.016076
0.973723 4.323856
0.594350 4.617519
4.773127 0.737225
2.574018 0.277026
0.731079 4.618279
4.947058 1.324397
4.336519 0.379878
0.514993 4.666701
4.909580 1.009304
0.311566 4.484330
1.107721 4.176749
0.941792 4.460913
4.444649 0.451745
3.255485 0.244614
4.819704 0.946159
0.473062 4.648172
4.916415 1.557819
4.706384 0.623491
4.908663 1.250852
3.705043 0.302316
0.414006 4.651646
4.778825 0.878898
0.665156 4.693321
4.575624 0.579112
2.954661 0.285694
0.877941 4.578127
4.913305 1.443384
3.932893 0.356526
4.885612 1.157080
0.640542 4.772846
0.370009 4.603744
0.835860 4.648499
4.885637 1.696041
4.069936 0.381080
4.808928 1.081568
1.055958 3.694707
4.675231 0.838622
0.550598 4.741856
4.898596 1.369548
4.211049 0.450990
1.160824 4.052001
2.287872 0.343444
4.767744 1.001640
0.485276 4.727830
0.757279 4.738471
4.886507 1.583698
1.824423 0.335153
4.887435 1.280107
4.849627 1.802291
4.719952 0.950654
0.694048 4.767899
4.230132 0.581123
1.057603 4.455349
0.418696 4.673757
1.138466 4.342970
4.761572 1.225277
4.883631 1.508733
0.645115 4.798357
0.950933 4.587419
4.841722 1.759669
0.897498 4.669862
4.750168 1.121694
4.559999 0.811113
0.547746 4.781066
4.784540 2.001819
0.857925 4.738518
3.426412 0.331219
4.694694 1.046346
4.832587 1.434388
4.463157 0.665815
0.767135 4.805141
4.619180 0.972924
4.850844 1.675651
0.510893 4.760969
4.762725 1.345569
4.797338 1.884530
0.739617 4.838222
1.184334 3.875396
-0.180917 2.367186
3.131637 0.357120
4.737000 2.188320
3.711494 0.429586
0.663241 4.860106
4.697579 1.270668
3.599078 0.410084
4.799150 1.586054
1.018899 4.686766
4.663494 1.208081
4.778889 1.802796
3.936361 0.573946
1.082649 4.609885
0.923153 4.730793
4.765427 2.048400
2.708663 0.370102
0.602950 4.840857
0.941010 4.832944
4.742479 1.483865
4.542347 1.094500
0.482446 2.881354
4.080564 0.596437
4.698537 2.281355
0.826667 4.862281
4.495968 1.010693
1.197841 4.490869
1.226166 4.218877
4.775350 1.793592
0.783835 4.889177
4.759395 1.938467
4.689154 1.409987
4.717681 2.201217
4.384374 0.910435
1.043346 4.778602
4.676073 1.636852
4.641296 2.391258
0.690807 4.870793
0.961273 4.844249
4.610513 1.317204
0.150626 0.472157
1.122099 4.711069
1.279747 4.059167
0.897524 4.891335
4.507535 1.190170
4.713612 1.880778
4.711258 2.149588
0.891731 4.892206
4.669243 2.303949
4.635778 1.588285
4.451317 1.115831
1.076102 4.839499
4.207657 0.859276
4.582003 2.462624
4.666965 1.775291
1.212383 4.605509
1.251379 4.383033
0.828933 4.904350
1.156175 3.568233
1.044322 4.887315
1.082072 3.405645
4.671716 1.999263
4.648454 2.226838
4.557132 1.449364
1.132422 4.792549
4.613847 2.402173
0.984418 4.908766
3.241774 0.429808
4.609007 1.681002
4.492849 2.578063
4.631399 1.914917
4.361770 1.066453
4.423505 1.360159
2.559371 0.457115
1.110696 4.877310
0.643184 0.412952
3.593349 0.554318
1.268589 3.726635
-0.567467 1.909155
4.388892 1.212737
1.197774 4.730052
0.930187 4.918989
1.290419 4.533828
4.633935 2.135336
4.605947 2.325114
4.509503 2.544847
1.081798 4.907591
1.381756 3.882720
3.470881 0.515322
2.921875 0.480409
4.528376 1.586378
4.582999 1.809110
4.364405 2.727798
4.579002 2.062275
3.764955 0.632530
1.199405 4.797738
-0.319633 2.162819
1.391424 4.186992
3.915818 0.786654
4.588306 2.246695
0.987938 4.939254
1.293316 4.641900
1.373860 4.301359
4.519192 2.482581
4.227802 0.919538
4.430603 2.635344
0.872752 3.139253
1.146205 4.870611
4.389926 1.521337
4.510915 2.026497
4.526871 1.712705
4.274285 2.829212
4.537180 2.161287
1.384836 4.460256
4.339709 1.339951
1.266051 4.760215
4.275502 1.213662
4.507249 2.373050
0.448140 0.429926
4.435228 2.589217
1.091713 4.911043
4.348244 2.744651
1.438860 4.015394
4.442054 1.890790
4.494926 2.032537
1.408897 4.602220
4.186633 2.905480
1.229372 4.816431
4.474700 2.284640
4.393915 1.630177
4.420965 2.500238
4.360183 2.687026
1.365885 4.668478
4.248831 2.847599
4.431562 1.986450
2.710246 0.517753
1.202443 4.854886
1.501891 4.261806
4.439529 2.194520
4.083792 2.977950
3.966260 1.018904
1.503311 4.384484
4.403814 1.812943
4.412958 2.371835
1.329494 4.740592
4.336398 1.514986
1.556577 4.501997
4.338004 2.611347
3.498837 0.648370
4.245274 2.789898
1.513479 4.148352
1.374609 3.636040
4.403153 2.126553
3.569160 0.689430
4.127247 2.934847
4.371226 1.923449
1.454541 3.736849
3.967458 3.047418
1.475385 4.594887
4.391166 2.304624
1.311112 4.783564
4.324504 2.493402
1.535750 3.890347
4.347491 2.003073
4.247431 2.728917
4.005432 1.229209
1.285165 3.462017
4.123386 1.427767
4.163244 2.886488
1.446864 4.679429
3.721642 0.862181
4.366470 2.193588
1.590428 4.356539
4.025240 2.999110
4.267395 1.735978
3.046459 0.553413
1.591008 4.240824
1.586963 4.438317
3.295384 0.651119
4.264332 2.618740
3.855141 3.093535
1.591851 4.003441
4.309113 2.420535
-0.463272 2.029514
2.441348 0.512162
4.315246 2.107459
4.250931 1.843584
4.165227 2.792067
1.418490 4.732222
1.539281 4.510484
4.280831 1.993398
1.644008 4.156526
4.058487 2.949790
1.563944 4.595584
3.911799 3.055583
2.556503 0.562091
4.289265 2.279943
0.804665 2.977773
3.779356 1.023453
4.234149 2.508662
3.720104 3.150310
1.687956 4.303100
4.087181 2.857852
1.667536 4.390374
4.238310 2.187675
4.196665 1.624149
1.713715 4.187258
1.538031 4.670744
1.668574 4.456463
3.973430 2.985957
4.178772 2.578685
4.102203 2.773772
4.208248 2.079596
4.169588 1.858905
1.695593 4.052751
3.788810 3.099207
3.436986 0.759883
0.165999 2.632266
4.174101 1.907816
1.159394 3.245369
4.170214 2.442824
1.646049 4.551795
1.642495 3.887304
3.607763 3.209474
1.522794 3.649065
1.703803 3.967837
3.841039 1.210500
4.106572 2.677862
3.976304 2.914798
1.603489 3.748477
3.906435 1.387007
2.746143 0.642669
1.782181 4.219694
1.785887 4.326596
1.610514 4.614434
3.827551 3.053923
4.170959 2.269454
4.164077 2.454430
3.965219 2.847545
1.791467 4.138321
1.782755 4.396618
3.628439 3.183671
3.507054 0.878700
1.808879 4.048613
1.125893 0.416665
3.514761 3.261566
4.162175 2.149175
1.746464 4.468007
2.151531 0.563115
4.048831 2.595425
3.981123 2.745438
3.861946 2.968860
0.382773 0.482732
3.990519 1.585641
4.098739 1.993658
1.495796 3.536000
3.993537 2.672197
4.030445 1.879583
1.709402 4.542815
3.693547 3.089738
4.048109 1.761327
3.523752 3.233784
1.872675 4.250087
3.866712 2.867589
4.055096 2.427216
1.852547 4.322941
1.885216 4.135770
3.352407 3.325627
1.755608 3.848921
1.868475 4.367381
1.871462 4.076928
3.867356 2.786262
1.633351 3.695622
3.599023 1.098498
3.925425 2.702392
1.854901 3.935382
4.006308 2.510749
3.747755 3.017119
1.697265 3.773804
3.957934 2.619593
3.284183 0.801038
1.817762 4.446616
4.028810 2.229742
3.443432 3.275529
3.547216 3.175768
2.723276 0.650059
3.255466 3.367773
3.988269 2.083975
1.960755 4.239581
1.982717 4.146269
3.786077 2.920814
1.939856 4.304092
3.915739 1.958355
1.974465 4.055747
3.096567 0.800182
3.684770 1.163736
-0.097309 0.550797
3.794945 2.802824
3.282904 3.341110
3.713523 1.387138
1.909892 4.362322
3.389912 0.913417
3.913759 2.513452
3.610258 3.056197
3.822980 2.722185
3.118349 3.431018
3.461662 3.185139
3.921282 1.862281
3.941390 2.449123
1.946167 3.943484
2.040884 4.157323
1.128250 3.079832
2.038447 4.229244
1.625182 3.553904
3.837418 1.574078
1.473063 3.361867
2.052020 4.088876
3.128667 3.403815
1.885168 3.808378
1.729571 3.654233
3.877802 1.676032
1.981127 4.297792
1.847623 3.695878
2.999265 3.482035
3.311799 3.285510
3.461183 3.111146
3.814841 2.566553
2.919617 0.745230
3.827448 2.488068
2.037410 3.943741
3.809082 2.077415
2.104521 4.140528
3.059242 3.451018
3.668569 2.826608
2.489658 0.639954
3.768816 2.650697
2.132446 4.053792
2.069028 4.203557
2.903418 3.534643
3.838916 2.156898
3.894117 1.966720
3.720279 2.743101
3.184646 3.330327
2.153530 3.928829
3.478558 3.024122
3.880557 2.332430
2.214223 4.023938
2.963285 3.497273
3.492965 1.097060
2.205312 4.065751
3.358175 3.147362
2.769691 3.587194
2.239706 3.953911
-0.601488 1.673990
3.122149 3.368403
2.270285 3.960974
2.026233 3.819279
2.269788 3.978726
2.708507 3.611454
3.751757 1.830537
2.547158 3.698654
2.846520 3.546323
2.404721 3.801066
3.721943 2.558319
2.945193 3.468030
3.498368 2.925699
3.233598 3.238906
3.184780 0.938323
3.358885 3.092340
1.950876 3.685502
2.878433 3.504681
2.131261 3.810069
2.301831 3.827270
1.864096 3.609444
3.524705 1.174264
2.675395 3.604867
3.678238 2.426618
3.604654 2.745154
1.587686 3.417011
3.645230 2.637388
3.121885 3.302535
1.751822 3.508423
2.741333 0.739661
3.697492 2.090277
0.749150 2.784071
1.282498 3.161338
2.947492 3.383872
2.764356 3.530352
3.255722 3.108625
3.637395 1.715897
2.865439 3.444381
3.352408 2.940731
3.690475 2.185553
3.702069 1.973167
1.651866 0.590366
2.479730 3.681909
3.106627 3.193211
2.658571 3.554713
3.273361 1.080238
3.025775 3.248716
2.122187 3.661446
3.370047 2.822815
3.250546 3.002063
2.904560 3.318442
2.734647 3.470727
3.558716 2.529951
2.963116 0.888046
1.970430 3.524074
2.299947 3.629285
3.615074 1.873663
3.464741 2.684021
1.553811 3.298498
1.871491 3.491604
2.517173 3.525144
2.254523 0.689006
0.303341 0.508798
2.647266 0.739432
3.127589 3.062787
3.529064 2.349770
3.260438 2.890338
3.591317 2.012005
2.628679 3.445856
3.338639 1.169390
2.979228 3.190322
2.831502 3.248364
2.711711 3.339524
3.586917 2.158743
3.417689 1.285302
2.094256 3.505112
0.985693 2.903560
1.785969 3.409180
2.002720 3.468460
2.382504 3.477467
2.238109 3.544852
3.584829 1.758585
2.805058 0.870211
3.125628 2.965478
3.254413 2.758935
2.512171 3.405887
1.667717 3.263118
3.391027 1.437516
2.614362 3.332331
3.061992 1.044557
2.966089 3.049844
2.727827 3.238215
1.326117 3.022355
3.357109 2.401596
3.343956 2.569077
2.849943 3.118426
-0.326406 0.650973
1.486355 3.103896
2.104066 3.362017
3.457561 1.947603
3.415005 2.220271
2.392176 3.351851
2.311842 3.358934
3.174513 2.821144
1.977201 3.333958
2.199233 3.357839
3.430784 2.077283
2.434297 3.257513
1.621868 3.191062
2.674243 0.853172
3.341972 1.655868
2.601841 3.163699
2.925573 2.866038
0.084172 2.407908
2.419228 0.806735
1.800450 3.248806
3.269173 1.353133
2.155281 3.262570
2.722107 3.110976
2.410747 3.232416
2.858960 0.992124
2.829646 2.994716
3.171106 2.703689
2.222321 3.274175
3.067842 1.191496
3.313633 2.213126
2.054135 3.224286
1.679828 3.155695
2.505498 3.149087
3.166766 2.460228
3.322706 1.835684
3.316181 2.153893
2.543324 0.884181
3.314346 2.002510
2.946672 2.750922
1.577310 3.058252
2.306258 3.150502
2.704548 0.998250
2.180769 3.158059
2.578826 3.053965
1.933006 3.208823
3.229126 1.465844
2.820016 2.807932
2.724914 2.925546
1.786790 3.114521
2.884439 1.127374
1.486189 2.990210
3.198369 2.183325
3.137205 2.085473
2.616234 0.987656
1.708745 3.061890
2.446064 3.058967
2.962546 2.515913
2.071922 3.125751
2.042894 0.727624
3.089177 2.317843
3.139007 1.808581
3.133748 1.819014
0.827049 0.508955
3.014383 1.378923
1.249979 2.890360
2.728697 1.062478
2.206529 3.019608
2.803095 2.682951
2.568698 2.872375
0.703094 2.570419
2.694885 2.772456
1.003463 0.533856
1.880227 3.033237
0.923607 2.698565
-0.693204 1.433072
1.605736 2.956421
2.637290 1.028069
3.047881 2.160911
1.842514 3.016829
2.916715 1.303259
2.191105 0.814154
2.411559 0.915475
2.942130 1.581542
-0.430131 1.860568
2.068142 2.937932
2.890763 2.344620
2.358529 2.836927
2.704166 1.210819
2.740123 2.509792
2.967615 2.025098
2.606320 2.604875
2.489464 2.752136
2.592988 1.104893
1.504583 0.693921
2.994512 1.818695
1.900942 2.863163
0.652363 0.507090
1.508880 2.787160
2.428225 1.062376
2.818486 1.462984
2.748299 2.151037
1.730486 2.822061
2.204519 2.832680
2.708832 1.376706
2.726671 2.350682
2.315179 2.677477
2.478600 2.605889
2.548330 2.477672
2.569199 1.277175
1.766929 0.753536
2.795245 1.632981
2.710325 2.045622
1.964850 2.791675
2.158553 0.990070
2.035032 0.852369
1.285162 2.608738
1.815184 2.704862
2.420151 1.165328
0.509667 0.542592
2.669512 1.489761
2.398912 1.074018
2.590719 2.146188
2.140097 2.674371
1.659645 2.679941
2.283795 2.552632
2.639225 1.882261
2.435760 2.408402
2.464530 2.288892
2.474386 1.417171
0.035544 2.267721
1.010099 2.512849
2.454709 1.268211
1.437395 2.578379
0.373534 0.534957
2.565310 1.994120
2.569454 1.660054
1.903974 2.638329
2.429654 2.128428
2.339875 2.274062
2.062021 0.991143
1.746862 2.603337
2.173987 2.322805
0.675157 2.357746
-0.405750 1.891459
2.114622 1.110253
2.238035 1.230297
-0.152173 2.042054
2.398772 1.458037
2.016307 2.416488
1.578486 2.559829
2.404232 1.440358
1.788491 0.962184
2.423937 1.849994
1.249687 2.480865
2.330279 1.982574
1.455535 2.445682
1.862746 2.444941
2.333014 1.681792
2.293417 2.088266
1.529264 0.898332
0.955640 0.597382
1.908006 1.104104
1.683925 2.451307
2.103177 2.221916
2.241185 1.802668
2.230641 1.525814
2.122664 1.177898
-0.570872 1.568781
2.204234 1.939544
1.290814 0.852809
2.138546 1.339072
1.825181 2.303350
0.030265 0.573593
1.086128 2.376374
1.685629 2.352783
2.048847 1.982500
2.160041 1.723441
1.544752 2.321988
2.089426 1.817051
1.750523 1.062252
1.340695 2.352521
-0.622362 1.376887
0.718038 0.727902
1.892522 1.163546
1.855458 2.040153
2.043778 1.520394
1.621635 2.206784
0.543400 2.184720
1.955590 1.703385
-0.444422 1.735634
1.900889 1.846979
0.500718 0.657663
1.903634 1.406944
1.384524 0.932494
0.338832 0.612466
1.459964 2.156061
0.245773 2.010288
-0.124679 0.614070
-0.389807 0.735821
-0.260409 0.631188
1.784133 1.565761
1.740874 1.705780
1.696922 1.281598
1.642709 1.837602
1.152496 2.139899
1.557164 1.986618
0.991155 0.912652
-0.036029 1.896006
-0.354965 1.812167
1.651210 1.461028
1.634694 1.541957
1.516255 1.668186
-0.556087 1.514059
1.283622 1.927702
1.411822 1.847107
0.477638 1.932024
1.188703 1.160825
0.697734 0.963999
1.443398 1.476987
1.329102 1.364349
1.225550 1.620218
0.746765 1.836615
-0.450212 1.636552
0.192782 1.832849
1.172819 1.721292
-0.029807 0.630639
1.209676 1.461077
0.936628 1.090133
0.487517 0.844449
1.096453 1.269536
-0.073416 1.734381
-0.550177 1.442207
-0.330942 0.729183
1.103600 1.585701
-0.300640 0.706678
0.508594 1.715109
0.680678 1.628654
0.283326 0.774708
-0.256007 1.676148
-0.125602 0.676604
0.900249 1.397550
0.714976 1.001834
0.728564 1.172784
-0.585772 1.412640
0.332469 1.686841
-0.416013 1.548148
0.649028 1.488483
-0.075583 0.701994
0.506112 1.611968
0.627981 1.321845
0.434413 1.004565
-0.088651 1.630712
-0.250457 0.718005
0.563333 1.141424
0.122389 0.847676
0.484084 1.440613
-0.236280 1.557193
-0.566368 1.338534
0.290195 1.531132
-0.417099 1.479457
-0.164797 0.702052
-0.079517 0.704962
0.229747 0.932152
0.428962 1.278260
0.335557 1.118485
0.033267 0.824676
-0.549482 1.375105
-0.285227 0.766652
-0.224112 0.773585
-0.533647 1.317201
-0.025391 1.476362
-0.478945 1.412230
0.314874 1.370915
-0.238976 1.526452
-0.325167 0.795595
0.104722 0.925692
-0.054710 0.810343
-0.168204 0.799284
0.248559 1.196791
0.205716 1.089058
-0.361023 0.802169
-0.375178 0.828774
-0.008523 0.891402
-0.505279 1.289925
0.046178 1.320186
-0.258966 0.815779
-0.320656 1.389188
-0.162643 1.389886
0.074539 1.015883
-0.088801 0.897191
0.032194 1.200332
-0.482793 1.355464
-0.165441 0.850000
-0.413724 1.360270
-0.397825 0.845130
-0.299768 0.852036
-0.069400 1.267407
-0.344362 0.856555
-0.068542 1.011017
-0.198749 1.316859
-0.072514 1.170757
-0.430522 1.294767
-0.221034 0.912637
-0.301209 1.335187
-0.365582 1.327557
-0.424134 0.857862
-0.146595 0.999433
-0.138481 1.218519
-0.291276 0.912261
-0.121678 1.098702
-0.243804 1.270027
-0.342357 0.878737
-0.295156 1.287544
-0.391816 1.276795
-0.219694 1.004943
-0.424335 0.960395
-0.177138 1.175888
-0.272803 1.230357
-0.182775 1.086489
-0.359199 1.276134
-0.352317 0.918719
-0.304452 0.956849
-0.264791 1.141885
-0.258340 1.030646
-0.343689 1.234240
-0.381171 0.958277
-0.308955 1.162111
-0.313808 0.951619
-0.294611 1.085140
-0.378869 0.971728
-0.335645 1.004325
-1.144796 -0.501554
-3.432133 -1.759846
-3.504605 -1.937163
-4.451119 -1.963378
-4.514437 -2.224468
-3.670878 -2.453934
-3.717287 -2.508610
-3.790248 -2.570544
-4.927574 -2.537235
-5.540790 -2.161114
-2.585185 -1.372838
2.551360 -0.525009
1.883954 -4.799395
2.433650 -4.548849
2.675015 -4.483545
3.451404 -2.964056
0.748850 -5.512597
1.500802 0.050350
2.089098 -3.175007
2.170109 -3.152334
0.824942 2.506935
5.168753 -1.432637
4.184083 2.693153
3.865447 2.648171
3.620349 2.977104
3.559634 1.296605
3.529618 1.560482
