2000 2
-0.982393 1.801161
0.648387 -2.838603
0.641485 2.544849
2.079631 1.565816
1.741374 1.658604
2.074086 -0.327644
-1.347902 -0.463275
0.773712 -3.142899
0.350586 0.878030
0.513706 0.701180
2.115378 -0.545608
0.243344 -1.163807
0.414670 2.778829
1.003102 -2.948419
0.663172 2.770821
0.726851 -2.929683
2.177105 -0.259809
-1.095796 -0.452499
-1.623916 -3.166935
0.171879 -0.889069
-2.756918 0.828038
2.073740 -0.367951
-1.556699 -3.089992
-0.805309 1.784391
0.909056 -2.823862
0.524538 2.639202
0.742471 -2.992401
-0.755684 1.713350
0.044284 -1.226079
0.309226 -1.095768
-1.337586 -0.302176
0.913805 -2.782400
0.899117 -2.940661
2.094369 -0.284381
2.130635 1.684872
2.126890 1.712861
-1.221313 -0.320466
0.602246 2.748427
0.104059 -1.258519
0.367609 2.454615
0.532086 0.783265
0.864236 -2.858455
-1.509715 -2.966641
1.850448 -0.571983
0.725713 -2.783396
-1.630061 -3.065476
-0.669358 1.613653
-1.387744 -3.011541
0.484193 0.687427
-1.282400 -0.484534
-0.812074 1.663374
1.963787 -0.638219
-1.089448 -0.439486
-0.947611 -0.464007
2.197289 -0.421815
1.968905 -0.589527
0.503740 0.625385
0.829329 -3.019767
-1.101322 -0.387826
1.869486 -0.283651
-1.283105 -0.366991
1.947421 1.568949
0.597691 2.598198
0.508358 2.549322
1.965129 -0.468916
-1.719504 -3.067124
0.542478 0.662125
0.672367 2.667246
0.919802 -3.034455
0.530645 2.550527
0.305947 -0.989516
0.166023 -1.016137
-0.977786 1.696586
-1.167232 -0.458753
1.737534 -0.461285
0.385656 0.682278
-1.387234 -0.375621
0.001135 -1.037300
2.178390 1.641530
1.974908 -0.451447
-1.118105 -0.365445
-2.840009 1.000237
-2.923953 0.993991
1.992694 1.645216
2.067256 1.661084
-2.697292 0.946652
-1.176235 -0.275862
0.302908 -1.162166
-1.122162 -0.418020
0.221523 -1.199861
1.980140 -0.481980
2.254184 1.629372
0.047874 -1.032245
-1.577182 -0.419630
0.220375 -1.220577
0.608138 0.739965
-1.347627 -0.285001
0.655376 2.732232
0.268819 0.717560
-2.906389 0.906635
-2.690907 0.941227
-1.706439 -3.072154
-2.795441 1.171089
-1.121375 -0.237973
0.507167 2.777813
0.451132 2.665217
2.140532 -0.546569
2.175293 -0.616635
0.222618 -1.083037
0.204114 -1.105741
1.930453 -0.272071
2.094475 1.758715
1.932527 -0.404885
-0.763080 1.673041
0.435205 0.656720
2.120131 -0.448527
0.318633 -1.204133
0.148701 -0.912026
1.988134 -0.459966
-0.778379 1.591318
-1.489381 -3.023816
-0.757621 1.636931
0.848903 -2.999361
2.177524 1.654537
0.544578 2.577410
0.492527 0.799131
0.065278 -0.912757
-1.131956 -0.404190
-1.425179 -2.972126
-1.688786 -3.072269
-1.659176 -2.908437
-1.310370 -0.216732
0.297899 0.592969
-0.851480 1.774930
-1.039409 1.777124
-2.475332 1.161066
-1.240308 -0.538957
0.268892 -1.077000
-0.689716 1.596476
1.748175 -0.476015
-1.481694 -3.158094
1.977290 1.514218
0.491690 0.953322
0.276202 -1.124858
0.306886 2.832050
0.071026 -1.018322
-1.412665 -0.301911
1.966595 1.475036
0.262155 2.765377
0.074757 -1.116759
2.087709 1.751490
-2.781440 1.090712
0.618330 0.696598
-0.718943 1.671749
-2.867834 0.925939
0.087231 -0.952616
0.875713 -2.771518
0.407249 0.736073
-0.838080 1.668144
1.840345 1.511343
2.262505 1.529085
2.097577 -0.272027
0.069610 -1.092178
-0.759671 1.707145
-1.454654 -3.153657
1.892002 -0.297052
-2.830015 0.959620
-2.658208 1.056609
0.513180 2.809233
-1.645235 -3.059554
-1.694952 -3.062464
-0.828326 1.605362
-0.748707 1.709277
0.543919 0.825501
0.741252 -2.876185
0.294565 0.893641
-1.310962 -0.576717
0.393094 2.598740
1.998966 1.443276
2.123294 1.417536
-1.582730 -3.105846
2.143155 1.520828
-1.332199 -0.495035
0.510260 2.504502
0.577081 2.750959
2.168245 -0.392891
1.050967 -2.914738
2.226955 1.641165
0.885086 -3.049937
-2.660768 0.870385
2.082066 -0.442890
2.119170 1.458114
0.488552 0.744256
-0.939527 1.691268
-0.753251 1.656728
0.908874 -2.986049
0.127963 -1.014245
2.140309 -0.489743
0.483721 2.672683
1.920857 1.816334
-1.615653 -2.955305
0.856305 -2.775306
0.664846 0.664943
-1.230206 -0.436663
0.594559 2.636165
0.306771 -1.149818
0.233877 -0.944036
-1.291297 -0.334852
-1.633462 -3.199378
0.970999 -2.823859
0.531744 2.775286
2.089269 -0.459805
1.993312 1.500355
-1.610528 -3.023884
2.029671 -0.347452
0.327956 0.898625
-0.051866 -1.048912
-1.236845 -0.302903
0.560773 0.791203
-1.115873 -0.231455
-2.842247 0.847880
0.339249 0.602805
0.371703 2.803217
0.494966 1.001938
-1.024234 1.593996
0.416600 -1.105305
-1.093451 -0.243138
-1.187118 -0.441934
1.016113 -2.754522
0.618376 0.629638
0.960536 -3.005661
-1.380755 -0.479651
0.311267 -1.066389
0.543252 0.644520
2.095520 -0.332678
0.557090 2.580564
2.075360 1.691556
-2.600852 1.069851
-0.868023 1.724667
0.548200 2.606294
-2.765510 0.837477
1.888351 -0.481537
0.150711 -0.873773
1.805256 -0.363863
0.932569 -2.848628
1.939514 -0.593362
-0.948759 1.733035
1.862975 -0.482524
0.353311 2.691353
-0.977775 1.721822
-1.725459 -2.933863
-2.902290 0.909866
0.498919 2.845821
0.272506 2.596220
-1.575152 -2.976862
-2.762392 1.058674
-1.102521 -0.182121
-2.757649 1.001884
0.359103 0.699868
-1.582050 -3.068852
-1.622146 -3.203855
0.272693 -1.128551
-1.285878 -0.440636
-2.708531 1.050414
-0.994242 1.772903
-0.735380 1.647538
0.318774 -1.126274
2.156595 1.390013
0.693551 2.774174
0.041949 -0.791910
-2.863756 1.101891
0.546232 0.882595
0.848673 -2.700884
0.498907 2.574106
-2.780497 0.987563
-0.929948 1.629580
-1.605545 -3.167495
2.059969 1.447331
0.189210 -1.175703
1.036374 -2.886928
2.006649 -0.171551
-1.700987 -3.182638
0.506132 0.604190
0.683338 2.826891
-1.134660 -0.504875
0.761842 -2.889780
2.118429 1.602823
-2.771384 0.942432
0.110042 -1.173110
0.576748 2.805521
1.922872 -0.315473
0.946496 -2.995189
0.577030 2.747366
0.320421 2.628003
-2.611720 0.847602
0.957384 -2.762425
-2.805338 1.044187
1.932314 1.352769
-1.787204 -3.156960
0.166791 -1.006389
0.299830 0.579694
0.131325 -1.187019
0.651423 2.683563
2.019612 1.551608
2.134410 -0.549794
-2.775882 0.979975
0.327457 -0.630898
2.122461 1.563319
-2.985389 0.996356
-2.604353 0.968992
-2.688921 1.053808
-1.465807 -3.060853
0.730326 -3.075512
0.068042 -0.920379
1.983109 -0.482313
-1.299383 -2.958609
-1.326409 -0.458636
0.151731 -1.211769
-1.426232 -0.339938
2.153155 -0.417800
2.203782 -0.383177
0.633611 0.635786
-1.478076 -3.194204
-1.232094 -0.202615
0.382460 0.641121
-1.668616 -3.205556
2.046201 -0.321318
-1.629560 -3.193974
-1.097125 1.586730
0.464465 0.877577
1.999661 -0.398396
-1.679888 -3.114779
0.202160 0.975764
2.050961 -0.429374
0.563933 2.754164
0.305362 -1.125937
-2.772065 0.941885
-1.443404 -3.091888
-1.693182 -3.092670
1.973400 1.602780
0.515878 0.770923
0.245209 -1.094934
-0.715893 1.838004
-1.760363 -3.138624
0.583278 2.572936
-1.062436 -0.183313
0.050514 -1.158096
-1.088639 -0.459210
-1.728277 -3.147609
0.428983 0.841961
2.075948 -0.238216
0.549130 0.715128
2.104495 1.412755
0.857703 -2.763569
2.151701 -0.435673
-2.842436 1.196981
1.940362 -0.450102
-0.776669 1.594077
0.626925 0.556788
-2.858501 0.942370
0.539321 0.685821
-1.281200 -0.494570
-2.823200 1.052001
-2.846453 1.164084
0.796154 -3.023504
-0.850404 1.815829
0.410792 0.851576
2.114222 1.388494
-2.699076 1.057999
0.887286 -3.136908
0.113344 -1.181358
2.109684 1.496988
0.114680 -1.169196
0.279728 -1.115271
-1.477181 -3.008505
2.222529 1.577784
2.138549 -0.298729
0.566966 2.472131
-1.107954 -0.254771
-0.954062 1.813023
0.317727 0.586937
0.577305 0.789889
0.108503 -1.262963
0.567618 2.755619
0.456798 2.416615
2.024920 1.663783
1.978079 1.766396
2.119262 -0.332953
-1.638649 -3.043921
-2.882681 1.125962
-0.970893 1.653919
-2.716652 0.994563
0.565125 0.785365
0.926081 -2.923789
-1.670380 -3.062480
-0.939974 1.652749
0.267570 -1.139780
2.002183 -0.493526
0.116807 -0.970313
-1.259727 -0.247421
-2.711575 1.147900
2.048133 -0.269153
1.030361 -2.810904
-0.848810 1.555232
-2.868984 1.186509
0.578720 0.501397
-2.793618 1.163780
0.185951 -0.948419
1.948178 1.568508
0.276188 -1.182134
0.424712 0.950468
2.040979 -0.289613
0.883007 -2.927708
-1.631319 -2.860619
0.610889 0.882696
-1.112899 -0.378471
0.839013 -3.033214
0.879246 -2.812386
-0.913399 1.789039
-1.527438 -2.882466
-1.280339 -0.459707
0.156480 -1.245707
-1.563301 -2.935295
-1.461460 -2.997995
2.066454 1.554998
0.884471 -2.997357
2.066649 -0.246280
2.021147 1.419945
-0.812880 1.768546
-0.909679 1.601069
0.497702 0.722145
2.225996 1.523577
0.357980 2.866205
0.481025 2.724669
-1.083495 1.732122
0.870143 -2.846072
-2.841876 0.982458
0.349360 0.838530
-0.952732 1.706620
2.010061 1.803249
-1.267986 -3.029074
-2.714824 1.236321
2.239336 1.587572
2.158365 1.614774
-0.883133 1.791619
-1.656048 -3.128176
0.943396 -2.910248
-1.415855 -2.986824
0.861244 -2.841115
-1.359892 -0.412973
2.136359 -0.309314
0.424943 2.579917
-2.906589 1.002679
-2.780345 1.034564
0.813229 -3.065902
2.152910 1.559025
0.251035 -1.266075
-1.807421 -3.077259
-0.836779 1.741655
0.910691 -2.968423
2.151910 -0.423162
-1.217079 -0.480220
-0.894509 1.752226
0.074346 -1.087092
-1.417816 -0.380855
-1.681836 -3.012398
2.082880 1.712832
-1.733451 -2.925040
0.527910 2.649155
-0.017232 -1.024491
-1.153611 -0.347812
2.016474 -0.440095
0.097915 -0.980983
1.878023 -0.470270
1.762176 -0.502893
0.634529 -2.962054
2.135502 -0.504989
-2.805131 0.943175
0.596366 2.686415
-2.723728 0.928178
-0.838051 1.769989
1.963086 1.628922
-1.294353 -0.387230
0.626877 0.908481
1.783918 -0.591181
-1.120919 -0.203090
-0.886054 1.654150
0.871744 -3.045553
2.117101 -0.547957
-1.251842 -0.202190
-1.259768 -0.513725
-1.611844 -3.266593
0.939401 -2.767488
0.565757 2.647917
0.550114 0.629759
0.534001 0.920299
-2.634909 1.197754
0.442579 0.713128
0.485927 2.788812
0.647442 0.728704
2.026095 1.517774
2.005689 1.729426
1.953211 1.647697
0.344003 2.748659
0.879791 -2.899724
0.279386 2.731535
0.810728 -2.883781
-0.906306 1.555226
-2.665657 1.228814
0.885582 -2.955332
0.328163 -1.229443
1.940899 1.704816
-1.108127 -0.326013
0.201103 -1.272897
-1.211692 -0.330538
0.398933 2.712861
-0.880049 1.673797
2.066621 1.341486
-1.692189 -3.014354
-2.986959 0.904433
-0.907847 1.828988
1.025211 -2.883013
0.330224 0.671672
2.061940 1.582388
0.866220 -3.058566
-1.237681 -0.354608
-1.396881 -0.390050
-1.088614 1.719817
0.100439 -1.184102
-0.971348 1.694002
0.490342 0.937992
0.443981 0.603037
-1.729931 -3.130475
2.075188 -0.441405
-1.539411 -3.008372
0.395048 0.813008
-1.090210 -0.369408
0.380142 0.771231
0.509775 0.703240
-1.098979 -0.379374
2.216694 -0.502615
0.639632 0.839735
2.153494 1.577866
0.542226 0.950560
0.526774 2.692973
0.327835 -1.061035
2.269510 1.575940
-0.774327 1.672831
-1.152660 -0.513264
2.034045 -0.298451
-1.155643 -0.535334
-2.804595 1.093268
-0.834152 1.532665
0.429446 0.625759
-1.370209 -3.092406
0.413044 2.728863
-2.897781 1.204417
0.054080 -1.084470
-2.781965 1.203836
2.062037 1.667006
-0.854620 1.530486
2.225199 1.612894
0.346457 -1.002180
1.992157 1.645428
-1.053626 -0.163388
-1.233529 -0.412445
-0.900138 1.515889
0.345078 0.862032
0.411318 0.817980
0.549659 0.956714
0.363697 2.727688
0.577784 2.783634
-0.927381 1.771037
0.053568 -1.025690
1.843222 -0.586636
-1.198446 -0.375387
2.200787 1.579212
0.662016 -3.031803
0.506394 0.953928
-2.682766 1.067853
1.040069 -2.850870
0.296264 2.611417
-0.947379 1.584416
0.723849 0.737407
0.826446 -2.899562
-2.900533 1.028474
0.487520 2.770405
-1.025040 1.660584
-1.449978 -2.999402
0.894378 -2.668796
-3.002916 1.113571
-1.353878 -0.309080
0.659674 2.660753
-0.829321 1.806553
-0.759477 1.653667
2.198140 -0.428225
1.071417 -2.954573
1.916810 -0.555287
0.571844 0.885745
0.775576 -2.826290
-2.620042 1.029380
0.447422 0.754600
2.221275 1.670067
0.209165 -1.240512
0.309849 2.784283
-1.744526 -2.908271
1.872880 1.614034
0.554946 0.656916
0.233217 -1.048170
-2.769800 0.940547
0.459300 0.940971
0.568120 2.807400
-1.614008 -3.189839
-0.794582 1.705214
0.426557 0.764183
2.028486 1.823358
0.453100 0.855386
-1.570864 -3.015875
-1.773132 -3.063919
2.103449 -0.516353
-1.641457 -3.215447
-2.781791 0.917279
0.871909 -3.095726
0.420770 2.668537
-1.368466 -0.321875
0.386493 0.781211
0.335667 2.689262
-1.009969 1.751562
-0.860688 1.602908
0.627859 2.647398
-1.598407 -3.029354
-1.476711 -3.075469
0.421252 2.871144
-1.426415 -0.558100
0.895997 -2.797014
-0.994814 1.673455
0.629675 2.575368
1.882204 -0.468520
-1.665688 -3.157504
-0.833830 1.569721
0.596144 2.861389
0.925322 -2.963700
-1.033265 1.590250
-2.882897 1.253072
0.564196 2.827072
0.650032 -2.839055
0.951348 -2.669959
0.900733 -3.033432
0.844154 -2.881461
2.039326 1.506535
0.520266 0.707104
0.142396 -1.085347
-1.670238 -3.003833
-0.933353 1.536099
0.667836 2.718910
0.520563 2.581201
0.362518 2.595500
-1.317879 -0.478347
-1.276805 -0.303299
0.300810 0.792306
0.515965 0.834676
2.098917 -0.321514
0.422953 2.824251
1.892397 -0.413873
-1.125087 -0.257990
0.233448 -1.049104
0.669098 0.734488
-1.216549 -0.528161
-0.702037 1.663986
-0.748761 1.686737
1.953530 1.768763
-0.977157 1.828953
1.935646 -0.617917
1.820880 1.717118
-2.880564 1.086666
0.312166 2.734809
2.209093 1.576707
-1.047854 1.739980
-1.198622 -0.348475
0.321055 -1.094991
0.409455 2.704948
0.632969 2.639271
-1.180965 -0.319963
-1.422014 -3.098689
1.064175 -2.802349
2.091098 -0.481623
-1.506464 -3.054897
0.518963 2.632295
0.999420 -2.875834
-1.349715 -0.280439
0.517444 0.672290
1.761624 -0.609684
-1.372691 -3.011721
-1.017489 -0.264872
0.440595 0.733952
2.029160 -0.375830
-1.228150 -0.261820
-0.972383 1.590757
-1.641327 -2.946326
0.109794 -1.154969
0.618197 2.702142
0.146342 -0.987200
-1.556693 -3.197201
-1.485001 -3.230424
0.112596 -1.052447
0.551240 2.805731
2.103240 1.737596
-1.187966 -0.239147
-1.494134 -2.982401
0.482185 2.860117
0.630515 2.764895
2.033933 -0.488003
0.506718 2.596801
2.002545 -0.571476
2.082824 -0.379480
0.126482 -1.033839
0.105280 -1.168580
0.191482 -1.175059
1.859844 -0.409780
2.086295 1.529181
-2.756630 1.100424
-0.915493 1.840102
-1.485640 -0.471523
0.772232 -2.834585
0.679200 0.718248
1.973395 1.696392
0.367536 2.751016
1.994169 1.730749
-1.262542 -0.440134
-0.865553 1.600667
0.482511 2.839065
-1.316126 -0.540557
0.776792 -2.950720
1.054939 -2.922237
0.127703 -1.169114
0.451032 2.758321
-1.271480 -0.257419
-1.389254 -3.060887
-2.931547 1.072312
-1.286717 -0.386058
2.116613 -0.576832
-1.421832 -3.087404
1.980120 -0.593164
0.011241 -1.087194
-1.051685 1.603639
-1.220610 -0.308979
0.641178 2.585161
0.523642 2.744450
0.921294 -2.844555
-2.641689 0.943667
2.186478 -0.451818
0.953161 -2.980959
-2.934434 1.012275
-1.401338 -0.463873
-0.902730 1.796539
1.942265 1.730043
-0.968951 1.541600
-2.663123 1.087815
0.797215 -2.852970
0.476136 2.622388
1.984064 -0.531613
2.116669 -0.321693
-0.917440 1.842294
2.277560 1.626998
-0.816017 1.753542
2.065280 1.600032
0.897412 -2.773610
-1.670184 -3.109892
0.208222 -1.235894
2.094838 -0.588199
-1.236063 -0.353011
0.430001 2.685611
1.901089 -0.348328
-2.668128 0.936228
2.067518 1.482620
-2.902906 0.941939
-1.369116 -3.046370
2.029598 -0.576484
1.938964 1.512911
-1.661727 -3.088100
1.745316 -0.464854
-2.758245 1.095761
0.390565 0.786734
-2.868351 0.927901
0.734358 -2.892228
0.768140 -2.991632
1.939642 -0.459597
-1.087519 -0.577241
0.645732 -2.996361
2.238385 1.690145
-0.911259 1.551098
0.033711 -1.022888
0.677651 -2.878176
0.780202 -2.922978
1.994742 -0.396795
0.382304 2.754478
2.032190 1.628177
0.408281 0.872135
0.405131 2.529904
2.003080 -0.237949
1.921296 -0.460723
0.458910 2.752920
0.374308 2.695944
2.090762 -0.639594
1.938904 1.471573
-0.883241 1.614839
-2.699447 1.011904
-2.689401 1.039405
0.497117 0.656921
-0.768512 1.587980
-1.463469 -3.103298
0.079585 -0.883521
2.048626 -0.462038
2.038719 1.584208
0.250332 -0.959277
0.540931 2.516993
-2.915050 0.925642
0.244472 0.535071
1.944697 -0.579958
-2.623420 1.046880
2.152294 1.414201
-0.964548 1.862919
0.032704 -0.997825
2.059682 1.524095
-1.197061 -0.486752
2.092354 1.546194
1.812044 -0.443775
0.719116 -2.942662
-1.529497 -3.055867
-0.940741 1.654516
0.188559 -1.041854
-2.807911 0.901341
1.854484 1.550103
-2.782050 1.130541
0.336881 2.572188
1.919047 -0.317201
2.200670 -0.428485
1.913616 1.721435
0.043008 -1.066990
-1.555841 -3.174743
2.096668 -0.393057
2.004804 -0.609510
-2.645369 1.030693
-2.618783 1.006332
0.292820 2.728483
-0.927251 1.626420
-1.289259 -0.244815
0.291890 -0.901538
-0.941856 1.890304
-1.792467 -3.143027
0.480453 0.917946
-1.622950 -2.875623
0.512576 0.817753
-2.830947 1.112790
-2.650203 1.160688
2.107090 1.581679
-1.028493 1.782454
0.319156 2.762950
1.924546 -0.439513
-1.328211 -2.897385
0.860655 -2.973780
1.046015 -3.007030
2.204685 -0.205325
0.257643 -1.064968
-0.896991 1.559004
0.198473 -0.966316
1.943337 1.496127
0.309576 -1.117052
1.877634 1.541642
-0.960807 1.783920
1.816489 1.471640
-0.987013 1.617958
1.980872 1.488447
-1.091482 -0.459333
2.079854 1.444725
0.141319 -1.124837
1.011938 -2.695416
0.827499 -2.732461
0.767089 -3.033551
0.165671 -1.070807
-1.393675 -0.366805
1.034079 -2.901524
-1.631995 -3.066185
0.177725 -1.047297
-2.785401 1.108961
-1.166305 -0.349844
-2.664141 0.944806
2.022082 1.683709
-1.418916 -0.497887
-0.835105 1.701489
0.234469 -1.075363
-0.810193 1.665329
0.067833 -1.055105
0.363836 2.688331
-1.351273 -0.317542
-0.973529 1.669751
0.020541 -1.170346
1.969111 -0.536889
-0.075726 -1.101282
-1.543990 -2.922321
-1.680296 -3.076399
-2.649508 0.981764
-1.485898 -3.070959
2.101987 1.365019
0.863538 -2.870089
-2.709778 0.982969
-2.754903 1.049477
1.960247 -0.211623
1.976226 -0.270191
-1.337386 -0.507636
1.023575 -2.926016
-2.930334 1.074246
-2.866535 1.112575
0.688401 -2.864517
0.392867 2.386184
0.164053 -0.949457
-1.609432 -2.918950
0.553344 0.930170
0.626921 0.842279
0.636894 0.619734
-1.523566 -3.072593
0.381201 2.778164
0.913651 -2.961890
2.164846 -0.500759
1.741819 -0.414085
-1.622771 -3.193022
0.855543 -3.019184
2.058827 1.742761
-2.627744 1.046048
-1.382408 -0.393362
-0.744684 1.633321
0.780333 -2.940197
-0.009604 -1.077411
-2.866022 0.995725
-1.492398 -3.202273
-1.281606 -0.404460
2.119066 1.343763
0.635668 2.612978
2.076869 -0.290408
1.932609 1.510363
0.394255 0.768641
0.589389 2.763137
0.204766 -1.184194
0.967368 -2.844640
-0.918851 1.745380
1.921005 1.509100
-1.243511 -0.360752
0.505120 2.597188
-2.627452 1.118056
0.242770 -1.025390
-2.690115 0.887380
0.563734 0.620768
1.978334 1.494460
-0.976550 1.804290
-1.519851 -3.060745
0.527441 0.572235
0.463275 0.732184
1.826016 -0.482597
1.917571 -0.682425
2.168791 1.613111
-1.571603 -3.224940
0.535460 2.736029
-1.527760 -3.050246
-1.347034 -0.335573
-1.082355 -0.237839
2.078100 1.391370
0.764911 0.629870
-1.135788 -0.258509
-1.410770 -3.207054
2.021606 -0.527878
2.069759 1.529413
-2.823991 0.972947
0.815065 -2.776861
1.959233 -0.512704
0.258149 -1.047647
-0.975556 1.605566
0.977298 -2.924793
-1.391837 -0.363502
-0.788554 1.602759
0.693021 0.701177
-1.610788 -2.982057
-1.744320 -3.008374
0.950713 -2.813973
0.525440 0.949881
2.099997 1.634080
-1.307901 -0.285485
0.949476 -3.076708
-2.677995 0.888045
-0.891973 1.672665
-1.674693 -3.028187
-0.801569 1.492764
-1.656010 -3.115597
-2.717002 1.061790
-1.374394 -0.499234
2.075064 1.743760
-1.158935 -0.222114
0.712578 0.856272
0.276224 -1.109318
-2.765406 0.907606
2.090737 -0.249149
-1.725658 -2.936931
0.387786 2.774720
-0.801049 1.577271
-1.487093 -3.163934
0.585396 0.912978
1.990100 1.445938
2.119772 -0.494898
-2.605998 1.024041
-0.998143 1.580225
0.576023 2.623835
0.432753 2.640554
2.172808 1.508276
-2.927854 1.134605
0.470208 0.767183
1.935208 -0.484066
-1.636224 -2.954731
0.586345 2.675675
0.284738 -1.065411
2.231732 1.410968
0.555898 0.783446
-2.691378 1.056209
0.509859 -2.989618
1.927906 -0.274183
2.192552 1.650257
2.046148 1.539458
0.272304 -1.073560
1.936134 1.643219
0.906397 -2.734952
-2.876341 0.938917
0.139237 -1.280812
0.789235 -2.786044
0.961892 -2.923468
2.018656 -0.208966
2.125443 1.710206
-2.850690 0.862792
-2.694604 1.035865
-2.727116 0.920775
2.182839 1.525591
-1.696969 -2.905689
-1.667643 -3.150669
2.048038 1.540088
-2.830059 1.143045
2.153076 1.704638
0.029277 -1.116648
0.098170 -1.127124
-0.837741 1.431096
1.801458 -0.467732
0.884950 -2.909431
0.487804 0.914669
0.974375 -2.825277
-0.933142 1.821022
-1.635418 -3.118180
-0.991817 1.632950
0.422966 0.812148
0.919384 -2.966168
2.018037 1.807665
0.211720 -1.122411
-1.544130 -3.172268
-0.698803 1.815292
0.519012 2.717555
0.694535 2.668847
-2.571488 1.140587
-2.906559 0.999028
0.889683 -3.040906
-2.590294 1.049628
0.389463 2.653677
0.280304 -1.135653
0.924636 -2.780317
-1.590093 -3.166935
2.101753 -0.446481
-2.567627 1.027361
2.151792 -0.186583
2.039084 1.627626
-1.693822 -3.003722
-0.657058 0.288104
2.127446 1.526780
0.657798 2.562429
0.815929 -2.788267
0.637062 2.538040
0.302017 0.810422
-1.799805 -2.998776
-0.737396 1.657952
2.156461 1.572570
0.384374 2.757231
-1.276857 -0.333934
0.435259 0.864122
0.315737 2.664202
0.586399 0.893129
0.288087 -0.963454
-0.932467 1.627033
0.126447 -1.275982
0.519218 2.535306
-0.949883 1.768589
-1.423009 -3.213611
0.426483 2.750753
0.067390 -1.092335
-2.775495 1.140055
0.344219 0.667371
-2.600711 1.045941
1.030362 -2.991150
0.346908 -1.193783
1.922853 1.455355
0.341371 0.608136
0.455049 2.626322
0.893816 -2.880825
1.005102 -2.821368
2.004953 -0.600392
0.868229 -3.018998
-1.567934 -2.973577
-1.214709 -0.550236
0.627078 2.849929
-1.446492 -0.439253
-1.313413 -0.416324
0.418107 0.738424
1.923695 1.636193
2.145699 1.710419
1.917882 1.762907
-0.810987 1.941767
-2.893644 0.714820
0.953171 -2.889467
0.272007 -1.085035
0.440562 2.780641
0.082842 -1.084704
-1.117030 -0.437952
-1.623533 -2.899600
-2.665628 0.938229
-1.056049 1.748240
0.321546 2.761287
-1.546066 -3.079297
-0.795556 1.418902
-0.859515 1.696618
1.822778 -0.490571
0.516674 2.855826
0.247674 -1.247054
1.881015 -0.390270
-0.843382 1.698636
0.466607 0.614498
-1.365121 -0.484540
-0.969965 1.735656
-1.275365 -0.392124
2.051054 1.535833
0.510256 2.661793
-1.468016 -3.200509
0.930824 -2.877484
-1.677533 -2.922030
2.104801 -0.403074
0.539060 2.891055
0.034545 -0.926288
1.968138 1.402699
-0.774592 1.586396
0.955946 -2.975442
1.806820 -0.556626
-1.338267 -0.477356
2.067769 -0.469896
1.863203 -0.453910
0.112707 -1.070935
0.253026 -1.133959
1.084382 -2.813651
-2.724277 1.143514
-0.918845 1.807952
-2.842648 0.973073
-1.006228 1.654800
-0.902026 1.582008
-1.657342 -3.008826
-0.879744 1.726829
-0.999288 1.522735
2.083884 -0.170535
-2.914168 1.033972
1.120147 -2.972640
-2.784225 0.988016
1.913955 1.387044
0.454063 2.547554
0.523388 2.854177
0.536999 2.954005
0.865364 -2.957402
-1.738691 -3.056513
-2.657917 1.139339
2.008100 1.784409
-0.767629 1.462853
-1.275822 -0.270704
0.261319 -1.017348
-1.166648 -0.521258
-1.608287 -3.155644
-2.817026 0.921267
-1.326184 -0.474215
2.060472 1.411284
-0.013453 -1.143088
-0.058002 -1.057226
-1.295229 -0.533703
-0.885379 -3.054248
-0.058626 -0.980575
2.222239 1.544161
0.941879 -3.016340
-2.860009 0.987579
0.868988 -2.898569
1.858247 -0.502318
0.392910 0.816436
0.717511 2.752321
0.092810 -1.026060
1.890019 1.552275
0.786353 -2.895250
1.920349 1.578753
0.764463 -2.930934
-2.847704 1.101050
-2.885456 0.958397
1.999647 -0.623702
-1.673002 -2.950751
-2.750925 0.907081
2.120495 -0.532104
0.226961 -1.069012
0.994939 -2.632937
-1.485428 -3.197882
-1.318050 -0.496694
2.010711 1.369747
-0.825958 1.897912
-1.142841 -0.371155
0.016962 -0.936163
2.120740 1.351685
-1.529287 -2.985553
-2.793273 1.257276
1.976350 1.676992
-2.924458 0.924114
2.166539 1.658557
2.083997 1.471304
-2.701210 0.857157
1.810970 -0.521862
0.269004 -1.259149
0.290478 2.608506
-2.623878 1.147897
-2.749433 0.967674
0.978357 -2.938046
-1.224920 -0.208696
0.762830 -3.039887
-1.553322 -3.006246
0.720706 -2.852582
-0.848642 1.723562
1.947477 -0.463858
2.048183 1.492576
0.934760 -3.042817
0.748127 -3.000856
-2.772609 1.072887
-1.215034 -0.400744
1.973066 -0.649999
0.507792 0.912170
0.025208 -1.231102
2.108220 -0.562277
0.871804 -2.845274
-1.424561 -0.404775
1.894410 1.615399
-1.008732 1.629224
1.975346 -0.362923
-0.684991 1.727655
1.926565 -0.516573
1.027846 -2.916331
0.967878 -2.914735
1.920775 -0.434542
0.177239 -1.341794
0.929829 -2.896631
-0.822338 1.713300
-2.875254 0.985318
0.957109 -2.995008
2.056937 -0.585207
-1.559758 -2.965993
0.565778 0.728332
-1.185249 -0.431738
-1.467631 -2.920824
-2.800199 0.956507
-0.021929 -1.083044
-1.760411 -3.024079
0.913411 -3.108910
-1.334097 -3.031449
1.828134 1.451730
1.821791 1.498804
2.028008 -0.255010
-2.932881 0.938221
-1.785882 -3.020671
0.293578 -1.067201
0.916857 -2.920898
0.624239 2.726177
2.034745 -0.201256
2.181969 1.479988
1.998124 -0.461970
0.772816 -2.808114
-2.677068 0.979792
-1.650275 -2.962359
0.409867 0.625099
-0.841740 1.615576
0.973229 -2.950376
-1.447402 -0.381415
0.157414 -0.912004
0.008443 -0.994592
-1.497760 -0.459671
-0.828028 1.515330
1.986488 1.572837
2.101652 1.382035
0.848766 -2.819482
-2.890667 1.111128
-0.896187 1.640452
0.193260 -0.814546
-1.592195 -2.932528
0.127530 -1.044123
-2.792353 1.130092
-0.946986 1.731838
0.521006 2.527367
-1.294778 -0.512073
-0.022404 -1.176497
0.931750 -2.969797
0.901081 -3.004755
-1.491451 -3.121032
2.025784 1.531486
0.151641 -1.220792
0.234989 -1.199242
-2.591886 1.146010
-2.822753 1.070486
-1.120293 -0.311908
0.499730 0.743377
-2.950705 1.026053
0.578196 0.632640
2.099839 1.538557
0.564352 2.593639
-0.950049 1.629587
0.952941 -3.105773
-1.327158 -2.917674
1.953349 -0.317994
2.097654 -0.309965
-1.201524 -0.248740
-2.659291 0.972817
1.779148 1.456442
-0.931278 1.655280
-2.716333 1.109838
-2.691819 1.078049
1.962738 -0.612927
1.806746 1.673589
0.813081 -2.890053
1.892924 -0.389518
-0.927435 1.691656
-2.724746 1.138526
0.469457 0.617051
0.961134 -2.917913
-1.181984 -0.406235
-1.300833 -0.544020
-1.107633 -0.381320
0.454028 2.804433
-1.284105 -0.288427
2.064823 1.737815
-1.669697 -2.958472
0.498511 0.782984
1.844123 -0.397615
-1.261785 -0.369796
-1.402002 -3.146233
-0.842381 1.662726
-2.884944 1.118311
0.035649 -1.116673
0.635358 0.741980
0.536745 0.590456
0.493874 0.904187
0.747417 -2.817068
2.230309 1.594908
0.132605 -1.020749
-0.830974 1.640576
0.444779 2.833887
0.783272 -2.875689
1.991553 -0.178030
-1.133540 -0.463108
1.969253 1.477889
0.954128 -2.937640
0.471872 2.614802
-1.166841 -0.351341
1.968015 1.598635
-0.905809 1.526037
0.529983 2.752772
-1.004512 1.574884
1.969163 -0.446143
-1.537481 -2.940530
-0.922680 1.590771
-1.045169 -0.435169
0.504224 0.598723
-1.467894 -0.461097
0.352462 2.736319
0.075354 -1.036685
1.055529 -3.065956
-1.169029 -0.254438
0.558610 2.760581
0.244725 -1.199996
-1.456223 -3.175001
0.580694 0.760729
-2.876943 1.090350
0.272160 -0.935580
-1.445819 -3.120482
0.803912 -2.865082
2.031525 -0.669415
-1.712053 -2.978735
2.132107 1.404892
-0.868743 1.739625
0.773782 -2.976190
-2.676396 0.985035
-0.724364 1.535750
0.719483 -2.931453
-2.792543 1.153988
0.240826 -1.025570
0.897565 -2.882055
0.372294 0.809494
0.772936 -2.941935
2.197838 1.478215
1.916339 -0.463378
0.489895 0.744061
0.952788 -2.767276
-1.553918 -2.931794
2.011125 -0.602021
-2.479517 1.208523
0.556132 0.925592
-2.793763 1.161355
0.326857 0.903246
-1.499755 -3.022949
-1.080273 1.715971
0.348850 0.678538
-0.728489 1.641532
2.284343 1.529631
-2.816128 1.090498
1.029155 -3.031396
0.356734 2.662271
-2.595571 1.093814
0.620448 2.697694
-1.138784 -0.580058
0.916761 -2.830905
0.789562 -2.807172
-2.957474 1.086829
-1.349654 -0.528919
2.082351 1.735907
2.034418 1.371457
-0.144625 -1.072946
-0.946256 1.549955
1.940683 1.629159
0.356993 0.870856
1.886893 -0.440892
0.637237 0.752844
-0.897452 1.594277
-2.854141 1.133849
1.940373 1.667009
1.945291 1.509525
0.596636 0.861386
1.911552 1.689821
0.108302 -0.999148
1.022255 -3.098239
1.019603 -2.891758
1.817041 1.494332
0.953047 -2.997739
-1.118608 -0.408144
0.433940 2.615077
-0.959023 1.660821
-0.977646 1.715429
1.869659 1.571101
-1.454153 1.598569
0.498016 2.706148
0.510855 0.834747
0.613955 2.792034
0.383827 0.676600
-2.871516 1.142642
-0.767994 1.561191
-1.728245 -3.056208
2.046451 -0.387976
-1.363707 -3.070282
0.581183 2.910825
0.534443 0.934908
-1.240081 -0.369328
-0.874036 1.859862
0.831363 -2.998669
-1.305194 -0.306501
0.498173 2.632148
-1.295376 -0.547238
-1.373423 -0.433277
0.491452 2.573578
0.942577 -2.777030
1.906335 -0.305273
-2.757903 1.055182
-1.507463 -2.997356
0.513521 0.995744
0.421991 2.530208
-0.064686 -1.058689
0.239228 -1.158478
-0.899620 1.635280
1.876578 -0.510536
-1.414943 -3.126746
0.445608 2.547799
-1.325083 -0.333964
0.180296 -1.313155
-3.021826 1.102035
-2.838058 1.029895
2.132678 -0.233916
0.393681 0.736473
2.050889 -0.348314
0.388879 2.763308
-0.868002 1.724596
-0.849334 1.475988
-0.872097 1.568513
1.996984 1.493719
-0.876093 1.644805
0.505168 0.892737
0.562573 0.922512
0.294699 -1.105321
2.167080 1.630791
0.173078 -1.041596
1.976193 1.606694
-2.553035 1.144828
-2.901025 1.069400
0.181163 -0.996823
-2.677969 0.999321
-2.821839 1.066545
0.175980 -0.893576
-2.689043 0.955260
-0.968334 1.828319
0.251721 -0.945657
-1.539759 -2.990125
0.433099 2.547537
-0.705115 1.545475
2.157283 1.601544
0.054309 -1.008606
-1.606253 -2.933425
-0.931045 1.589229
0.047480 -0.976068
0.321148 -1.208110
-1.539029 -3.013282
0.162732 -0.975957
-1.448608 -0.386030
0.284172 2.502401
0.138893 -1.208300
0.099501 -1.088827
0.408362 2.828323
2.087795 1.759812
2.092037 1.688546
-1.562932 -3.111596
2.078168 1.446022
-1.660200 -3.173767
0.264069 -0.899095
-0.974051 1.826381
0.166937 -0.943688
0.599652 2.576848
0.981414 -2.962485
2.057244 1.526766
0.488892 0.714294
0.259325 0.928290
-0.925764 1.586003
-2.857739 1.278878
0.632428 0.809670
2.069499 -0.467682
-2.720658 1.163024
-0.893597 1.788252
2.006441 1.464620
0.514687 2.826355
0.598624 0.760276
-1.269945 -0.364968
-1.213542 -0.382978
-1.700028 -2.958322
0.537786 2.804178
0.840895 -3.206323
1.043516 -2.952834
-1.276996 -0.337538
0.438595 0.736037
0.661397 2.695981
0.478658 0.908376
-2.937819 0.961071
-1.316507 -0.235766
0.547914 0.847242
0.054433 -1.164817
-1.407911 -0.458348
0.922108 -2.859337
-1.529920 -3.095988
0.189273 -0.933566
-1.114853 -0.486026
0.239724 -1.100569
0.550180 0.794028
1.963746 -0.319967
-1.131272 -0.528237
0.987572 -2.921382
-0.840488 1.829708
-0.818395 1.756561
2.098710 -0.432076
-0.938608 1.852195
-1.310751 -0.409796
0.689312 -2.903108
2.139002 1.574085
2.188019 1.441068
0.558839 2.583820
0.744342 -3.087287
2.206027 1.559158
2.136107 -0.424214
2.057473 1.628123
0.481024 2.695847
-1.457437 -0.390239
-2.907930 1.129482
1.957423 1.418370
2.021984 -0.437817
0.540971 2.790394
2.128332 -0.419661
-1.326842 -0.513699
0.167778 -0.856426
-1.375247 -3.031583
0.566876 0.737714
2.069832 -0.330986
0.036414 -1.040700
-2.723069 0.955201
0.436056 0.882434
-1.138034 -0.384244
-1.226687 -0.377236
0.546162 0.936701
2.148204 1.649531
0.322673 2.716646
1.998517 -0.540522
0.289234 -1.048901
0.401646 2.640628
2.026954 -0.297645
-1.673905 -3.017037
-1.157537 -0.549883
2.182632 -0.433388
0.132130 -1.001741
0.532864 0.750225
-0.986002 1.744033
2.180096 1.692342
0.416146 0.686745
2.126073 1.496308
0.565198 0.992249
0.342153 2.732333
1.859778 -0.368413
2.096527 -0.577542
0.262695 -0.816964
-1.375001 -0.447341
-2.835348 0.859902
-2.710081 0.981797
1.911221 1.584996
-1.473688 -2.986649
-1.564637 -3.083058
-2.627702 1.139969
-2.983568 1.127813
-1.344804 -0.492964
0.550534 0.700007
0.949732 -3.009419
-1.022113 1.685126
0.315432 0.614868
0.876178 -3.114014
0.964044 -2.827765
0.819106 -2.721979
-0.853563 1.608960
-2.747771 0.854541
-0.791444 1.852489
-0.935939 1.764283
1.931205 1.530668
1.890140 -0.279055
0.806905 -2.998991
-1.628518 -2.988070
0.378229 2.753027
0.879789 -2.761911
-1.645742 -3.078026
1.921253 1.530123
-1.419462 -2.969757
2.001263 -0.518904
0.912788 -2.748353
-1.432742 -0.486427
2.057346 -0.719666
0.888971 -2.999577
1.958799 -0.362501
0.167639 -1.007062
0.697477 -2.877829
1.845990 -0.282290
0.742956 -2.957740
0.668014 2.587433
-1.156342 -0.400804
0.357289 -0.960640
-0.883769 1.700909
-1.216599 -0.359503
2.159374 1.469621
0.352184 0.618097
-1.259990 -0.385058
0.339292 2.874150
-2.974075 1.250992
-1.274569 -0.465311
0.438586 2.711285
0.237413 -0.944726
-1.266660 -0.389883
2.246744 -0.158843
-2.775320 0.839820
0.113032 -1.055460
2.075177 -0.426821
2.071941 1.406226
-1.119607 -0.335161
2.105498 -0.495809
1.063934 -2.882999
0.816853 -2.931906
-0.847338 1.571246
2.056926 1.614628
2.210125 1.552927
-1.701317 -2.890128
2.214632 1.547813
-1.216802 -0.230198
0.211754 -0.839491
-1.417026 -3.179767
1.764674 -0.392916
-1.719558 -3.206004
0.804142 -2.978514
0.808054 -2.721831
0.457651 0.769712
0.191366 -1.262828
1.984547 -0.330590
-1.358367 -0.288129
1.916756 -0.244004
-1.677644 -2.979684
-1.567116 -3.017061
-2.827942 1.102825
-0.992314 1.563146
-1.430639 -0.553833
0.461957 2.611773
-0.972835 1.816941
-1.606540 -3.193558
1.957996 1.622842
0.466873 0.615271
-1.213590 -0.446451
0.581247 0.744654
-1.356600 -0.453629
0.467867 0.852858
-2.915226 1.047618
-2.921033 1.080148
-2.873515 1.130604
0.492760 0.882987
-1.191689 -0.187962
0.343736 0.804544
-1.558527 -2.829707
0.146031 -1.138495
0.363417 -1.033296
0.340992 2.736524
2.027208 1.450158
-1.314479 -0.165041
1.032583 -2.875781
-2.885370 1.067317
2.000845 -0.538618
-1.644333 -2.934978
0.866977 -2.831496
0.347792 0.720059
0.752127 -3.069669
0.427082 2.593982
0.618865 0.942971
-1.501995 -3.126022
1.998989 -0.322808
-2.788884 1.049739
-1.457078 -0.337971
-1.607140 -3.084979
0.166790 -1.057219
0.597485 2.812364
-2.641958 0.997880
2.057452 -0.412974
-1.235755 -0.226483
0.323804 2.807656
-2.734875 1.030501
-1.591031 -3.061918
0.245198 -1.013100
-0.020128 -1.086857
-2.749303 0.972620
0.428628 2.740365
1.019733 -2.796088
-0.824110 1.684735
2.097368 -0.275705
-1.239357 -0.481054
1.969084 1.517368
0.637822 0.913312
0.283596 -0.984658
0.648040 2.514133
1.878778 1.580871
0.842685 -2.813564
-1.352952 -0.568133
-1.643216 -3.011851
1.997542 1.548703
2.066646 -0.353801
0.123004 -1.102879
-1.420263 -0.331199
0.413315 2.592046
2.081526 1.654024
0.418149 0.710099
-1.029189 1.591559
0.456936 2.622762
-2.957819 1.104498
2.089015 1.529612
-1.642672 -3.054782
0.626294 2.672734
-2.650644 1.106180
1.849185 -0.349017
0.794332 -2.948731
-1.209774 -0.418330
0.370963 0.715434
-0.707548 1.715627
0.211532 -1.215811
-0.897421 1.535445
2.056424 1.516134
-1.041198 1.618147
-1.420359 -0.321644
-1.570411 -3.112625
-1.339099 -0.337293
0.986462 -2.879630
0.237272 -1.065660
2.082309 1.658553
0.163496 -0.899341
0.904883 -3.087181
2.151785 1.602660
-1.439992 -3.025458
0.543650 0.751640
0.552445 2.788092
1.916385 -0.437053
-1.103942 -0.542261
-2.658308 0.979757
2.146099 1.622245
-0.704238 1.865588
0.627972 2.588428
0.547245 2.716586
1.830649 -0.268952
0.166635 -1.158934
-1.364397 -3.134744
-0.936957 1.449813
1.905216 -0.421143
0.568017 0.707889
0.548643 2.618213
2.124946 -0.469761
0.608830 0.794265
0.986145 -2.713209
0.484525 0.665988
0.257384 -1.034218
1.899202 -0.356431
-2.778404 1.048767
-2.833713 1.172023
2.058844 1.489457
-1.472732 -0.328296
1.900591 -0.417535
-1.380139 -3.120574
0.181881 -1.088949
-1.003744 1.730024
-0.832979 1.846129
0.520430 0.915354
2.097746 -0.378117
2.023309 1.527151
0.826773 -2.954785
-2.955266 1.098616
1.934400 -0.534131
0.395289 2.623042
1.987412 -0.424185
-1.343321 -0.551749
2.226477 -0.405038
2.050658 -0.361521
0.088264 -1.090336
-1.530117 1.475392
-1.570342 -3.208565
1.868982 1.685637
0.541339 2.635459
-2.677074 1.061546
0.583547 0.862434
-0.935808 1.757631
1.902722 -0.173474
1.937663 -0.330506
2.024564 -0.580455
-2.638394 1.043189
-1.467487 -3.175070
2.024356 -0.671888
-1.349651 -0.445969
-0.986993 1.763629
2.021000 1.527725
2.151542 1.499428
-0.924439 1.823766
0.462853 0.574177
-1.387670 -0.554505
0.434868 0.768199
0.534487 2.558690
-2.681876 0.897811
-0.845286 1.578297
-0.725394 1.581761
0.855880 -2.795052
1.733854 -0.424120
-1.103415 -0.551098
-2.604407 1.111547
2.074586 1.397526
0.216882 -1.100882
0.824641 -2.830339
0.815258 -3.092260
1.912179 -0.358872
1.849714 -0.478634
1.135575 -2.868956
-2.623167 1.039785
1.870417 -0.294773
0.026242 -0.961436
-2.893898 0.965910
-0.785481 1.752526
2.092699 -0.461614
-1.126028 -0.390688
1.827962 -0.543003
-1.036231 1.647080
-1.586715 -3.061306
-2.939729 1.114955
-1.685244 -3.012785
0.964984 -2.866943
0.140999 -1.188355
0.508272 0.683956
-2.725680 1.017262
1.988328 1.700112
-1.577442 -2.915488
2.096010 -0.196276
-2.626526 1.041713
-1.183446 -0.251341
0.390638 2.595858
0.433101 0.543864
-1.561864 -3.138086
2.031433 1.560525
0.415884 2.708028
-2.851281 1.076728
1.945375 1.749415
0.298019 -1.022349
0.578160 2.596816
0.227693 -1.046214
0.815020 -2.977990
2.055780 1.672559
0.393668 0.712153
0.672522 2.840736
0.462256 0.904474
-2.800629 1.120076
0.471963 2.664961
1.958183 1.642622
2.037580 -0.559600
0.492488 0.657283
1.909093 -0.596451
0.510047 0.979987
-2.907358 1.071305
-0.795561 1.877613
-2.734877 0.948415
2.021515 1.761302
0.141387 -0.987803
-2.623459 1.000199
-0.967625 1.672981
0.487383 2.519971
0.373086 -1.108035
2.045936 -0.358105
0.584047 0.779578
-1.624812 -3.075501
-0.748262 1.837879
0.755689 0.871632
2.019353 -0.312428
0.573224 2.892475
1.922380 1.640820
-2.561679 1.063628
0.615652 2.714549
2.203293 1.639594
0.605818 2.741035
0.530869 0.793821
-1.225327 -0.311402
-1.252718 -0.333800
-1.697492 -2.949120
1.024383 -3.044825
0.164244 -1.204499
0.554835 0.797691
2.038513 1.696474
0.189762 -0.936933
0.720660 -2.947644
0.578155 0.693916
-1.545502 -3.073755
-0.791918 1.664848
-2.862600 0.882372
1.891724 -0.374456
-1.539396 -3.224347
-1.670965 -2.966389
0.916086 -2.974593
-1.199312 -0.492460
-0.652208 1.802662
2.030262 1.353626
0.606589 0.669311
0.117568 -0.884988
0.506677 1.009045
2.024617 1.736853
0.502082 2.501951
2.068736 -0.393176
1.787484 1.412751
-0.725924 1.698078
0.430453 0.698760
-2.803734 0.906599
0.475102 2.553043
0.397582 0.942220
-2.665873 1.012761
0.439030 2.644109
0.676425 0.821793
0.480571 0.700194
0.477765 0.830507
-1.221718 -0.238007
2.092995 1.584731
0.234561 -1.200220
0.466890 2.860793
0.600520 2.860845
-2.755536 1.258122
-0.878204 1.844716
-2.765602 1.060876
1.931101 -0.601398
0.082121 -1.067533
1.965405 -0.460268
0.546189 0.684452
2.070222 1.559481
0.945063 -2.983289
0.312866 2.676972
0.833629 -2.822137
1.922877 -0.646374
-0.677501 1.659807
