4158 2
0.210254 1.124590
0.208573 1.022739
0.036685 0.755508
0.184267 1.090672
-0.079146 0.281945
0.225427 1.094349
0.283170 1.452290
0.204081 1.144124
0.139979 1.087909
-0.449681 -0.460721
0.322460 -0.925293
-0.107612 -0.708232
-0.137389 0.277865
0.080773 0.176110
-0.003129 0.208516
0.192341 -0.863464
-1.394141 1.093123
0.394712 1.162789
-0.101105 0.023454
0.006834 3.225329
-0.384271 -0.262737
0.229487 -0.407696
-0.554001 -0.515057
-0.427977 0.486753
0.664722 -0.354429
-0.641180 -0.605424
-0.416355 -0.327977
-0.278505 -0.779960
-0.387057 -0.382889
0.216600 -0.329960
-0.425586 -0.337118
-0.387491 -0.799395
-1.004306 0.416265
-0.094091 1.058082
-0.400330 -0.812068
-0.282836 -0.676963
0.471834 -0.469713
-0.478635 -0.795212
-0.410876 -0.357574
-0.392871 -0.363371
-0.707735 0.449853
-1.442088 -0.213985
1.125447 2.470896
-0.054977 0.787748
0.708847 -0.310691
0.098735 -0.477551
-0.406826 -0.375479
-0.847917 0.447056
-1.265293 0.225791
-1.276145 -0.049300
0.258700 -0.867149
-0.342413 -0.913678
-0.204859 -0.938677
-0.053169 -0.842387
-0.287507 -0.806016
0.028394 1.301968
-0.291299 -0.845723
-0.427622 -0.966459
-0.243830 -0.622391
-0.352133 -0.787775
-0.099057 -1.166786
-0.174072 -0.718843
-0.355750 -0.797278
-0.407030 -1.062286
-0.378233 -0.819538
-0.201450 -0.859837
1.760224 2.026503
-1.234890 -0.044630
-1.319474 1.050225
-1.325329 1.145223
-1.242045 0.039784
-1.330067 1.130354
-1.845002 0.643756
-1.446128 0.137923
-2.225506 1.475746
-1.333459 1.150095
-2.429332 1.581854
-1.911021 0.873533
-0.761791 0.761750
-1.339229 1.233866
-2.133698 1.379415
-1.546522 0.837634
-2.357976 1.566853
-2.339184 1.561897
-2.530283 1.560859
-1.131049 1.227119
-1.347784 1.155941
-1.312314 1.147563
-0.811954 1.008028
-1.253860 1.056247
-1.333682 1.057203
-1.482817 0.640494
-1.382342 0.631055
-1.472307 0.626706
-1.206821 0.536225
-1.325813 0.572186
-0.942495 0.901027
-1.451913 0.651404
-0.817840 0.957205
-1.688233 1.116779
-1.780085 0.555728
-1.663265 0.703374
-1.360764 0.466894
-1.729487 0.615591
-1.506745 0.619893
-1.696275 1.292787
-0.614552 0.102661
-0.670994 0.019554
-1.196213 0.014858
-1.241554 0.727251
-0.635382 0.112244
-0.079993 1.135671
-0.482494 0.188896
-0.640832 0.105572
-0.667709 0.080750
-0.709336 0.014873
-1.464710 -2.587646
-0.106340 0.306929
-0.621209 0.103436
-0.703861 0.275188
-0.410137 0.345489
-0.980597 0.585363
-0.368533 0.434336
-0.623188 0.086704
-0.600590 0.109821
-0.692285 -0.158546
0.601058 -1.373570
-0.254186 0.533809
-0.277766 0.742971
-0.631059 0.028462
-0.087343 0.164546
-0.615172 0.061919
-0.630974 0.062290
0.239991 -1.496877
-2.113522 -0.219560
-2.351860 -0.263236
-0.624542 0.087778
-0.447646 -0.243122
0.263367 -1.389639
-0.638481 0.164864
-0.625888 0.037140
0.330908 -0.224769
-0.613034 0.097142
-0.339457 -0.563986
-0.433333 -0.090151
-0.508779 -0.109221
-0.748299 0.061925
-0.704732 -0.315282
-0.308747 0.171448
-0.631566 -0.017627
-0.761000 -0.146052
-0.546272 -0.071087
-1.436585 0.649722
-0.742544 0.006293
-1.502624 0.709697
-0.684960 -0.085063
-0.783293 0.040053
-1.847046 0.844496
-1.235032 0.642758
-0.415817 0.036715
-0.630227 -0.114609
-0.610361 0.000003
-0.734111 0.018615
0.237000 -0.296028
-1.264590 0.567138
-0.856220 0.906027
-0.736897 0.929428
-1.090151 0.752006
-0.850624 0.857997
-1.211963 0.980542
-0.825167 0.957909
-0.817172 0.930667
-0.869084 0.893140
-0.817764 0.949428
-1.529124 0.193873
-0.824483 0.961809
-0.830975 0.942138
-0.879680 0.947255
-0.752232 1.031841
0.309448 0.992227
-1.081981 0.739696
-0.787396 0.946843
-0.638095 0.810325
-0.753507 1.026951
0.953390 -0.183507
1.042287 -0.503070
1.737767 -0.343129
0.946134 -0.083065
1.025313 -0.219764
0.232526 -0.264492
1.004494 0.327451
1.014415 -0.295184
0.869765 -0.155188
0.983066 -0.174880
0.900087 -0.271499
1.226181 -0.740734
1.017544 -0.228379
0.982130 -0.219668
0.998523 -0.187510
0.946125 -0.000858
0.908955 0.079689
1.071075 -0.160717
1.163552 -0.168510
1.023573 0.323911
0.981876 -0.144362
0.762865 0.519990
0.980118 -0.235017
0.924336 -0.514761
0.999693 -0.300069
0.328501 -0.434520
0.568891 -0.460452
-0.185208 -0.640718
0.347136 -0.586641
1.016502 0.513239
0.922088 0.049253
1.053487 -0.290158
1.015319 -0.276204
0.763319 -0.820507
1.033729 -0.389839
2.602096 -0.469419
-0.338118 -0.542057
1.035721 -0.349346
0.787429 -0.613953
0.691676 -0.461738
-0.004845 -0.271401
0.102311 -0.583207
0.750791 -0.312437
0.703795 -0.455718
0.339477 -0.741152
0.107542 -0.615089
0.317458 -0.375094
-1.225089 -1.309747
-1.145838 -1.202820
-1.215906 -1.304095
-1.136649 -1.178087
-1.143608 -1.230339
-1.220466 -1.266420
-1.064735 -1.113712
-1.455268 0.237289
-1.389780 0.355299
-1.505222 0.200480
-1.554620 0.210115
-1.202727 0.082828
-1.307950 0.004072
-1.165874 0.408266
-1.372736 0.418313
-1.509112 0.134144
-1.335452 0.337422
-1.590566 0.252050
-1.488072 0.013324
-1.321824 -0.012955
-1.405552 0.099824
-1.271629 0.467800
-1.527509 0.158165
-1.462539 -0.012419
-1.421726 0.114994
-1.282899 0.538107
-1.831120 0.726616
-1.860351 0.783139
-1.936063 0.692052
-1.757097 0.686872
-1.905957 0.645539
-1.899096 0.714127
-1.741926 0.729021
-1.810760 0.677689
-1.942342 0.673976
-1.971301 0.722508
-1.857941 0.756820
-1.823767 0.836496
-1.944771 0.646895
-1.992600 0.780652
-1.922181 0.693156
-1.952796 0.701853
-1.801688 0.770868
-1.858351 0.727513
-1.888465 0.734073
-1.878213 0.753529
-1.681737 0.776356
-1.784030 0.774128
-0.773176 1.348317
-1.861010 0.832392
-1.878726 0.765531
-1.885060 0.697052
-1.754439 0.753713
-1.860072 0.619997
0.188581 0.451458
-1.698424 0.708836
-1.859735 0.763923
-1.906553 0.690003
-1.801350 0.718107
-1.898029 0.691330
-1.904819 0.706125
-1.981501 0.716454
-1.842545 0.533230
-1.829309 0.805011
-1.908794 0.684739
1.077236 0.114480
-1.890264 0.745825
-1.864302 0.652632
-1.779608 0.728705
-1.810644 0.766505
-2.022930 0.656816
-1.364698 0.315398
-1.486347 0.129259
-1.333362 -0.047260
-1.589321 0.166297
-1.353702 0.249119
-1.499231 0.127295
-1.090942 0.390522
-1.569339 0.297574
-1.562226 0.158683
-1.420092 0.105195
-1.521393 0.126012
-0.834515 -0.012731
-1.611760 0.172441
-1.736716 0.373397
-1.460441 -0.189844
-1.530646 -0.054658
-1.366420 -0.398826
-1.350251 -0.349883
-1.155486 -0.474017
-1.530199 0.035942
-1.055419 0.147787
-1.315953 -0.065659
-1.560819 0.017875
-1.353303 -0.013769
-1.278526 0.098931
-1.334642 0.162053
-1.482834 0.113399
-0.185659 0.271109
-1.372593 0.133371
0.066563 0.150381
-1.616404 -0.083391
-0.221070 -0.418166
-1.639552 -0.075696
-1.422814 0.190384
-1.643710 -0.096778
-1.612168 -0.068938
-1.618981 -0.051886
-1.892332 0.217580
-1.622980 -0.087929
-1.563917 -0.253065
-0.117114 -0.407223
0.073818 -0.716245
-1.227526 -0.634575
-1.637332 -0.099153
-1.504117 0.078913
0.603789 -0.020204
0.896548 -0.036529
0.561893 -0.064437
0.392731 -0.642069
0.791961 0.079459
0.580091 -0.008638
0.724908 -0.241649
0.483668 0.113328
0.562104 -0.065123
0.365321 -0.011759
0.492486 0.005607
1.148316 1.113875
0.730151 0.153536
0.772916 0.091679
1.575585 -0.168897
0.677026 0.190490
0.512001 -0.860467
0.790650 -0.119764
0.813896 0.130215
0.787578 0.451688
0.522584 0.358936
1.486912 -0.008166
1.084825 0.279515
0.639580 -0.166567
1.471568 0.236958
0.738119 0.593079
1.168038 0.068105
0.021155 -0.849539
-0.320463 -0.076871
-1.551218 1.122882
-1.571394 1.257500
-1.504338 0.831930
-1.616768 1.264048
-1.523091 1.185659
-1.538072 1.224278
0.123496 -1.047102
0.068785 -1.058644
0.112809 -0.985802
0.084386 -0.933780
0.128972 -0.949220
0.097577 -1.035216
0.290441 -0.904776
0.343477 -1.212485
0.347700 -0.824028
0.364263 -0.798620
0.511892 -1.017388
0.350016 -1.026910
0.630129 -0.461884
0.225498 -0.791276
0.126577 -0.986021
0.343399 -0.932784
0.120107 -0.979289
0.328214 -0.859278
0.437145 -1.083099
0.342712 -0.832952
0.352240 -1.021151
0.319230 -1.015915
0.319074 -0.651295
0.128627 -0.853924
0.219264 -0.736961
0.118266 -0.946942
0.213391 -0.752203
0.114993 -0.986965
-0.753835 -0.213740
0.232586 -0.964895
0.120420 -0.939696
0.196810 -0.960915
1.139416 0.185544
1.055783 0.136530
1.211316 0.037074
1.124433 0.292506
1.159169 0.198497
0.766855 0.021348
1.169766 0.176493
1.190119 0.138665
1.069947 0.127252
0.463382 -0.072562
1.155154 0.168855
1.148992 0.070356
0.930674 0.092710
1.182276 0.055407
0.848942 0.788376
1.177499 0.145117
1.166836 0.138627
-1.222395 -0.353263
-1.855082 -0.648121
-1.099096 0.804025
-0.925251 -0.253332
-1.881404 -0.667506
-1.754982 -0.589878
-0.951269 -0.275625
-1.386149 -0.407169
-1.406090 -0.427959
-1.411459 -0.439479
-1.830754 -0.642828
-1.907098 -0.680439
-1.932329 -0.700420
1.766199 0.606138
1.673905 0.650288
1.768433 0.628847
1.706148 0.557165
1.742813 0.631867
1.680608 0.642897
1.721156 0.604868
1.755462 0.677727
1.398813 0.599774
1.692208 0.530978
1.587408 0.655473
1.671481 0.636413
1.672891 0.655601
1.559607 0.630113
1.655017 0.667679
1.553249 0.656768
1.555737 0.655639
1.584900 0.679039
1.700944 0.546002
1.680891 0.588274
1.726151 0.553820
1.375673 0.586013
1.687982 0.591392
1.522884 0.626814
1.389354 0.885590
1.623660 0.658374
1.900638 0.720285
1.716518 0.641467
1.739318 0.672185
1.707669 0.549923
1.622724 0.447771
1.555802 -0.587032
1.642411 -0.205825
1.648030 0.721887
-0.718967 -0.050449
-0.719839 -0.074465
-0.631148 -0.138762
-0.667872 -0.109141
-0.679105 -0.648417
-0.631008 -0.039690
-0.632145 -0.113802
-0.352617 -0.137223
-0.658056 0.334534
-1.088750 0.975067
-1.060163 0.329194
-0.873634 0.085130
-1.277217 -0.085481
-0.993059 0.188851
-1.271095 -0.069132
0.599103 0.664237
-1.277668 -0.132898
-1.394102 0.671093
-1.303603 -0.067463
-1.287087 -0.097366
0.214439 -0.830308
-0.031489 0.915136
-0.829533 0.019525
-1.312990 -0.087366
-1.277027 -0.039684
-1.307636 -0.098604
-0.381162 0.326176
-2.382179 1.637319
-1.287230 -0.064717
-1.114595 0.609352
-0.659519 0.512034
0.472517 -0.374069
0.302714 -0.352895
-1.271978 0.001972
-1.024026 -0.856137
-0.844880 -0.102841
-1.036973 0.597565
-0.758247 -0.224664
-1.336060 0.438279
-1.084556 0.200506
-2.280914 5.686076
-1.418461 0.688062
-1.542804 0.646525
-1.421283 0.831752
-1.504840 0.477604
-1.510108 0.695533
-1.735707 0.721107
-1.607750 0.878779
-1.504894 0.733217
-1.508971 0.698205
-1.404452 0.813133
-1.635636 0.616958
-1.510687 0.676614
-1.320541 0.751662
-1.784384 0.625996
0.074824 0.547208
-1.481887 0.761070
-1.776343 0.727102
-1.293043 0.761105
-1.519759 0.701036
0.853182 0.216756
-1.365009 1.245905
-1.475850 0.855960
-1.573855 0.855160
-1.460394 0.690819
-1.380383 0.811252
-1.716669 0.699277
-1.603942 0.407308
-1.683975 0.725998
-1.496971 0.698264
-1.566902 0.494970
-1.956408 0.337528
-1.937729 0.314751
-1.697289 0.515873
-1.894024 0.448657
-1.138753 -0.548104
-1.930455 0.374331
-1.518215 0.432228
-1.902748 0.293559
-1.952874 0.340776
-1.948286 0.380248
-1.900748 0.286800
-1.472923 0.766746
-0.751882 -0.231212
-0.861510 -0.328211
-0.215936 -0.740393
-0.445181 -0.566516
-0.102765 -0.709884
-0.255554 -0.294221
-0.103751 -0.758382
-0.167661 -0.777604
-0.122603 -0.775115
-0.124166 -0.827631
-0.098062 -0.773887
-1.056169 -0.912133
0.524289 0.118835
-0.154701 -0.714492
-0.058214 -0.775054
0.122038 -1.277645
0.071785 -0.831894
-0.339856 -0.505166
-0.105533 -0.737018
-0.087302 -0.770460
0.606329 -1.365928
0.620053 -1.364411
0.617277 -1.326599
0.628181 -1.395318
0.617212 -1.385307
0.618876 -1.381987
0.637578 -1.405822
0.073356 1.367426
-0.118461 1.075767
-0.034887 1.244665
0.045588 1.302153
0.070475 1.424969
0.144298 1.513988
-1.248348 1.065959
-1.173775 1.070925
-1.225706 1.040939
-1.337741 0.992913
-1.335305 0.991469
-1.394407 0.928880
-1.291547 1.035238
-0.752438 1.194843
-1.192948 1.145304
-1.238984 1.058305
-1.960721 0.954307
-1.281308 0.853716
-1.591488 0.783467
-1.328626 0.911706
-1.484468 0.626716
-1.899805 0.904932
-1.845351 0.915158
-1.347300 0.911792
-1.417032 0.893731
-1.403103 0.875939
-1.379099 0.563247
-0.560815 1.216918
-0.976111 0.083469
-1.746748 0.864002
-1.624827 0.737814
0.803934 -0.472936
0.736048 -0.433196
0.802819 -0.463455
0.821226 -0.445135
2.691883 -0.489853
0.496111 -0.367365
0.587837 -0.398801
0.910646 -0.730636
1.136920 -0.353651
-0.594473 0.158240
0.714845 -0.486358
0.768451 -0.573411
-0.374925 -0.011997
-0.273937 0.039994
-0.361849 0.241829
-0.381297 -0.083249
-0.532553 -0.056487
-0.687104 -1.072718
-0.719348 -1.101771
-0.638175 -1.079798
-0.670534 -1.106007
-0.413530 -1.345228
-0.657081 -1.112377
-0.699078 -1.081665
-0.712633 -1.075336
-0.764265 -0.806127
-0.351982 -1.080936
-0.322328 -1.187425
-1.188611 -2.059424
-0.525744 -1.519106
-0.718775 -1.751266
0.451581 -1.145221
-0.409130 -1.395272
-0.273610 -1.378785
-0.432225 -1.433398
-0.400776 -1.010054
-0.613173 -1.551477
1.072368 -1.452979
1.155150 0.520140
-1.240712 -0.351034
-1.198178 -0.335058
1.158153 0.630585
1.806717 0.068374
1.184044 0.625092
-1.270244 0.573143
-1.016741 0.602643
-1.394334 0.906751
-1.336191 -1.745950
-1.375383 -0.023592
-1.364193 0.503627
-1.344313 -2.249876
-1.190394 0.036721
-1.341734 -1.741590
-1.375133 -0.285418
-1.221447 0.009848
0.015068 0.483133
-0.342183 0.237613
1.384464 -0.587733
0.914176 -0.378665
1.690454 3.057517
1.036556 -0.218121
0.740474 -0.406749
0.751563 -0.155201
0.640474 -0.348866
0.289103 0.435403
0.803317 -0.266997
0.725935 -0.306589
0.673511 -0.213408
0.682345 -0.151791
1.016630 3.002752
0.748651 -0.650538
1.135637 -1.002280
0.567315 -0.689048
0.709102 -0.437403
-0.172366 -0.743947
-0.175355 -0.749906
-0.199445 -0.719049
-0.909815 -0.490841
1.607570 -0.247223
-0.263024 -1.097932
-0.210308 -0.765642
-0.137116 -0.705470
0.281374 -0.770767
-0.243629 -0.930337
-0.030603 -0.372506
-0.174747 -0.328689
-0.318235 -1.217150
-0.296013 -1.192847
-0.286887 -1.159000
0.645427 -2.134494
0.653820 -2.167638
0.656634 -2.145833
0.648239 -2.161531
0.664127 -2.184257
0.701753 -2.209240
0.630777 -2.137201
0.482870 -1.278548
0.661268 -2.156159
0.645440 -2.149671
0.864358 -2.230506
0.688806 -2.208254
1.060791 -0.049378
0.666947 -2.172714
0.911442 -2.283866
0.659186 -2.264625
-2.004400 0.715511
-2.072106 0.642497
-1.311686 0.231902
-1.249430 0.183624
-1.392289 -0.079652
0.135176 0.991301
0.068656 0.994069
-0.047585 0.985253
-0.464301 1.110794
-0.296813 0.544052
-0.022540 0.196601
0.137722 1.002038
-0.035187 0.913001
1.039215 1.007233
0.178598 0.940537
0.002849 0.970641
0.055088 1.006690
0.960059 0.946184
-0.310467 0.806188
0.169375 0.928791
-0.025189 0.931573
-0.090957 0.973366
-0.284556 0.294964
-0.200473 0.358788
-0.166995 0.374433
-0.274330 0.370842
-0.223468 0.375889
-0.198400 0.383177
-0.237743 0.592446
-0.245131 0.371522
-0.223512 0.394474
-0.206403 0.320068
-0.139590 0.188202
-0.330706 0.207027
-0.158402 0.392716
-0.266194 0.318928
-0.206781 0.374711
-0.160629 0.352080
-0.954535 -1.764910
0.852834 -2.120064
-0.926365 -1.844368
0.900368 -2.199396
-0.953537 -1.805979
-0.954516 -1.801656
-0.936585 -1.836196
-0.942565 -1.835223
-0.923051 -1.843033
-0.942487 -1.814133
-1.228270 -1.435489
-0.928764 -1.833162
-0.944420 -1.819706
-1.147626 -1.480819
1.763312 -0.246798
1.823209 -0.285751
2.669053 -0.427476
0.588032 0.051962
1.396718 -0.117988
2.713039 -0.447788
1.871462 -0.304844
0.618870 0.180084
-0.329692 0.078842
0.045327 0.034263
-0.091748 0.195584
-0.082702 0.127866
1.152600 0.142614
-0.018810 -0.119909
-0.135318 0.168180
-0.030381 -0.096987
-1.005637 0.488476
-1.166169 0.713487
-1.143075 0.616241
1.309031 -0.245676
-1.054692 0.453174
1.872615 0.278828
1.906122 0.229337
1.910284 0.256068
1.937370 0.230787
1.913858 0.224333
1.896845 0.234004
1.830068 0.428718
1.920585 0.237621
1.952919 0.226155
0.721493 -0.464155
0.716738 -0.382188
0.760265 -0.477437
0.706679 -0.784974
0.779147 -0.570270
0.711525 -0.508731
-0.108876 -0.481976
0.168134 -0.438189
0.420983 0.058319
0.312632 -0.385446
0.400899 -0.240841
-0.407638 -0.885656
-0.423668 -0.849642
-0.362973 -0.521378
-0.409809 -1.016940
-0.465067 -0.941940
-0.392786 -0.723100
-0.373346 -0.673434
-0.386642 -1.053048
-0.423826 -0.926871
-0.401133 -1.032642
-0.361531 -1.218825
1.078960 0.873257
0.733134 0.972923
1.052851 0.814463
0.743719 0.973125
-1.305050 0.846285
-1.533562 0.859462
-0.476936 0.019482
-0.422460 0.101575
-0.550926 0.093294
-0.699128 0.588259
-0.260727 -0.160766
-0.323026 -0.152477
-0.394549 -0.044422
-0.653214 0.414934
-0.298741 -0.140687
-0.296177 -0.201275
0.780979 -0.766887
0.959671 -0.873345
0.862937 -0.795511
-0.276687 -0.138321
-0.511769 0.374569
-0.477903 -0.001041
-0.704548 0.296350
-0.569028 0.078113
-0.640652 0.131542
0.297577 -0.835595
-0.291075 -0.665246
-0.197503 -0.597784
-0.346146 -0.905777
-0.565199 -0.364548
-0.246924 -0.735188
-0.385907 0.225122
-0.806467 0.022051
-1.886384 1.324338
-1.608419 1.125590
-1.818562 1.240181
-1.143666 -1.062652
-1.166230 -1.062351
-1.102440 -0.998877
-1.194597 -1.090357
-1.214885 -1.103270
-1.113587 -0.900194
-1.086133 -1.044455
-1.031459 -1.065090
-1.055099 -1.062930
-0.949719 -0.993679
-1.262478 -0.729851
-1.096451 -0.998461
-1.144501 -1.023398
-2.705504 -1.171188
-2.691146 -1.129783
-2.709980 -1.174552
-2.710100 -1.172596
-2.702991 -1.157955
-2.698367 -1.158731
-2.555631 -0.851810
-1.047280 0.470597
-0.739146 0.278300
-1.041374 0.521643
-0.753662 0.286037
0.848398 -1.174718
0.987857 -0.953699
0.844747 -1.187003
0.452002 -1.279230
0.895915 -1.248412
0.949256 -1.435977
0.873431 -1.316246
1.009443 -1.105737
0.468229 -1.336878
0.980202 -0.971660
0.932370 -0.936868
0.871478 -1.238548
1.293832 -1.020839
0.857063 -0.878836
0.744424 -0.942816
0.874753 -0.870324
0.789896 -0.587007
0.868856 -1.090947
1.041105 -0.910880
0.881377 -0.913692
1.215019 -0.967959
0.660791 -0.850044
0.509014 -0.827362
0.314080 -1.035361
0.528471 -0.845415
0.294356 -0.640315
0.801235 -1.451494
0.401477 -0.925319
0.445102 -0.883248
0.431281 -0.895342
0.543725 -0.915521
0.565432 -0.905594
0.627888 -0.672686
0.382195 -0.888411
0.537769 -1.054208
0.541274 -0.899516
0.499999 -0.867653
0.362553 -0.933866
0.300396 -1.026797
-0.552776 -0.771607
0.254776 0.185510
0.502372 -0.441844
-0.016937 -0.400450
0.742336 1.386661
-0.143590 -0.829822
-0.125751 -0.869570
-1.068738 -0.824544
0.002648 -0.944877
-0.119759 -0.903226
-0.069226 -0.898574
-0.132939 -0.811137
-1.098660 -0.782829
-0.002247 -1.570753
-0.069466 -0.598638
-0.187087 -0.791263
-0.117991 -0.337712
1.029002 0.987345
1.230663 1.273270
0.949432 0.987894
1.035189 0.852939
1.175595 0.914457
1.049960 0.996338
0.966835 0.919988
1.028355 1.007660
1.034696 0.988940
0.727743 0.944706
1.049108 0.939692
0.998091 1.025440
0.975121 0.985447
1.019314 0.995620
1.052519 0.958297
0.840257 0.945579
0.692632 0.945782
0.783684 0.962494
0.822170 0.917207
0.600075 0.956182
0.653012 0.792528
0.566503 0.969833
0.594133 0.938656
0.662922 0.943164
0.674942 0.496613
0.785180 0.847026
0.651304 0.906046
0.522040 0.992281
0.560694 0.986995
-0.755010 0.582176
0.531586 0.977998
0.118125 1.084886
-0.492340 1.311750
1.005968 -2.561991
-0.580738 0.914684
-0.393231 0.469157
-0.372228 0.461257
-0.333978 0.437064
-0.328909 0.424969
-0.379542 0.483105
-0.688213 1.637075
-0.395819 0.415849
0.842083 -0.177549
-0.337449 0.524241
-0.343758 0.502384
-0.322797 0.528542
-0.415533 0.327009
-0.370725 0.387627
-0.290510 0.547612
0.855516 -0.134036
1.476882 -0.389701
1.113034 -0.286269
0.175882 -0.242477
0.837340 -0.108813
1.220692 -0.348561
0.851667 -0.216871
0.826691 -0.183831
0.928197 -0.193868
0.772955 0.000694
1.650021 -0.285542
1.481657 -0.469818
1.428243 -0.485769
1.679087 -0.276908
1.437868 -0.370342
1.672895 -0.680849
1.845757 -0.448641
1.578522 -0.397805
0.777681 0.046872
1.440594 -0.335823
1.681442 -0.251929
0.315322 0.483428
0.426161 0.559168
-0.423333 -0.638964
0.149030 0.087470
0.391246 0.566224
0.389601 0.559402
0.343876 0.478888
-0.025679 1.151988
0.446267 0.274943
0.529235 0.582747
-1.065776 -0.629938
0.507183 0.492895
0.341179 0.492158
-0.384131 -1.250981
-0.237365 -1.108754
-0.380087 -1.239272
-0.392851 -1.284126
-0.361047 -1.226519
-0.372919 -1.252081
-0.380156 -1.256274
0.014571 1.147704
-0.270005 0.296354
-0.375972 0.228242
0.117624 1.366191
-0.250845 0.304792
-0.268445 0.320489
-0.315291 0.320337
0.080052 1.564744
1.260880 -0.320410
1.232935 -0.485980
1.181015 -0.289183
0.351613 -0.664823
0.596467 0.019205
0.653535 -0.408358
-0.393021 -1.019296
-0.337386 -0.923681
-0.329604 -0.798931
-0.515636 0.996060
-0.536914 1.130873
-0.836511 1.186202
-0.239793 0.056885
-0.486785 1.120174
-0.695456 1.266991
-0.702841 1.256073
-0.451569 1.073995
-0.705149 1.363943
-0.408978 1.992527
-0.080451 0.996434
-0.520183 1.134707
-0.572395 1.174175
-1.294215 -2.151324
-0.756794 0.965549
-0.454843 1.081709
0.056315 0.551282
-0.728001 1.253254
-0.506575 1.067957
-0.886801 0.903120
-0.635805 0.977475
-0.655499 0.990250
-0.523795 0.977385
0.413895 0.449815
0.028452 0.444722
0.332730 0.336698
0.379470 0.375694
0.098902 0.537041
0.102693 0.526573
0.219912 0.685281
0.308895 0.468809
0.113072 0.477438
0.154514 0.463702
0.091218 0.611356
0.178255 0.480000
-0.668583 -1.053589
-0.697027 -1.110879
0.177078 1.598774
0.092919 1.650352
0.093904 1.603743
0.012604 1.610768
-0.004883 1.839170
0.124063 1.567232
0.048172 1.622786
0.169383 1.541174
0.443042 1.112273
0.050451 1.611714
0.024327 1.609550
-0.060414 1.701820
-1.223767 1.325564
-1.240479 1.353853
0.687397 0.604343
0.691162 0.584130
0.679951 0.562212
0.693979 0.191655
0.703068 0.571988
0.749036 0.692933
0.663197 0.556721
0.689231 0.614894
0.711759 0.569958
0.621075 0.602270
0.690186 0.555670
0.658688 0.592118
0.703563 0.583361
0.626550 0.653308
0.716126 0.633822
1.017665 0.497817
0.727116 0.114725
0.758658 -0.267326
-0.235726 1.434652
0.900376 0.758625
0.941250 0.781899
-0.455257 -0.542978
-0.459889 -0.594662
-0.442652 -0.590120
-0.440819 -0.581704
-0.437364 -0.576736
-0.461112 -0.566812
-0.986513 -0.653028
-0.477482 -0.502369
-0.462242 -0.477306
-0.400124 -0.584914
-1.829090 -0.368221
-1.817263 -0.311690
-1.868270 -0.394610
-1.977655 -0.410931
-1.830191 -0.350520
-2.089220 -0.500736
-2.016232 -0.457746
-2.459285 -0.276631
-2.484046 -0.310028
-2.435552 -0.240936
-2.471271 -0.283776
-2.443305 -0.206795
-2.448536 -0.197944
-2.500404 -0.305659
-2.412310 -0.268978
-2.467458 -0.472276
-2.514230 -0.311505
-2.617818 -0.265620
-2.596025 -0.273708
-2.503205 -0.258602
-1.014501 1.845454
-2.595531 -0.274687
-2.490898 -0.317288
0.288887 0.358824
0.151436 0.353891
0.314900 0.358685
0.291559 0.364429
0.420191 0.315844
0.311645 0.362399
0.380155 0.328527
0.839844 0.405025
0.538958 0.335226
-1.357417 0.645989
0.147572 -0.764340
0.948116 -0.278210
0.277944 0.380378
0.228571 0.423474
0.224857 0.363390
0.143610 0.353479
0.381889 0.375435
0.347694 0.388034
0.437797 0.267491
0.324302 0.380434
0.314447 0.330614
-0.280255 0.501147
1.314914 -1.502084
1.193003 -1.378590
1.257777 -1.438539
1.389251 -1.597290
1.187324 -1.332722
1.097314 -1.342617
1.155635 -1.346301
1.195892 -1.365215
2.136695 -1.711509
2.067036 -1.602907
2.176860 -1.781344
2.081109 -1.653815
2.095078 -1.641371
2.086007 -1.656491
1.639360 0.317881
1.762033 0.333381
1.655223 0.310149
1.294354 0.341379
1.657559 0.314400
1.612693 0.304999
1.709941 0.312874
1.652973 0.317419
1.692569 0.315642
1.822605 0.353490
1.807758 0.340598
1.339912 1.241369
1.410244 1.078605
1.373875 1.230280
1.272041 1.074467
1.278351 1.236901
1.252975 2.571338
1.208367 1.269827
1.297196 1.193330
1.354871 1.227792
1.327102 1.168606
1.291759 1.272255
1.390265 1.261856
1.238273 1.065575
1.349932 1.210300
-0.385795 1.638381
-0.401547 2.090489
-0.321087 1.590796
-0.435984 1.359215
-0.357036 1.695847
-0.360783 1.723282
-0.499936 1.606057
-0.386770 1.694594
-0.383284 1.868518
-0.372093 1.743722
-0.314842 1.572589
-0.378571 1.597379
0.027819 0.427979
-0.006857 0.428401
-0.076597 0.263027
0.715790 0.879578
0.002585 0.433520
-0.038860 0.405374
-0.075656 0.286645
0.719951 -1.275496
0.696318 -1.224195
2.743589 -0.474476
2.739440 -0.489091
2.747297 -0.500400
2.758800 -0.468763
2.720554 -0.506594
2.801106 -0.534557
2.688795 -0.443389
2.785286 -0.479610
2.744292 -0.518992
2.699038 -0.437148
2.746151 -0.464636
2.766274 -0.439713
2.743987 -0.491508
2.765507 -0.512828
2.745835 -0.499901
2.745984 -0.464977
2.718619 -0.429827
2.768105 -0.424582
2.738306 -0.533021
2.785751 -0.451963
2.778335 -0.486681
2.590086 -0.461352
2.720679 -0.415176
2.783295 -0.428475
2.881555 -0.366135
2.765608 -0.485739
2.795620 -0.464540
2.707283 -0.482084
2.654561 -0.528397
2.715271 -0.532326
2.696985 -0.513113
2.722523 -0.436545
2.728287 -0.444002
2.721037 -0.470686
2.423501 -0.424762
2.729075 -0.481017
2.628166 -0.619561
2.699841 -0.405166
2.724876 -0.399060
2.317999 -0.427821
2.699098 -0.406721
-0.537917 -0.340523
-0.566356 -0.327247
-0.566536 -0.317009
1.365985 0.954831
1.388998 0.985691
1.398497 0.966755
1.373760 0.966428
1.395309 0.986085
0.745957 -0.218794
1.845826 0.194743
1.044109 0.077916
0.508545 -0.703972
0.897639 0.037011
0.445913 -0.684535
0.433596 -0.661236
0.662557 -0.744489
0.440835 -0.700064
0.485373 -0.840150
0.506326 -0.790853
-0.420909 2.176642
-0.514552 2.056952
-0.395677 2.132855
-0.456923 2.102193
-0.406388 2.150018
-0.421557 2.060926
-0.411350 2.173770
-0.410907 2.122340
-0.401137 2.202424
-0.423533 2.107638
-0.416352 2.191592
-0.420460 2.096618
-0.412115 2.165539
-0.306054 1.981562
-0.415660 2.091961
-0.399467 2.135524
-0.411492 2.138360
-0.416074 2.120451
-0.419617 2.122888
-0.284188 1.921092
-0.437966 2.219396
-0.420884 2.089171
-0.411948 2.147540
-0.412295 2.177389
-0.421754 2.182636
-0.558285 2.019766
-0.564157 -0.490945
-0.609601 -0.560436
-0.534010 -0.468996
-0.354010 -0.230692
-0.242567 -0.170584
0.176891 0.152859
-0.930791 -1.041054
-0.969057 -1.119905
-1.051554 0.754013
-0.277990 0.892920
-1.343731 0.680740
-0.336483 0.963597
-0.384530 0.878591
0.992796 -0.071036
-0.368720 0.992075
-0.356134 1.096240
0.153211 1.194744
-1.029829 -0.716457
1.181402 0.619701
0.193239 1.625795
-1.101580 -0.738358
-0.798179 0.559639
-0.885091 0.556724
-0.721077 0.428764
-0.725179 0.447837
-0.731018 0.410217
-0.796224 0.622860
-0.909234 0.588631
-0.822936 0.640697
-1.063025 0.801303
-0.880030 -0.117173
-0.866473 0.395031
-0.857498 -0.145075
-1.156535 -1.790780
-1.156998 -1.854195
-0.902726 -0.174009
-0.899205 -0.141556
-0.966314 -0.033038
-0.873645 -0.045429
-0.923777 -0.032103
-0.810284 0.097117
-0.960169 -0.065551
-0.853327 0.057107
0.980814 -1.223113
0.651130 -0.073999
0.631259 -0.094190
0.431898 0.130664
0.663502 -0.106856
0.364222 0.228814
0.572537 -0.544420
0.483450 -0.680755
0.289359 -0.757411
0.283208 -0.784852
0.347534 -0.771383
0.307043 -0.816641
0.274128 -0.854680
0.318455 -0.379190
-0.891495 0.604004
1.087765 -0.747070
1.088956 -0.737657
1.079528 -0.731862
1.085957 -0.767456
1.058578 -0.575964
1.097358 -0.717111
1.155265 -0.784918
1.099007 -0.709726
0.385824 -0.207536
1.094293 -0.766994
1.072085 -0.770354
1.027337 -0.712103
1.277630 -0.503461
1.323444 -0.877658
-2.014312 0.863917
0.606162 0.470971
0.641367 0.366793
1.347498 0.885828
0.610578 0.428547
0.526870 0.450915
1.341534 0.912688
-1.323561 0.402043
-1.076538 0.729115
-1.057720 0.752847
-1.913295 -0.001260
-0.626424 1.213477
-0.599297 1.229006
-0.583154 1.234972
-0.592888 1.215848
-0.572311 1.212205
-0.568148 1.259416
-0.543614 1.213179
-0.624118 1.234559
0.556296 1.089372
0.533285 1.073856
0.623553 1.134141
0.671951 1.032673
0.490374 1.055750
0.589533 1.110175
0.447961 1.101281
1.171989 0.231699
0.346444 0.141735
1.179928 0.249515
0.416010 0.182725
0.192906 0.126976
0.452397 0.116063
0.174700 0.178074
0.276836 0.159380
0.430818 0.185188
0.297889 0.229609
-0.759667 1.371389
-0.755300 1.340920
-0.700455 1.281272
-0.777271 1.450686
-0.755873 1.323753
-0.768049 1.327287
-0.744943 1.281638
0.870427 0.004297
1.123513 0.049876
0.764106 -0.002095
1.219816 0.103903
0.134173 0.270551
0.528002 0.427725
0.519002 0.461312
0.209732 0.385163
0.652326 0.335278
1.252452 0.536500
1.985410 0.220463
1.993531 0.238769
1.906203 0.181442
1.994302 0.223652
1.980215 0.235451
0.458856 0.393537
1.984817 0.222527
1.992494 0.235929
1.978504 0.187623
1.937155 0.222497
1.974668 0.236274
1.721819 0.641477
1.663784 0.676042
1.707941 0.689299
1.806024 0.544400
1.433149 -1.519161
1.727459 0.617541
1.756243 0.557700
1.685389 0.578697
2.008489 0.748294
1.917371 0.722084
1.919969 0.716833
1.617805 0.762905
1.896047 0.708353
1.940418 0.722997
1.100861 -1.203474
1.027380 -1.233323
1.025927 -1.231212
0.961152 -1.187964
1.531896 -1.032219
1.120671 -1.252306
0.100170 -1.153228
0.087897 -1.188760
0.056106 -0.961372
0.287947 -0.689417
0.076152 -0.246388
0.114561 -0.665992
0.078578 -1.197863
0.109285 -1.158379
0.076955 -0.773824
0.033191 0.608858
0.549998 0.664403
0.314027 -0.005617
0.332169 0.146973
0.320744 -0.045907
0.569911 -1.633798
0.242243 -0.006542
0.393273 0.128556
0.257747 0.019113
0.073895 0.144822
0.288120 0.032968
0.120255 -0.012832
0.293228 -0.052273
0.042438 -0.037742
0.112358 -0.229450
0.180387 0.180976
0.226117 0.033504
0.206352 0.195765
0.397076 -0.012425
0.207750 0.098753
0.460389 0.013616
0.078051 0.137533
0.720129 -0.496206
0.732485 -0.501020
0.831262 -0.066628
-0.401108 -0.978497
1.260416 1.524710
1.260313 1.527310
1.211332 1.537704
1.265970 1.528349
-0.005167 -0.542755
-0.913213 -0.567710
0.495207 -0.104520
-0.922105 -0.620202
0.173345 -0.576742
-0.070914 -0.148627
-1.066573 -0.793466
-1.263281 -1.019611
-1.345232 -0.465740
-0.919236 -0.842483
-0.986853 -0.862905
-1.307714 -0.910557
-1.113709 -0.823936
-1.039017 -0.960198
0.188240 1.621333
-1.237413 -1.031570
-1.087887 -0.930395
-1.073900 -1.027339
-1.049729 -1.074664
-1.234484 -1.042521
-0.835886 -1.174537
-0.907135 -0.820770
-1.326986 -1.085819
-1.000877 -0.992806
-1.005597 -0.905262
-1.049274 -0.933791
-1.232871 -1.012442
-1.132404 -0.851048
-1.211463 -1.173100
-1.196035 -0.998060
-1.009131 -0.900015
-1.214165 -1.089733
-1.206197 -0.735692
-1.008590 -0.883945
0.347154 -0.066819
-1.072632 -0.909320
-1.016900 -0.981738
-0.984575 -0.894018
-0.351191 -0.176640
-0.623822 0.216045
-0.498626 -0.527730
-0.899224 0.192774
-1.086331 0.207108
-1.651747 0.330084
1.026398 -2.707306
1.030626 -2.749273
1.036053 -2.424666
0.965662 -2.359687
1.064984 -2.896023
-0.067137 0.698702
-0.266195 0.947024
-0.227407 0.921486
-0.275120 0.909496
-0.772972 -0.448178
-0.759724 -0.504988
-0.781266 -0.212947
-0.775321 -0.467260
1.036697 -0.389060
0.126733 -1.121769
0.146623 -1.024163
0.060728 -1.031773
0.077159 -0.979470
0.092339 -1.035558
0.819758 -0.809138
0.142778 -0.723817
0.317490 -0.870157
0.168983 -0.796860
0.253712 -0.850129
1.108731 -1.603635
1.105052 -1.596219
0.852888 -1.439362
1.140672 -1.637845
0.681816 -1.257022
1.214619 -0.763022
0.266891 -0.590659
0.329491 -0.658278
0.278160 -0.779613
0.237342 -0.827288
0.321965 -0.719951
0.888985 -1.589840
0.851001 -1.452730
0.843195 -1.493788
0.743115 -1.520117
0.846063 -1.510287
0.703415 -1.550596
0.847182 -1.469494
0.826307 -1.490494
0.733603 -1.545268
0.842052 -1.506952
0.837991 -1.486432
0.860559 -1.473100
0.858787 -1.477013
1.623981 -0.901069
0.729085 -1.561011
0.833159 -1.563501
0.844223 -1.531155
0.834194 -1.520851
0.845261 -1.560598
0.862999 -1.531857
0.417518 -1.211655
0.348076 -0.882026
-0.311056 1.540279
-0.244814 1.373304
0.536309 -1.128030
-0.162927 -1.247690
-0.124944 -1.214823
-0.173461 -1.278201
-0.193309 -1.251136
2.087539 1.425487
2.107819 1.440196
2.096321 1.436895
2.100344 1.436396
2.103770 1.440460
2.118625 1.447602
0.816241 -0.208903
0.797036 -0.242666
2.874546 1.031953
2.858406 1.017133
2.871201 1.028143
2.896926 1.051293
2.870620 1.030545
2.874128 1.031631
2.735529 0.921463
2.854721 1.006595
-0.559056 -0.560365
-0.539614 -0.688815
-0.514127 -0.903068
-0.524992 -0.927512
-0.750891 0.531898
-0.753271 0.507655
-0.723168 0.520888
-0.754492 0.503144
-0.756212 0.506921
-0.893417 0.792691
-0.999826 1.132321
-0.920804 0.604499
-0.984302 1.055650
-1.165376 0.684871
-0.941672 0.578398
-0.961564 0.595047
-0.909133 0.567270
-0.935370 0.580312
0.307395 -0.884369
0.268128 -0.904312
0.222858 -0.856622
0.350179 -0.957399
0.220227 -0.891104
0.224910 -0.286622
1.498749 0.024675
-0.204451 0.207002
0.033794 -0.265109
0.297655 -0.217058
0.311907 -0.256766
-0.219670 -0.253246
0.095931 0.104427
1.264824 -0.135708
-0.051308 -0.607587
-0.935489 -0.128629
-0.043782 -0.599611
-0.006953 -0.677478
1.232769 -0.189412
-0.339168 -0.361493
-0.524245 -0.324576
-0.429069 -0.365668
-0.033973 -0.689905
-0.002071 -0.727993
0.280000 -2.112987
-1.015720 0.637740
-0.979000 0.712076
-0.725374 -0.564507
0.170284 1.604715
0.463799 -0.362414
0.496024 -0.394030
0.905847 0.450606
0.199540 -0.577638
1.015545 0.711595
0.409064 -0.243215
0.865556 0.054386
0.974943 -0.092325
-1.389694 0.770798
-1.311746 0.771083
-1.471498 0.925512
-0.000875 -1.171953
-0.074306 -1.044857
-0.117515 -0.620498
-0.088332 -0.704434
0.057828 2.223796
0.342955 1.094589
0.027265 2.355859
0.032839 2.297655
0.042891 2.313659
-0.172545 0.403266
0.331847 0.692730
-0.054520 0.124390
-0.031761 0.113726
-0.044551 0.108375
-0.047014 0.139305
1.012337 -1.258835
0.982850 -1.240173
1.379688 -2.159998
1.393597 -2.188932
1.392415 -2.173290
1.343054 -2.072467
1.376278 -2.122533
1.400520 -2.190825
1.407878 -2.132803
1.390371 -2.177206
1.382216 -2.141911
-0.904412 0.596532
-0.634992 0.412547
-0.076758 0.168039
-1.474065 -1.047643
-1.468913 -0.930383
-1.476001 -0.962147
-1.425075 -0.953573
-1.474805 -1.116465
-1.518152 -1.121742
-1.531285 -1.138778
-1.535399 -1.099871
-1.526945 -1.092057
-1.513353 -1.069916
-1.349674 -0.952370
-1.511330 -1.073607
-1.494849 -1.058296
-1.535503 -1.053022
-1.448923 -1.118985
0.490181 1.687495
0.488288 1.643205
1.125584 1.114585
0.510215 1.573557
0.558874 1.565942
0.516800 1.583319
0.508815 1.805331
0.497752 1.682966
0.523397 1.641281
0.911897 1.497271
1.077782 1.158328
-0.650356 0.801067
-0.327036 1.033032
-0.531885 1.072595
1.629400 -1.035688
-0.752622 0.295735
-0.570864 1.002248
-0.648828 0.853851
-0.170717 1.076089
-0.539169 0.920916
-0.594697 0.935541
-0.050133 -0.264797
-0.144059 -0.450042
0.187420 -0.139254
0.627693 -0.389350
-1.082572 -1.052646
-0.276654 0.948902
-1.040956 -0.643971
-1.122591 -0.679743
-1.127822 -0.656128
-1.099840 -0.652879
-1.114930 -0.673110
1.235849 -0.197757
2.774875 0.949262
2.787851 0.961168
-0.889934 0.038311
-0.851377 -0.064640
-0.905972 -0.049800
-1.032517 0.708758
-0.981133 -0.155006
-0.883372 -0.057496
-0.823602 -0.075788
-0.818170 -0.091619
-0.844282 0.015723
-0.800090 -0.118527
-0.766380 -0.073528
0.440068 -0.471478
-0.688884 -0.081111
-1.185443 -1.466556
-1.039875 -1.202391
-1.191689 -1.497350
-1.049516 -1.174974
-1.016216 -1.221112
-1.042820 -1.217615
-1.017763 -1.224958
-1.118976 -1.152487
-1.159557 -1.117110
-1.036059 -1.367244
-1.174689 -1.202266
-1.109816 -1.062700
-1.177948 -1.231944
-1.180849 -1.228558
-1.088332 -1.085048
-0.407872 2.206110
0.348348 -1.206796
0.262574 -1.274254
-0.024598 -1.724582
-0.036668 -1.741977
-0.192046 -1.804327
0.321782 -1.112188
0.642256 -1.050116
0.514110 -1.041088
0.693919 -0.774844
0.477868 -1.087169
0.926843 1.444929
0.939953 1.483488
0.932018 1.483898
1.056377 1.476191
0.869452 1.465728
0.813802 1.503026
1.011644 1.485715
0.862156 -0.655570
1.327913 -1.578207
0.854070 -0.657319
0.859458 -0.661252
-1.160929 -0.765550
-1.146247 -0.739382
-1.052950 -0.841160
-1.277600 -0.963825
-1.097889 -0.840652
-1.134230 -0.713219
-1.121267 -0.818589
-0.579385 -0.712981
-0.588375 -0.731942
0.533179 0.594582
0.655776 0.587388
0.512742 0.554171
0.369449 0.582034
0.394246 0.689860
0.675287 0.590516
0.663726 0.627003
0.510091 0.568161
0.516538 0.433721
0.548749 0.445253
0.513201 0.465505
-0.446421 0.726882
0.130462 0.327626
-0.437837 0.731725
-0.442325 0.732710
-0.816009 0.253995
0.049203 0.271762
-0.326764 0.739110
0.689225 0.727962
0.067508 0.306231
0.943665 0.874495
0.932441 0.774083
0.896684 0.812278
0.978199 0.826807
0.946279 0.779952
1.071330 0.735426
0.915111 0.804205
0.847993 0.717654
0.985603 0.937840
0.976262 0.769588
0.973265 0.670986
0.990130 0.856044
-1.456743 -2.596552
-1.461156 -2.580634
-1.488455 -2.563736
-1.444493 -2.595786
-1.443702 -2.565477
-1.462971 -2.579693
-1.450021 -2.565157
-1.435490 -2.604558
-1.457325 -2.585041
-1.460042 -2.582867
-1.451035 -2.580840
-1.480021 -2.549144
-1.456317 -2.583884
-1.455512 -2.558933
-1.451486 -2.583943
-1.353620 -2.290574
-1.445731 -2.584996
-1.326338 -2.232861
-1.313828 -2.242435
-1.322859 -2.230408
-1.333700 -2.236609
-1.305265 -2.206401
-1.315873 -2.223886
-1.313970 -2.221809
-1.306328 -2.209738
-1.312967 -2.228420
-1.305430 -2.195265
-1.311433 -2.219734
-1.309203 -2.211227
-1.331609 -2.218055
-1.329235 -2.238288
-1.323334 -2.224091
-1.318296 -2.217723
-1.280927 -2.180580
0.861293 -0.191021
-0.108911 -0.861913
1.082284 0.480404
1.079644 0.479787
0.989133 1.332746
1.086324 0.464152
1.118887 0.487395
-0.129894 -0.904624
-0.789209 0.153552
-0.813109 0.160233
-0.798192 0.102420
-0.021949 -1.171774
-0.588643 1.600100
-0.497457 1.175015
-0.461921 1.167194
-0.570389 1.588226
-0.599037 1.651167
-0.613151 1.637822
-0.575344 1.612922
-0.972666 -0.948118
-1.072346 -0.765757
-0.639559 -1.628028
-0.565844 -1.695359
-0.704962 0.565969
-0.700765 0.465958
1.402693 0.615567
0.512914 0.943635
-0.085262 1.029871
0.041129 1.069568
0.598577 0.943898
-0.087703 1.086797
-0.641528 0.463982
-0.610861 0.473717
-0.890874 -0.349307
-0.840424 -0.347623
-0.857635 -0.263715
-0.858302 -0.324696
-0.870900 -0.249892
-0.842241 -0.359697
0.339239 -0.727686
0.237922 -0.743862
0.463193 -0.938399
0.274664 -0.544456
0.271678 -0.853548
0.277053 0.471828
0.515777 -0.374586
-0.010870 -0.739112
0.142506 -0.643577
-0.079136 -0.715119
-0.257311 -0.750058
-0.026835 -0.648927
0.061134 -0.655044
-0.000535 -0.773217
0.007000 -0.791549
0.210909 -1.127608
1.506502 -1.030881
1.459162 -1.056146
1.421393 -1.019870
1.543005 -1.040595
1.588103 -0.955708
1.401299 -1.036485
1.045398 -0.969546
1.603107 -0.998846
1.317289 -0.972402
1.471435 -1.064366
1.110060 -1.033426
1.587199 -0.783760
1.882367 -1.347276
1.430323 -1.020288
1.583447 -1.012532
1.570092 -0.895981
1.619794 -0.945570
1.592404 -0.991720
1.386930 -1.017539
1.408430 -1.061480
1.527539 -0.687646
1.574815 -0.985436
1.599376 -0.952235
0.053463 1.347750
0.197076 1.644315
0.160096 1.575042
0.051841 -0.947095
0.034389 -0.953745
0.611844 -2.304515
0.630724 -2.498868
0.387819 -0.272343
0.589796 -0.506464
0.413770 -0.416089
0.191328 0.045811
-0.072412 -0.933321
0.294363 -1.072055
0.264706 -1.078212
0.315530 -1.126173
-0.491728 0.280080
-0.545126 0.283778
-0.607456 0.417502
-0.671151 0.376315
-0.929429 -0.828343
-0.988907 -1.042226
-0.969050 -1.020292
-0.112352 1.098780
-0.291980 -0.009148
0.164776 -0.307690
-0.162168 -0.097751
-0.188102 -0.101536
0.013805 -0.233357
0.075507 -0.241570
0.186069 -0.261319
-0.000876 -0.221907
-0.000670 -0.215823
0.174836 -0.220528
-0.467759 0.068804
0.823100 -0.597934
0.779043 -0.623898
0.791827 -0.618081
0.747803 -0.595244
0.792767 -0.635569
1.202189 0.792762
1.181403 0.747609
1.206855 0.750516
1.570720 1.078233
1.254981 0.940918
-1.162856 -0.703690
-1.182121 -0.699498
-1.185187 -0.714602
1.057460 -0.696717
0.798982 -0.801306
1.363681 -0.256618
1.045518 -0.661509
-0.754109 1.060884
-0.781627 1.510462
-0.781282 1.528396
-0.784157 1.513882
1.334734 1.305231
-1.031596 -1.003319
-0.914349 -0.857648
-1.069377 -1.034116
1.071427 -0.809492
1.020074 -0.738157
1.014327 -0.635157
0.980925 -0.483686
1.022810 -0.856962
0.011973 -0.627283
0.088780 -0.480757
0.099529 -0.483007
0.021442 -0.612884
0.239812 0.909361
0.115288 -0.503635
0.115341 -0.487585
0.605443 0.829574
0.090355 -0.507330
0.172918 -0.562483
0.150754 -0.460381
0.243502 -0.388411
0.511211 -0.765981
0.394328 -0.613854
-0.756501 1.613918
-0.764218 1.596295
-0.772632 1.614839
-0.752632 1.619838
-0.746796 1.561990
0.950100 1.430253
0.855401 1.505666
1.054216 1.293702
1.041515 1.255268
1.006998 1.403464
2.075496 -0.023435
1.047010 1.309918
1.808116 2.122591
1.032677 -2.404320
0.497367 1.155957
0.575728 1.073032
0.467526 1.088753
-1.963197 0.529625
0.410772 1.283519
0.446581 1.487283
0.454782 1.478161
0.573702 -1.025934
0.711303 -1.079582
0.576494 -1.042991
0.511787 -0.865225
0.617879 -1.011648
0.568022 -1.040315
-0.950357 0.534651
-1.810948 0.946785
-0.956386 0.587080
-1.055380 0.650547
-1.037624 0.637985
0.526848 0.835185
0.528536 0.804842
0.518919 0.815076
2.285045 -1.506388
2.292044 -1.512245
2.250798 -1.467909
2.311133 -1.523315
2.307792 -1.523453
2.264597 -1.483901
2.267509 -1.499619
1.056851 -1.323825
0.206065 -1.275202
-0.521680 -0.544821
-0.559564 1.454839
-0.567153 1.458549
-0.564728 1.348658
-1.653664 -0.631703
-1.672250 -0.611398
-0.981051 -0.430088
-1.712597 -0.634274
0.361191 -0.046978
0.540952 -0.000838
0.659632 0.102547
0.537843 0.010900
-1.144278 -2.025017
-0.207045 -0.946514
-1.188387 -2.038053
-1.176489 -2.062227
-0.486965 -1.482417
-0.472760 -1.482777
-0.501770 -1.492657
0.796477 1.619380
0.781679 1.636989
0.817311 1.588746
0.819213 1.606122
0.772867 1.583733
0.791763 1.637262
0.777665 1.627368
-0.346563 1.051720
-0.359504 1.077960
-0.360070 1.064701
-0.322448 0.564721
-0.318320 0.632911
-0.360790 0.593773
-0.337355 0.596733
1.413785 0.896914
1.349373 0.896266
1.009392 1.024015
1.032246 1.175419
1.097023 0.478605
0.217291 -0.529038
0.295420 -0.520369
0.270854 -0.380017
0.277069 -0.482050
-2.056237 0.805459
1.381256 0.657079
0.092387 1.060711
0.257367 1.019981
0.216906 1.087521
0.007524 1.018095
0.131601 1.050639
0.669939 6.298785
0.523167 1.770720
0.528980 1.889851
0.552429 1.846186
0.521206 1.922245
0.532911 1.910933
-0.899616 -0.158146
-0.806373 -0.124619
2.316488 -0.459624
-1.041462 -0.613581
-1.098793 -0.576821
-1.384315 -0.623856
-1.211771 -0.562522
-1.195979 -0.656725
-1.420269 -0.841955
-1.397164 -0.693774
-1.315694 -0.440174
-1.384194 -0.739103
-2.180696 -0.654989
-1.171074 -0.646752
-1.223040 -1.011533
-1.680461 -1.024774
1.707776 -1.142745
1.720099 -1.135339
1.728289 -1.136272
1.762052 -1.168325
1.716005 -1.131731
1.639361 -1.102554
1.635232 -1.106999
1.017026 -1.266679
0.929363 -1.257452
1.016975 0.441458
0.705813 0.424485
0.719335 0.392602
-1.552264 0.897011
-0.285409 0.885807
-1.500068 0.905887
1.124926 1.233915
1.018223 1.043286
1.016984 1.037680
1.174730 1.253406
0.810240 0.902178
1.041620 1.029519
0.889022 1.050209
-1.521484 -0.253087
-1.257734 -0.058434
1.385020 0.696415
1.394016 0.622416
-0.065822 0.573214
1.390754 0.892693
0.680851 0.424552
1.040946 0.709193
0.154069 -0.240588
-0.498443 -0.913869
-0.547888 -0.962215
0.564284 0.574911
0.637674 0.640455
-0.419501 0.766043
-0.429159 0.770134
-0.709553 -1.106604
-0.949447 0.824582
-0.959533 0.828669
-0.848759 0.862268
-0.951270 0.837185
0.413512 2.090518
0.449269 2.140569
0.359472 2.010368
-0.431752 -1.102609
1.350546 -1.616066
1.405414 -1.676691
1.338569 -1.599073
1.388325 -1.674459
-0.903259 0.787721
0.948818 -2.235778
0.912605 -2.176379
0.907798 -2.197001
0.904335 -2.200102
0.889542 -2.208682
0.921308 -2.216011
1.094181 0.636224
1.084501 0.606424
0.881653 -2.203294
0.926219 -2.157295
0.924904 -2.182159
1.055972 -2.308530
0.627731 -1.851783
0.854203 -2.202118
0.896776 -2.357986
0.864103 -2.222378
0.887856 -2.248860
0.441694 0.799914
-0.619284 0.182640
-0.554697 0.166715
-0.826636 0.020014
-0.639088 0.175566
-0.571806 0.206910
-0.471390 0.374863
0.539656 -0.665628
2.195511 -0.578273
0.505555 -0.662772
2.155346 -0.588280
0.534383 -0.611404
0.466004 -0.709635
0.308893 -0.244642
0.300714 -0.281358
0.340619 -0.380687
0.265711 -0.300839
0.296198 -0.256021
0.338533 -0.334822
-2.176946 1.441015
1.636565 -0.947631
1.643608 -0.907059
1.722874 -0.740987
1.649822 -0.953872
1.490024 -0.951628
1.652745 -0.965099
1.680879 -0.971151
0.786761 -0.713693
0.737376 -0.681753
0.772775 -0.853186
0.752090 -0.819938
0.798751 -0.826213
0.798369 -0.812351
0.842947 -0.415564
0.663830 -0.413446
1.167074 -0.254737
1.161141 -0.224020
1.170047 -0.236919
1.133892 0.964776
0.928680 -1.258588
0.121600 0.684005
0.315630 0.266518
0.338529 0.413374
0.828016 -0.033695
-0.644447 1.314641
0.425958 2.732713
-0.328757 1.501186
-0.743322 1.389969
-0.683198 1.342144
-0.399659 1.483640
-0.829746 -0.317547
0.241195 -0.840821
0.223697 -0.901921
0.180972 -0.766426
0.162757 -0.910349
-0.060467 -0.506196
0.462050 -1.045142
-0.062780 0.738791
-0.053131 0.735748
-0.059238 0.743230
-0.081313 0.707254
-0.070838 0.730456
-0.034214 0.655236
-0.058596 0.692587
-0.075912 0.672766
-0.141491 0.420855
0.554795 1.053478
-0.065843 0.700900
0.632609 -0.891758
0.451480 -0.707407
0.201964 -0.520334
1.821882 -2.360993
1.802035 -2.347652
1.829622 -2.363758
1.833373 -2.370600
0.350375 -0.420103
0.876735 -0.077166
-0.181541 0.527497
1.095793 -0.005491
0.181874 -1.073303
0.336307 -0.397164
0.277036 -0.832281
0.512255 0.405576
0.444657 0.790551
0.585304 0.830701
0.648700 0.895599
-1.266336 1.415445
1.483993 -0.553565
1.625460 -0.619504
1.806532 -0.683036
1.869305 -0.667114
1.627112 -0.587334
1.635586 -0.600045
1.550212 -0.679381
1.348684 -0.921622
1.099661 -0.260862
1.034588 -0.257284
1.045760 -0.249110
1.037739 -0.284753
1.241193 -0.141109
-1.023695 -0.065587
0.020084 -1.182899
0.041788 -1.257894
0.065679 -1.224085
0.013526 -1.354843
0.049205 -1.279502
0.070605 -1.138902
0.028542 -1.264794
-0.048567 -1.241804
0.020080 -1.246156
1.036516 -1.206089
1.784424 -2.956594
1.806134 -2.982961
1.799660 -2.974479
1.741416 -2.899297
1.812597 -2.987789
-1.474052 0.949833
0.636151 0.069542
0.293170 -0.148610
0.288429 -0.178582
0.567138 -0.042805
0.445752 -0.047020
0.243019 0.189006
0.280770 0.164590
0.304116 0.236561
0.343273 0.246157
0.229456 0.018736
0.277431 0.181295
0.405737 0.255823
0.875534 0.259960
0.325628 0.464609
0.201727 0.329479
0.391070 0.288520
0.303343 0.629244
0.579754 0.452179
0.381753 0.407393
0.065464 0.316026
0.968724 -2.351694
0.979947 -2.367989
0.896771 -2.273717
0.903251 -2.261448
0.917349 -2.259499
-0.889526 -0.179976
-0.867045 -0.207195
-0.186094 -0.788189
-0.263969 -0.830992
-1.050513 1.914207
-1.033551 1.923305
-1.033093 1.904021
-1.030606 1.899015
-1.031785 1.897426
-0.987989 1.853518
-1.022540 1.896936
-1.036403 1.910001
1.419443 -1.978254
1.413575 -1.977160
1.449714 -2.008676
1.444391 -2.008737
1.449305 -2.016672
0.344171 2.433150
0.341006 2.390117
0.339528 2.451569
0.339199 2.390797
0.327589 2.366781
-0.265667 0.565278
-0.094766 0.576774
-0.374722 0.549151
-0.084820 0.557278
-0.109377 0.577369
0.047411 0.646418
-0.816020 0.695979
-0.384781 -0.170588
-0.154574 -0.401530
-0.005125 1.032548
0.710673 1.461749
-0.093429 0.963750
-0.189888 1.138760
0.002081 1.130877
-0.031164 0.980926
0.218121 0.760916
-0.203913 0.724092
-1.243603 0.987329
-1.112339 -1.074221
-1.014650 -1.141638
0.164480 1.511829
0.243482 1.571056
0.346764 1.438759
0.316525 1.576723
0.149125 1.421950
0.139426 1.426170
-1.605557 -0.062387
-1.809835 -0.086669
-1.817044 -0.104073
-1.983849 0.373308
-1.823848 -0.118963
-1.792244 0.146848
-1.902395 0.334534
-1.953773 0.321411
-1.954105 0.355317
-1.951996 0.327103
-1.915292 0.025611
-1.443021 0.612782
-1.818318 -0.100726
-1.797320 -0.123019
-1.805940 -0.107392
-1.965355 0.517203
-1.966649 0.375069
-1.032475 0.724647
-1.800447 0.160599
-2.006569 0.485678
-1.826658 -0.121548
-1.815474 -0.034778
-1.956100 0.406915
-1.315845 -1.440665
-1.368474 -0.601387
-0.477720 1.783876
-0.647615 1.930660
-0.655457 1.973530
-0.873191 1.746147
-0.654256 1.965053
-0.663735 1.979853
0.069076 1.324179
0.853363 1.275151
0.336769 1.214526
0.374644 1.184913
1.083053 0.673885
1.218680 0.560746
1.254451 0.546331
-0.788827 -0.406867
-0.886313 -0.415401
-0.682931 -0.297123
0.972607 1.430685
1.063170 1.236903
1.035286 1.195283
1.074294 1.251881
1.065269 1.216708
-0.297825 0.203844
-0.073998 -0.167891
-0.163541 0.373184
-0.271220 0.124587
-0.211659 0.257037
-0.251917 0.096742
-0.273458 0.113694
-0.283534 0.097648
-0.105359 0.134685
0.250834 1.172677
-0.660419 0.628046
-0.275914 0.251125
-0.316737 0.255482
-2.265037 0.376130
-0.796821 1.721453
-0.859317 1.752903
-0.672430 1.654496
-0.604671 1.641353
-1.096700 0.590651
-1.117091 0.611055
-1.308760 0.733187
-1.723436 0.811600
-1.889754 1.052831
-1.864695 1.075357
-1.879461 1.039921
-1.879417 1.032494
-1.866841 1.019243
1.657673 -2.243561
1.504252 -2.133960
1.667343 -2.251205
1.693304 -2.267130
1.736135 -2.299655
1.733672 -2.296100
1.374068 -2.054022
-0.048727 -0.659890
0.711194 -0.540115
-0.726444 -0.645227
-0.685583 -1.377090
0.420980 1.115583
-0.672238 -0.691752
1.678376 0.068960
1.672837 0.079809
1.636907 0.045742
0.295433 -1.258884
-0.102923 -1.587769
-0.066834 -1.567093
-0.064021 -1.582945
-0.120823 -1.575218
-0.147268 -1.605579
-0.043239 -1.567686
-0.055906 -1.564884
-0.120010 -1.623621
0.315835 0.556275
0.294343 0.554352
1.793338 2.059731
1.811834 2.091339
1.863496 2.221687
1.866367 2.222049
0.947416 0.781510
1.883720 2.208534
1.846134 2.253153
1.863461 2.216268
1.868958 2.208941
1.870899 2.195526
1.852415 2.230205
1.870786 2.214253
1.821827 2.093982
1.872213 2.208687
1.803335 2.054348
1.828920 2.246831
1.860885 2.226378
1.869075 2.213127
1.870174 2.218483
-1.201472 0.849026
-1.219149 0.823826
-0.154275 -0.291431
-0.712112 -1.134679
0.485690 -1.598941
0.361843 -1.569556
0.530077 -1.601096
0.480297 -1.593085
0.437347 -1.588980
0.577286 -1.607499
0.537004 -1.628264
-1.738839 -0.689122
-1.757861 -0.696714
-1.619124 -0.580152
-1.717178 -0.693517
-1.726419 -0.689676
0.251613 1.559830
0.333488 1.537913
0.478220 1.260704
0.233105 1.599377
0.267935 1.529324
0.230355 1.567697
0.378667 1.392432
0.815886 0.487909
0.485897 1.235254
0.168820 1.587750
0.164617 1.613407
0.903509 -2.399805
0.914128 -2.360817
0.665465 -0.108136
-0.122154 -0.288203
-0.103030 -0.274999
-0.715446 0.083696
-0.110923 -0.261282
0.396986 -0.051161
0.357108 0.004802
0.396793 -0.059263
0.569901 -1.791195
0.623970 -1.771442
0.464396 0.070218
0.576747 -1.756750
0.606202 -1.763550
0.528340 -1.846230
0.143955 0.191943
0.469364 1.144915
0.409391 1.182766
0.627902 -2.540240
0.636691 -2.542764
0.636615 -2.539324
-0.396630 -1.434203
-0.428266 -1.485219
0.253628 -1.310251
-0.484723 2.899201
-0.489959 2.911064
-0.480230 2.901128
-0.489374 2.912075
-0.486054 2.903387
-0.482916 0.475003
-1.520625 -0.821649
0.149885 -1.655144
0.157063 -1.654486
0.160087 -1.666863
0.156892 -1.662911
0.145216 -1.724112
1.614698 -0.126743
1.906033 0.082178
1.916948 0.096375
1.590041 -0.184243
1.936136 0.109880
1.915561 0.096265
-0.065043 -0.883575
0.491622 -2.195320
0.320677 -1.422412
-2.066600 1.503633
-2.001749 1.476096
-2.247361 1.544085
-1.902739 1.218670
-1.903376 1.450361
-1.872750 1.371534
-1.887517 1.268688
-1.549533 1.270115
-1.831388 1.334105
-1.911099 1.444286
-1.439853 0.279302
-1.395691 -0.310299
-1.051139 0.005190
-2.421010 1.667478
1.364820 -0.237822
0.239802 1.174254
0.998342 0.276906
0.077681 0.145136
0.986353 0.269591
1.078389 1.354316
1.113532 0.713374
1.294232 0.701184
1.115647 0.779055
0.891976 0.932398
1.078162 1.167959
0.623925 -1.406973
0.514371 1.689953
-0.163041 -0.988865
-0.068756 -0.887241
-0.469552 -1.685391
1.131199 -2.608050
1.122719 -2.594249
1.125320 -2.598417
1.121613 -2.612872
1.110726 -2.569883
1.020758 -2.409756
1.068048 -2.454607
1.067002 -2.443538
1.057448 -2.403909
0.925106 -2.826230
1.450129 -0.684366
1.063548 -2.445894
1.040444 -2.446698
1.049712 -2.393317
1.061036 -2.447648
0.257537 0.017757
-0.035041 0.118269
0.356630 -0.132649
0.228534 0.024919
0.196930 0.026853
0.516317 0.111181
1.145958 0.284879
1.152725 0.261120
-0.319827 -0.840529
0.153807 -1.391205
0.186388 -1.411440
0.181038 -1.402275
0.200021 -1.450875
0.130117 -1.349358
-0.377633 -1.847256
-0.186918 -1.935480
-0.185158 -1.930890
-0.265366 -1.895528
-0.239536 -1.913145
-0.170844 -1.933257
-0.191653 -1.941345
-0.196187 -1.947095
-0.294115 -1.890984
0.201037 1.649822
0.200975 1.651414
0.176377 1.707331
0.205710 1.679720
0.190677 1.662379
0.186369 1.628498
0.168736 1.702480
0.176172 1.621102
0.197357 1.652271
0.192891 1.670092
1.437368 -0.172439
1.434897 -0.197332
1.353573 -0.244276
1.395048 -0.208926
1.352562 -0.273145
1.361638 -0.191282
1.336178 -0.278473
0.594414 -1.304902
0.520418 -1.253649
0.570925 -1.308445
0.616357 -1.351839
0.605853 -1.340914
0.579015 -1.340615
0.606104 -1.320927
-0.667310 0.380960
-0.716179 0.308798
-0.623311 0.240901
1.033936 1.233917
0.689369 0.884873
0.517898 0.669583
0.737140 1.008147
0.694168 0.925888
0.690655 0.827200
0.633712 1.016684
0.874888 0.769277
0.723787 0.840725
0.943189 0.749065
0.887800 0.778133
0.937096 0.786913
0.724337 0.751501
0.919415 0.840816
0.764954 0.791299
0.762229 0.855931
0.902079 0.391567
0.981209 0.483507
0.946903 0.533604
0.980726 0.507359
0.932795 0.457645
0.990485 0.556105
0.969074 0.567052
0.964651 0.573615
-1.197279 1.430381
0.468174 0.611645
0.163903 0.913171
0.276662 -0.751584
0.165412 -0.473383
0.149024 -0.258269
0.178616 -0.268321
-0.011901 -0.176506
0.081785 -0.304252
0.094320 -0.244594
0.186141 -0.272265
1.457707 -1.101796
0.391348 1.174942
0.480697 1.213372
1.283066 1.596391
1.271346 1.575792
1.273143 1.595398
1.270736 1.587506
1.259486 1.575649
0.795473 0.612644
0.982876 -0.128781
0.700432 0.746977
-0.215687 0.131789
-0.238524 0.119585
-1.009327 0.135583
-1.355620 0.564422
-1.125071 0.262432
-0.889411 0.195888
-1.052920 0.286041
-1.627219 -0.485472
-1.247676 0.307105
-1.670734 -0.687679
-2.365266 0.463984
-2.299354 0.516434
-2.390110 0.445701
-2.399080 0.447087
-1.545284 0.303641
-1.592651 0.288803
-0.442519 2.266300
-0.019595 3.259983
0.047663 -0.299792
0.918915 0.945377
0.805142 0.819526
1.938321 -1.417860
1.933174 -1.404923
1.942254 -1.421644
1.926620 -1.402818
1.925393 -1.400181
-0.495358 1.097855
-0.321003 -1.281202
-1.482280 -0.875087
-1.468543 -0.875042
-1.415253 -0.888742
-1.484662 -0.875122
-1.471966 -0.866735
-1.420341 -0.887005
-2.215059 1.515304
-2.217011 1.505195
-2.226958 1.494685
-2.232631 1.529681
-2.224698 1.519416
-0.309094 -0.056358
2.807183 0.974867
-0.159378 0.001400
2.077212 0.761462
2.049840 0.751612
2.043528 0.753689
1.945337 0.733147
1.111449 -3.149839
1.118836 -3.186366
1.112273 -3.161841
1.112509 -3.157036
1.110704 -3.144943
1.110027 -3.153451
1.108039 -3.164469
1.362870 1.017271
0.573050 1.440260
0.642612 1.623782
-1.652573 0.870313
1.100300 0.537488
1.122948 0.536856
1.112974 0.544368
1.119919 -3.195517
1.113988 -3.196628
-1.955643 -0.709580
-1.952762 -0.717581
-1.928261 -0.702767
-1.959850 -0.718363
-1.952698 -0.717901
-1.940388 -0.708419
-1.948871 -0.709141
-1.946433 -0.708414
-0.423497 -0.858520
0.163187 -1.498478
-0.404546 -0.872873
0.446707 2.152090
0.482549 2.199748
0.461332 2.187883
-0.984274 -1.163475
-0.992867 -1.105670
-2.651575 -0.396342
-1.420125 -0.248471
-1.715840 0.151490
-0.752267 -0.191172
0.523340 1.334110
0.433247 1.198626
0.543584 1.359913
0.583436 1.265926
-0.561428 1.203863
-0.520622 1.249840
-0.567536 1.210703
-0.503397 1.296629
-0.562949 1.241988
-0.501600 1.333819
-0.514410 1.318645
1.850184 -2.381509
1.860456 -2.388732
1.852620 -2.391954
1.583102 0.853610
-0.474745 0.455775
-0.366698 0.475075
-0.334944 0.498870
-0.340570 0.482881
1.218627 1.197296
1.592570 -0.138769
1.415284 -0.174912
1.723387 -0.159559
1.683847 -0.165354
1.714413 -0.161281
1.770583 -0.172189
1.389424 -0.000813
1.708024 -0.153988
1.599242 -0.144959
1.740836 -0.159403
1.577679 -0.584901
1.249500 -0.029075
0.552397 0.095435
1.739019 -0.155781
1.732372 -0.159676
-0.437259 -0.778437
-0.333387 -0.787357
2.894589 1.048957
2.188262 -1.804056
2.203152 -1.824740
-0.835479 0.966916
-0.979093 0.852101
-0.876660 0.916891
-0.889559 0.909947
-0.896831 0.945148
-0.676373 1.236692
-0.838111 0.917278
-0.794420 0.940458
-1.040284 1.840865
-1.030593 1.885986
-1.193337 0.524962
-1.405515 0.379714
-1.513659 0.546526
-1.313091 0.521170
1.212915 2.541986
1.071438 2.430705
1.202831 2.546671
1.249506 2.614032
1.348079 -2.066450
1.190748 0.188280
1.223368 -0.038614
1.176058 0.152982
1.168677 0.155846
0.921176 -1.186039
0.900626 -1.214919
3.125650 1.938529
-0.120053 0.132064
0.411556 0.406745
0.698126 -0.298513
0.287725 -0.719791
1.752469 3.143607
0.024357 1.275351
-0.018663 1.215792
-0.078945 1.192064
-0.071896 1.194301
-0.072445 1.213847
-0.074796 1.208441
-0.016916 0.774599
-0.037130 0.786127
-1.415062 0.368078
-1.399646 0.364344
-1.406589 0.402130
-1.377751 0.390351
-1.625835 -0.047930
-2.108546 0.275337
-1.206318 0.453977
0.101929 0.224115
0.119580 0.234812
0.121749 0.231259
1.403234 1.005440
1.434942 1.015134
1.510576 1.112434
1.482795 1.068269
1.342439 0.898852
1.399938 0.934479
1.383052 0.897865
1.245268 0.334995
1.387460 0.922440
1.382401 0.938513
1.512173 1.128109
1.506566 1.108966
-0.868492 0.911962
-0.854623 0.915692
1.289049 -0.900025
-0.865808 0.230899
-0.845457 0.175861
-0.840309 0.167126
-6.691311 3.485887
-0.920175 0.160687
-0.780865 0.181760
-0.842149 0.149661
-0.605210 0.100113
-0.804130 0.206457
-0.789196 0.199674
1.646145 -0.786048
1.599076 -0.747335
1.596604 -0.743039
0.305672 0.666329
0.293230 0.688454
-0.160888 0.741891
0.089004 0.632951
0.078909 0.638599
-1.577068 1.507255
-1.497200 1.667536
-1.442654 1.752805
-1.453329 1.703084
-1.459041 1.707840
-1.427382 1.763960
-1.451750 1.722477
-1.457079 1.743381
-1.460929 1.745767
0.854050 -1.184553
1.514563 -1.984455
1.488667 -1.946266
1.482570 -1.996607
1.514344 -2.012064
1.513274 -2.005112
1.393798 -1.878593
1.451927 -1.937165
1.567920 -0.550797
1.513256 -0.488757
-0.954888 -0.481534
-1.005482 -0.440127
-1.010259 -0.502527
-1.002391 -0.495315
0.686639 -0.387091
0.777766 -0.415453
0.797037 -0.378240
0.815434 -0.480320
-1.095101 -0.537843
1.565928 0.074338
1.557402 0.034580
1.567421 0.043576
1.643284 0.053403
1.525198 0.040526
1.719605 0.675490
1.778037 0.713980
-1.527488 -0.374601
-1.544998 -0.397462
-1.540611 -0.390281
-1.512165 -0.408242
-1.551133 -0.418830
2.206934 -0.441039
1.519188 0.073209
1.376578 0.581514
1.406506 0.564273
1.382671 0.539623
1.406593 0.593802
1.395254 0.527999
1.279716 0.735489
1.266132 0.740506
1.281455 -0.761809
1.286864 -0.770913
1.291944 -0.765147
1.310543 -0.768956
1.306299 -0.713311
1.270393 -0.752579
1.270054 -0.760011
1.266433 -0.750175
1.343681 -0.766057
1.317447 -0.791497
-2.054390 0.709080
0.569595 1.551283
0.655121 1.647378
0.609653 1.558566
1.095967 -0.245949
1.010820 0.680276
1.611762 0.870430
1.604803 0.786663
1.628968 0.788082
1.673060 0.843543
1.581237 0.776755
2.194038 -0.017415
1.712476 0.914036
1.698788 0.907775
1.644956 0.902702
1.683647 0.903437
1.696247 0.900028
-0.624322 0.155224
-0.615062 0.152270
-0.645035 0.132796
0.240550 -1.526197
0.208030 -1.518559
0.215906 -1.515688
0.294623 -1.538050
0.887161 -1.601492
0.892082 -1.604611
0.894788 -1.592776
0.941900 -1.679062
0.903762 -1.659611
0.939960 -1.681226
0.949576 -1.671095
0.291353 0.079744
-0.399116 -0.737785
1.513930 -0.706966
1.490150 -0.654221
1.506696 -0.685078
0.504062 0.487825
0.502384 0.518159
0.573554 0.946488
0.595144 0.896603
0.637195 0.957466
-0.462330 0.517973
0.188339 1.640933
0.218363 1.715203
0.203000 1.651721
0.214449 1.671729
0.217407 1.708070
-2.404556 1.639779
-2.397280 1.629771
-2.420368 1.666660
-2.377683 1.660085
-2.389927 1.633772
0.331686 0.631728
0.334906 0.621627
0.779288 -0.477634
0.032162 0.076523
0.101901 -0.099877
0.109701 0.005271
0.109328 -0.131659
1.487837 1.008256
1.627188 1.042216
1.430203 0.937332
1.365516 0.915733
1.396978 0.955430
1.193170 0.122614
0.377818 0.112742
0.463094 0.117642
0.441843 0.122245
0.161856 0.401306
2.211345 -1.842464
-0.559498 -0.083639
-0.679044 -0.096166
0.647341 -2.209647
0.312350 -0.370592
-1.436928 -0.268560
1.975060 0.171450
1.967162 0.161573
0.672933 1.336606
0.785657 1.628377
1.774423 -0.253882
1.774204 -0.265481
1.867893 -0.170891
-0.261580 0.776383
-0.416963 0.741811
-0.440775 0.774717
-0.246848 0.764835
-1.498590 -0.954790
-1.487604 -0.937933
-1.492082 -0.976700
1.587449 0.671347
1.850070 0.797327
0.567645 0.280880
1.567648 0.681243
1.544030 0.690804
-1.311093 -1.465212
-1.327250 -1.467400
-1.288450 -1.457572
-1.275066 -1.435982
0.445341 -0.895282
-0.491422 1.679197
-0.475779 1.733541
0.833505 1.557217
0.789190 1.639890
1.128578 0.577114
-1.226745 -1.174521
-1.223048 -1.173858
-1.228996 -1.040414
-1.232614 -1.178007
-1.171931 -1.014461
-1.086633 -0.926386
-1.228836 -1.140750
-1.276176 -1.202093
-1.301033 -1.191795
1.248146 0.066596
1.244221 0.011729
1.214347 0.026317
1.039836 -0.179737
1.244005 0.012071
1.232818 0.024431
1.279324 -0.024667
1.279564 0.003965
1.112365 -0.145787
1.271360 -0.020925
-0.431984 0.435023
-0.537706 2.141656
-0.531052 2.162184
0.946156 -0.377359
0.877458 -0.330910
0.528550 1.951132
0.626380 0.225951
0.547208 0.143901
0.688728 0.210588
0.573342 0.121994
0.590257 -0.919885
-0.148424 0.930261
-0.093831 0.915949
-0.059484 0.914645
-0.016290 0.886862
0.127062 0.893332
0.165182 0.927306
-0.462141 -1.799181
-0.550213 -1.773686
-0.513593 -1.757213
0.054974 0.389969
0.111063 0.346544
1.015633 1.064683
1.059027 1.088042
0.655170 -2.270594
0.622555 -2.275457
0.554193 -2.297653
-1.985226 -0.702698
-0.274404 0.490723
-1.180565 0.854732
-1.271209 1.415416
-1.265870 1.451356
-1.286719 1.411229
-1.283402 1.412951
-1.247082 1.444770
-1.223181 1.449186
-1.242226 1.453797
-0.484217 -1.723903
-0.467655 -1.734910
-0.472407 -1.715784
-0.927866 -0.034987
-0.982797 -0.069676
0.371756 -2.031051
0.279190 -2.197963
0.267974 -2.226774
0.333689 -2.080894
0.450469 -1.939065
1.065533 1.314342
1.072158 1.309578
-0.503293 1.654914
-0.507847 1.680906
-0.540932 0.152940
-0.559673 0.127998
-0.534302 0.119429
-0.150744 -0.221098
-0.182658 -0.216568
1.308782 -0.902327
1.571445 -0.507607
1.625622 -0.564813
1.231856 1.335393
1.267721 1.310767
1.285625 1.304797
1.206931 1.287676
1.869769 -0.449630
1.871064 -0.447756
1.891067 -0.458217
1.896015 -0.449826
1.893383 -0.474594
1.194264 0.026088
1.248554 0.055392
1.247273 0.054209
1.277464 -0.004287
1.134515 0.069390
1.214684 -0.007195
1.247779 0.034458
1.089685 0.028950
1.207608 0.052816
-2.158906 -0.219700
-2.197965 -0.283828
-2.174313 -0.254260
-0.401372 -0.105547
-0.314292 -0.149662
0.530067 0.368602
0.519326 0.279815
0.443772 0.271496
-0.316401 -0.967903
0.530415 0.234777
0.497188 0.253892
0.404348 0.254022
-0.427824 -0.967119
-0.351640 -0.961167
-0.918302 0.654793
1.359965 -0.774985
1.345488 -0.783377
1.365614 -0.759375
1.440479 0.208874
1.371927 -0.786523
1.182078 0.014943
0.928299 0.800508
0.955164 0.713371
0.887761 0.765343
1.069027 0.653543
0.990594 0.786314
1.021375 0.816477
0.923241 0.750957
1.164856 0.677752
1.069439 0.656510
1.299518 0.661595
0.788709 0.686171
1.538973 1.006172
0.994507 0.767729
1.019985 0.757269
0.401806 0.727332
1.682310 0.525404
0.739979 0.011228
1.742489 -0.330836
1.623259 0.532324
-0.038186 0.687762
0.611576 0.464440
-0.191532 0.757989
0.820290 0.845870
1.370042 -1.346841
1.325878 -1.339604
1.401080 -1.323413
1.363845 -1.342795
1.377862 -1.358714
1.290336 -1.250156
1.342926 -1.248865
1.288629 -1.215617
-0.482065 -0.741962
-0.455894 -0.941342
0.164389 -1.567178
-0.456680 -0.836864
-0.436551 -0.981507
-0.490061 -0.937970
-0.432107 -0.981449
-0.419868 -0.966324
-0.412642 -0.956214
-0.356677 0.620128
-1.214067 -1.520280
-1.197184 -1.506346
-1.212986 -1.529500
-1.224778 -1.541207
-0.739740 -0.622318
-0.717910 -0.664778
-0.722808 -0.692232
-0.718455 -0.666000
-0.734227 -0.667053
-0.737830 -0.632309
-0.026600 3.276824
-0.000638 3.257326
-0.020227 3.258868
-0.014018 3.260551
-0.002217 3.250846
-0.015628 3.264204
-0.024053 3.271775
-0.004612 3.279564
-0.010220 3.270454
-0.008063 3.269337
-0.004111 3.261097
0.002812 3.265140
0.008250 3.254976
-0.002259 3.233533
0.017652 3.226472
0.000805 3.227645
0.147772 -1.757968
0.136331 -1.775109
0.148102 -1.755902
-0.191495 -0.371355
-1.001701 -1.016906
-1.016856 -1.022274
0.789081 0.887940
0.904728 0.290394
0.913097 0.313671
0.996790 0.150814
0.902439 0.190081
0.962803 0.168523
0.986169 0.179953
0.906523 0.264914
1.313062 -0.124399
0.872041 -0.143755
0.918312 0.142584
0.902328 -0.074550
0.958881 0.186055
1.370250 -0.153981
-2.251593 0.477029
-2.271392 0.603676
-2.327109 0.126902
-2.322205 0.594621
1.470246 0.751914
1.219626 2.544871
1.283277 2.661566
1.273235 2.642831
1.297474 2.685301
1.278682 2.654687
1.223752 2.529113
1.272514 2.650860
1.272472 2.641768
1.284993 2.667300
1.298881 2.653732
1.287327 2.681550
1.278314 2.655000
1.278155 2.657709
1.287073 2.658186
-0.569728 -0.572605
-1.516145 0.409060
-2.276806 0.084248
-2.323624 0.055043
-0.532275 1.079387
-2.341172 0.053415
-0.206513 1.137476
3.143891 1.949756
3.143136 1.949260
3.140002 1.947547
3.134404 1.945417
3.154546 1.958551
3.083479 1.901953
3.169717 1.973961
3.162192 1.961199
3.162924 1.965432
3.156919 1.957823
-1.331834 0.301788
-1.347326 0.267029
0.274502 -0.844086
-0.063764 -2.095796
-0.060720 -2.093206
-0.065824 -2.078113
-0.072414 -2.031259
0.032915 -1.986531
-0.077306 -2.094356
0.030025 -2.034725
-0.119412 -1.805263
-0.014444 -2.048395
1.428708 -1.706131
1.457866 -1.731463
1.463569 -1.749822
2.142487 1.462771
2.141626 1.461951
1.073652 -2.935082
1.070692 -2.926556
1.072229 -2.916931
1.072015 -2.923527
1.072165 -2.927469
1.068281 -2.904010
-2.429770 1.661881
-2.421591 1.634886
-2.414998 1.637515
-2.412845 1.637878
-2.392103 1.631486
-2.460231 1.798383
-2.432310 1.644762
-2.450574 1.784653
-2.415345 1.636101
-2.408436 1.627013
-2.412715 1.640708
-2.461872 1.781967
-2.454422 1.821549
-1.773488 -1.131276
-0.520329 -0.966738
-0.557176 -0.957644
0.583219 0.664011
0.517958 0.646538
1.371195 0.360173
1.450742 0.352480
1.444198 0.370534
1.291439 0.299207
1.463452 0.387074
0.980575 -0.311573
1.013189 -0.315857
0.691513 -0.393983
0.705116 -0.401005
0.745371 -0.162545
0.768304 -0.164683
0.773696 -0.195850
-0.100712 -1.601666
-0.095881 -1.597646
-0.118164 -1.597183
0.649163 0.682935
1.049547 -2.306175
1.067216 -2.311579
1.053144 -2.315082
-1.656934 -0.113895
-1.640514 -0.087809
1.122166 1.428288
-1.959880 0.904503
-1.937014 0.855869
-1.877389 0.930734
-1.275266 0.989859
-1.948965 0.808460
-1.988678 0.827974
-1.608807 0.603796
-1.534099 0.641540
-1.390305 0.635588
-1.340706 0.643058
-0.051930 -0.722890
-0.061527 0.131183
0.638451 -0.502847
-0.076004 0.184820
-1.412843 -0.241439
-0.479113 -0.516573
-0.483543 -0.522654
-0.486555 -0.517989
1.641678 3.073661
1.554058 3.018241
1.641069 3.091782
1.739283 3.132951
1.507466 3.062386
1.419765 2.814416
1.762280 3.187516
1.773765 3.193620
1.765331 3.164413
1.784361 3.187294
1.786173 3.182090
1.786692 3.180443
1.768740 3.175703
1.767189 3.165095
1.777510 3.190140
1.807617 3.188195
1.784567 3.189862
1.761623 3.193439
1.718688 2.876434
1.772027 3.205157
1.778176 3.179221
1.789728 3.192831
1.789273 3.189153
1.792608 3.190930
1.563963 2.986620
1.769084 3.172689
1.762616 3.193774
1.760814 3.163125
1.798841 3.207057
1.217287 3.037393
1.197542 3.040511
-1.252273 -0.355120
-1.325155 -0.400776
-1.297106 -0.365998
0.258124 -0.962266
0.241511 -0.991614
-0.135018 -0.203797
-0.203115 -0.167339
-0.221061 -0.102086
-0.263528 -0.276634
0.399946 0.853427
0.450426 0.939632
0.360502 0.939700
0.326847 0.966228
1.105432 -0.322677
-0.054907 -1.713070
0.849515 -3.088559
0.927829 -2.839302
0.913719 -2.878182
-1.138627 -0.833674
0.849154 -3.103270
0.827566 -3.098347
0.849025 -3.093071
0.846020 -3.096474
1.496805 -0.701787
1.478707 -0.656479
1.584422 -0.709678
1.576933 -0.717586
1.576667 -0.710359
1.432937 -0.630006
1.478368 -0.646352
1.582020 -0.714234
0.677534 6.318428
0.687338 6.319083
0.664354 6.323791
0.662257 6.330739
0.634045 6.358797
0.682073 6.307315
0.670568 6.297705
0.675231 6.322793
0.675633 6.314087
0.677105 6.318994
0.708678 6.279358
0.681134 6.305249
0.701513 6.279625
0.664300 6.315346
0.642399 6.344915
0.650097 6.328757
0.670707 6.331706
0.689209 6.294065
0.670845 6.317948
0.639349 6.346767
0.671049 6.320906
0.662167 6.329110
0.681210 6.298166
-0.627760 0.241408
-0.655575 0.178928
-0.625592 0.226907
-2.246714 0.197877
2.165494 -0.014379
2.155149 -0.003000
2.156855 -0.008593
2.191530 -0.016531
-2.085990 0.691850
-2.204579 0.731526
-0.025040 -0.250749
1.193786 0.491324
1.202412 0.473236
1.184740 0.459962
0.543534 -0.868979
0.524128 -0.771224
0.506267 -0.819170
1.708300 0.350380
1.712369 0.340634
-1.149740 0.786182
1.941039 0.717764
1.776529 0.651598
1.778501 0.645081
1.769372 0.654893
-1.838067 0.966471
-2.128160 0.986604
-2.189923 0.995897
-2.168809 1.012285
-2.109326 0.962737
0.697921 0.799781
0.708160 0.810994
0.671610 0.824978
-0.058111 -1.013054
0.561044 -0.511802
0.507947 -0.480439
1.671856 1.086541
1.714169 1.087510
1.715266 1.109514
1.733047 1.124740
1.720043 1.102434
1.670520 1.064809
1.722099 1.095132
1.695815 1.079094
1.677561 1.080669
1.678025 1.089231
1.383551 0.699636
1.669948 1.076580
1.043123 -0.994104
-1.643780 0.785376
0.982972 0.964766
-1.435377 0.883691
-0.375830 0.803907
0.017083 0.084882
-0.769973 0.080466
-1.421041 -0.042820
-1.423542 -0.128605
-0.657398 0.829412
0.225277 1.738049
0.304951 0.422705
-0.919861 0.325482
-0.814737 0.350009
-1.430270 1.800961
1.050840 2.755707
0.533125 -1.324828
1.112245 -3.187712
-0.077563 -1.795618
-0.074795 -1.833697
-0.085887 -1.810588
-0.084335 -1.802091
-0.070673 -1.791197
0.608417 0.994541
0.163776 -0.931971
0.115413 -1.065783
-1.025410 1.391127
-1.028452 1.385031
-1.031038 1.320552
-1.001057 1.214155
-0.174567 0.346294
-0.108781 0.361638
1.109006 -0.623929
1.089717 -0.618750
-0.044392 0.657674
0.063608 0.714298
-0.015138 0.645418
0.088202 -1.937650
0.105934 -1.963969
0.111008 -1.974828
0.061533 -1.871944
0.070856 -1.847156
0.090471 -1.963958
0.171931 -1.125815
0.225608 -1.211557
0.292269 -1.220832
0.180628 -1.519559
0.183680 -1.567283
0.247784 -1.362545
0.432358 -1.403656
0.237010 -1.344643
0.777087 1.493165
0.756081 1.495018
0.327176 -0.276160
0.255178 -0.177703
0.320011 -0.276579
0.843631 2.978442
0.872058 2.978729
0.825088 2.988372
0.653772 2.919835
0.798615 2.973181
0.534211 2.859483
0.594843 2.898768
0.515936 2.840200
0.583689 2.887909
0.574562 2.885867
1.153026 0.687918
1.148845 0.696335
1.031716 0.757443
-1.111071 -0.647655
0.245307 0.162323
-6.703100 3.562780
-6.685508 3.553838
-6.757722 3.476522
-6.701957 3.517639
-6.762932 3.460521
-6.685812 3.542903
-6.756111 3.503748
-6.774961 3.470927
-6.770270 3.451219
-6.655733 3.485523
-6.681355 3.543713
-6.745071 3.501563
-6.691388 3.557328
-6.736742 3.486573
-6.700467 3.521388
-6.711125 3.511394
-6.724289 3.536080
-6.689777 3.527601
-6.653481 3.583726
-6.758984 3.464646
-6.683897 3.500087
-6.703315 3.512922
-6.656491 3.573320
-6.681735 3.527050
-6.698411 3.530450
-6.724814 3.514063
-6.720702 3.503033
-6.704146 3.514155
-6.704892 3.496474
-6.698165 3.492836
-6.602561 3.648252
-6.705646 3.527573
-6.726088 3.524146
-6.738333 3.540978
0.491783 2.236636
0.481064 2.219811
0.478531 2.221055
1.494175 -0.648780
-0.363096 -1.015417
0.437717 -0.263673
1.076927 1.451889
1.019328 1.455838
1.066782 1.442768
1.069513 1.438116
-1.254237 -1.579331
0.342002 2.415070
-0.137111 0.013983
-0.146212 0.006327
-0.105782 0.007911
0.522568 2.271801
-0.366357 1.196833
-0.379246 1.239287
0.378326 1.297153
0.329091 1.126308
0.308710 1.078693
0.347178 0.752653
0.344786 0.783531
0.969150 1.345496
0.937285 1.352471
0.936519 1.366472
0.923625 1.290488
0.940545 1.328647
1.634393 0.026164
0.258234 -2.254949
0.262380 -2.250539
0.259238 -2.252864
0.246608 -2.263215
1.649107 -0.791145
0.738320 1.029902
0.302153 0.990786
0.293296 1.025406
0.516013 -1.403076
1.115403 -0.957579
1.225507 -0.954280
1.548368 0.997199
0.192395 1.673638
-0.101625 1.327132
-0.100340 1.319494
-0.106739 1.333458
-0.105234 1.315566
1.008647 1.499146
2.023637 0.945388
2.054285 0.974114
2.062212 0.976956
1.947341 0.867981
2.059594 0.973840
-2.412658 -0.653222
-2.470040 -0.691400
-2.434159 -0.680657
-2.387671 -0.701307
-2.291350 -0.592051
-2.460735 -0.612154
-2.377787 -0.685318
-2.366007 -0.699301
-2.459481 -0.616689
-2.443496 -0.676948
-2.434691 -0.676105
-2.474989 -0.694205
1.119850 1.477342
1.136217 1.468469
-1.529287 0.212860
-1.413227 0.280884
-1.535452 0.283570
-0.179302 -0.063753
0.697005 0.630932
1.370394 -0.272943
1.351099 -0.287002
-1.248402 1.097754
-1.193091 1.051891
-1.233053 1.109105
-0.348014 0.843559
-0.813677 0.853835
-0.796542 0.859202
-0.814224 0.811127
0.021702 -1.296935
1.177958 -1.400993
1.268976 -1.340954
0.038504 -2.086736
0.014638 -2.021561
0.036338 -2.085069
0.027762 -2.108672
0.054310 -1.935045
-0.105128 1.318695
-1.335483 0.655098
-0.209148 -0.289277
-0.290649 -0.272702
1.833590 -0.399451
1.797850 -0.355555
1.833172 -0.392339
1.924433 -0.480529
1.919086 -0.487849
1.738317 0.055211
1.723515 0.054378
1.735853 0.055946
0.991143 -1.728000
0.983960 -1.721455
1.296977 0.680357
1.379853 0.702566
1.324935 0.654292
1.170181 -1.021099
1.174992 -1.034557
1.174736 -1.032654
0.108747 0.629114
0.111865 0.630831
0.115423 0.613010
0.202031 1.441752
1.306900 2.696184
1.479214 2.841519
-0.215752 0.630721
1.935876 -1.422596
1.106012 -1.471811
-1.688935 -0.678116
-1.670018 -0.751238
-1.666537 -0.753058
-1.706751 -0.670888
-1.627602 -0.754668
-1.682896 -0.737226
0.225083 0.990992
0.533004 0.122608
0.375158 1.023272
1.277200 -0.185706
-1.944705 2.572212
-1.950618 2.577730
-1.941202 2.563815
-1.930064 2.532336
-1.931060 2.554156
-1.930690 2.549076
-1.932282 2.554786
-1.932497 2.556118
0.482112 1.248396
0.480987 1.243877
0.259416 2.112574
0.278858 2.218380
-6.788812 3.426805
-6.785122 3.412752
0.898914 -2.923161
0.642456 -0.886888
0.647221 -0.897261
1.272765 -0.974192
-0.205973 0.211989
-0.217849 0.210369
-0.243304 -0.163726
-0.073516 1.774882
-0.067601 1.751690
-0.047893 1.755924
-0.053262 1.813619
-0.072906 1.718100
-0.132671 1.586483
0.783386 1.505151
0.846172 1.551468
0.865559 1.543558
1.537840 2.442473
-0.279886 0.104979
-0.285472 0.135328
0.867789 0.337843
0.208036 0.952956
-0.332638 0.501601
-0.387247 -1.277650
1.977991 -0.511499
1.969532 -0.509096
1.864804 -0.464400
1.838261 -0.204906
1.827642 -0.182376
1.832292 -0.184495
1.789198 -0.193612
0.109088 -0.177981
0.128307 -0.247971
0.121844 -0.236117
1.610460 -0.384908
1.548558 -1.590415
1.566149 -1.584017
1.532706 -1.576188
1.569515 -1.591397
1.557454 -1.587871
1.570420 -1.594138
2.376958 -0.205833
-0.708112 -1.458287
-0.701591 -1.451942
-0.721398 -1.462824
-0.710283 -1.469039
-0.708243 -1.465364
-0.723659 -1.458961
-0.716545 -1.472289
-0.692208 -1.443849
-0.706317 -1.430856
-0.700963 -1.403927
-1.309056 -0.179417
0.474352 -2.210161
0.465917 -2.208313
0.466646 -2.193545
0.458387 -2.203281
0.472100 -2.243231
-0.464613 -0.882220
1.557891 1.159835
1.539879 1.152390
0.668288 0.668553
-1.499660 -0.479790
-1.500465 -0.485257
-1.373198 -0.525291
-1.516178 -0.473052
-1.344893 -0.577047
0.469499 0.010458
1.208582 1.385039
1.212653 1.399907
1.173907 1.309758
1.232150 1.427375
1.237015 1.426560
1.105628 1.254260
1.140073 1.291221
1.190046 1.369332
-2.159462 -0.510604
-2.213763 -0.573529
-2.225627 -0.558108
-2.195273 -0.542905
0.528969 2.289920
0.536519 2.290331
0.103136 -0.428930
0.108919 -0.228098
1.529422 -0.020562
1.515376 0.010067
1.516525 -0.000745
1.507124 0.003930
1.544660 -0.018193
1.521408 0.027644
1.518785 0.017774
1.455875 0.041485
1.492600 -0.017936
0.451369 1.509050
0.464283 1.501232
0.452261 1.514887
-0.751148 1.469206
-0.722385 1.408460
-0.727012 1.421687
-0.748278 1.499010
-0.735701 1.397552
-0.783588 0.536143
1.152690 0.628686
1.198999 0.660970
1.141987 0.618063
0.767762 -1.742343
0.766917 -1.717374
0.781981 -1.696168
0.786922 -1.726937
0.425536 0.862559
0.424613 0.780633
0.392350 0.829888
0.665976 1.014196
1.648413 0.702577
0.315879 -0.776518
-0.257769 0.795238
-0.267158 0.750990
-0.251971 0.766995
-0.014730 0.089718
-1.651048 -0.109589
1.457055 -0.619346
-0.888536 0.076949
-2.232667 -0.304747
0.290996 -1.215314
0.284868 -2.135282
0.274439 -2.140990
0.273738 -2.141210
0.280183 -2.131865
0.275997 -2.141403
-0.411527 -1.066664
-0.421592 -1.071921
1.859835 -0.398327
-0.407676 -0.248341
0.941713 0.825662
-1.248137 -0.709913
0.639960 -2.225911
0.018969 1.981329
0.043109 1.995049
0.019183 2.000129
0.017901 1.995768
-2.280958 5.686219
-2.280526 5.685905
-2.277081 5.683674
-2.281697 5.686234
-2.282514 5.686431
-2.279427 5.686535
-2.279780 5.684709
-2.286315 5.688160
-2.281639 5.686137
-2.287629 5.689034
-2.281143 5.686258
-2.279234 5.685626
-2.280794 5.685540
-2.282084 5.685322
-2.280914 5.686215
-0.368619 0.102350
-0.680397 0.895711
-0.717343 0.831852
-0.686421 0.873966
0.551613 -0.305776
-1.578166 -0.865894
-1.675147 -0.756954
-1.711753 -0.787559
-0.893636 0.409787
-1.524545 -0.293594
-1.601576 -0.291506
1.246704 -0.112827
1.424849 -0.165193
1.265650 -0.105700
-2.262524 -0.644376
-2.266402 -0.638935
-2.266607 -0.651557
0.230991 0.016499
0.172217 0.477072
0.153564 0.495039
0.506485 2.841626
0.493065 2.818612
0.495995 2.828360
0.494615 2.829503
0.496468 2.830639
-0.105052 -0.954246
-1.208744 0.690631
-0.999708 0.216498
0.223317 -0.597730
-0.001471 3.237207
0.240838 1.674148
0.643561 -2.136491
0.410501 -1.193694
0.443198 -1.306430
0.430792 -1.344334
-1.857006 0.185572
-0.826377 -0.427344
-0.745615 -0.629824
-0.737553 -0.612275
0.607981 -0.753728
-0.323179 -0.720201
1.818985 -0.449699
1.811966 -0.458963
1.806164 -0.447090
0.483454 -2.346032
0.506792 -2.329021
0.538124 -2.338552
0.695664 1.687180
0.349292 -1.085096
-0.244021 -0.762062
-0.117634 0.598827
-0.161869 0.649730
-0.465467 -1.707303
-0.460875 -1.703655
-0.455590 -1.710648
-0.491007 -1.661480
-0.490165 -1.664545
0.226220 -2.275774
0.225673 -2.279283
0.827836 -0.477130
0.848753 -0.512006
0.081474 -0.454999
0.282038 -0.576446
0.287919 -0.571074
1.732308 0.552586
1.902635 -0.502082
1.135651 -1.493323
1.133680 -1.511017
1.115422 0.904032
1.115666 0.885243
1.111149 0.893949
0.752626 -0.001400
0.391852 -1.034186
0.418075 -1.026128
0.278611 -1.129176
0.171664 0.197532
1.772367 3.162999
1.817006 3.144376
-0.184352 -0.808519
1.515681 1.066441
0.177062 -0.091486
1.650789 1.128234
0.084861 -1.486049
-2.657972 1.614389
-2.651109 1.631829
-2.652609 1.632764
-2.640163 1.620432
-2.618468 1.619972
-2.662128 1.633028
-2.633068 1.623678
-2.616209 1.612266
-2.633328 1.618854
-2.636984 1.620544
-2.654700 1.626374
-2.664014 1.642506
-2.664409 1.632611
-2.662413 1.635185
-2.662069 1.631275
1.104547 -0.273984
1.119409 -0.281943
-2.698438 -0.418828
-2.715415 -0.426650
1.069570 -2.456748
1.786634 -1.188530
1.799716 -1.195231
0.013168 2.383801
0.029902 2.392405
0.019074 2.401972
-0.586433 -0.359921
-0.427552 -1.099739
-0.428218 -1.095677
-0.447550 -1.106105
1.776832 0.770969
0.392876 1.357762
0.398446 1.355786
0.606804 -0.776947
0.459625 1.251135
0.433355 1.241637
1.463463 -1.717461
1.502771 -1.743727
1.507290 -1.734462
-1.567656 -0.412546
0.125854 1.672561
-1.034104 0.309269
-1.026515 0.312550
-1.048838 0.317276
0.818438 -0.670098
0.382846 1.296136
-0.486428 2.915200
0.072057 -1.894351
0.071188 -1.895630
-1.024616 -0.762865
-1.782060 -1.135892
-1.799723 -1.154802
-1.787985 -1.144454
-1.815525 -1.175167
-1.808396 -1.157233
-1.806298 -1.162725
-1.801060 -1.154315
-1.806283 -1.156149
2.033250 0.747875
2.035178 0.757911
1.304983 2.701206
1.292598 2.694376
1.324848 2.723979
1.298941 2.698541
1.509792 2.416221
1.499975 2.412638
0.975701 -0.408417
1.053148 1.042062
-0.720241 1.442588
0.738675 1.068310
1.858459 0.533933
1.886006 0.532919
0.468576 -1.289518
0.405077 -1.410267
0.425519 -1.403737
-1.136702 0.647989
-6.878632 3.341178
-6.942416 3.265883
-6.936854 3.273475
-0.931172 -0.206978
-0.899439 -0.181160
2.229595 -0.436483
1.677369 1.140965
-0.504282 -0.947663
0.791069 -1.241654
0.453429 1.315401
0.314064 0.501285
-0.516341 1.208858
1.125013 -1.631885
