1015 2
-0.457076 -1.795752
-0.463503 -1.834682
-0.713733 -1.759995
-0.728344 -1.764663
0.622011 -1.618027
0.637056 -1.602459
0.448753 -1.665919
0.447876 -1.689541
1.888189 -0.248329
1.889545 -0.215696
1.788907 -0.522720
1.757418 -0.476052
0.564552 -1.546987
0.529825 -1.585932
0.471630 -1.717741
1.414465 -1.095421
1.382684 -1.045127
1.674508 -1.012149
1.584948 -0.971881
1.927962 -0.411635
1.913601 -0.414543
1.770849 -0.471099
1.698516 -0.856607
1.712144 -0.871230
1.600137 -0.955836
-0.457213 -1.833410
-0.446208 -1.828240
-0.735427 -1.744906
-0.282035 -1.895722
-0.259092 -1.822946
-0.425490 -1.832358
0.831819 -1.410528
0.832942 -1.400044
0.537915 -1.574492
2.032966 -0.132184
2.033399 -0.158407
1.955225 -0.401725
0.816923 -1.401397
0.655253 -1.562705
1.426118 -0.838675
1.404013 -0.905887
1.737220 -0.854536
1.977878 -0.115043
1.867951 -0.185304
1.392290 -0.909272
1.400939 -1.053111
-0.323028 -1.803913
-0.428699 -1.906222
-0.450266 -1.778847
-0.721726 -1.767982
0.619610 -1.584693
0.428599 -1.676672
1.850398 -0.219908
1.814414 -0.475517
0.565762 -1.611228
1.384806 -1.061517
1.608820 -0.977207
1.947252 -0.413639
1.721244 -0.854507
-0.360392 -1.821214
-0.593417 -2.343406
0.807910 -1.408823
2.018692 -0.093507
1.400815 -0.826420
-0.388874 -1.658926
-0.617601 -1.690429
0.475024 -1.551695
0.405508 -1.590326
1.821251 -0.308975
1.743928 -0.455335
0.460870 -1.475793
0.450776 -1.525196
1.442238 -0.970467
1.509622 -0.906392
1.885079 -0.426474
1.779112 -0.426030
1.619779 -0.898831
1.579661 -1.008425
-0.616148 -1.761733
-0.814637 -1.689233
-0.129759 -1.674733
-0.286167 -1.750535
0.807283 -1.405638
0.576177 -1.501093
1.898403 -0.252978
1.894582 -0.377547
0.820498 -1.365267
0.754017 -1.440986
1.510414 -0.804389
1.622328 -0.771367
1.917952 -0.022031
1.896559 -0.072630
1.362047 -0.966899
1.344953 -1.028026
-0.353191 -1.737841
-0.466502 -1.698535
-0.419689 -1.703866
-0.645270 -1.710425
0.515074 -1.557017
0.387528 -1.554200
1.779097 -0.270692
1.734843 -0.479550
0.423139 -1.483013
0.428557 -1.573610
1.461908 -0.956841
1.575421 -0.913862
1.928585 -0.388556
1.769539 -0.356852
1.694186 -0.920525
1.623031 -1.034739
-0.669334 -1.732332
-0.767280 -1.721463
0.229249 -1.420759
-0.249408 -1.780893
0.730976 -1.417695
0.587137 -1.474436
1.891970 -0.210877
1.852616 -0.398644
0.808604 -1.376936
0.709983 -1.441414
1.491246 -0.813352
1.625785 -0.759086
1.954617 -0.073304
1.910660 -0.132477
1.356183 -0.928604
1.330682 -1.014422
-0.373967 -1.750902
-0.475666 -1.720130
-0.119156 -1.288172
-0.050012 -1.349177
-0.058417 -1.253184
-0.044744 -1.244756
0.051145 -0.552182
0.019105 -0.578424
0.057220 -0.539036
0.040540 -0.572154
1.418689 -0.227263
1.438546 -0.181214
1.441223 -0.175666
1.411870 -0.129633
-1.151428 -1.138977
-1.130152 -1.237180
-1.186674 -1.177822
-1.181185 -1.245756
0.371664 -1.154146
0.481261 -1.047861
0.483058 -1.044923
0.514657 -1.026662
0.888944 -0.646880
0.832954 -0.643884
0.848584 -0.650171
0.863119 -0.643603
1.375192 0.498385
1.514214 0.427878
1.556353 0.508321
1.545106 0.539390
-0.623943 -1.255920
-0.662114 -1.285693
-0.576628 -1.253952
-0.615323 -1.247828
-0.120338 -1.216201
-0.073361 -1.289048
-0.097701 -1.277617
-0.052102 -1.254707
0.041049 -0.631343
0.009835 -0.550285
0.135579 -0.570818
0.048092 -0.560446
1.412638 -0.176816
1.412559 -0.141079
1.461968 -0.191034
1.432730 -0.068251
-1.178849 -1.122945
-1.181105 -1.200635
-1.171615 -1.189753
-1.153439 -1.214595
0.172574 -1.426924
0.439949 -1.031146
0.469754 -1.029239
0.507719 -1.031362
0.900121 -0.605112
0.855828 -0.612126
0.856709 -0.612720
0.825752 -0.640542
1.481145 0.500331
1.454681 0.444772
1.535080 0.502938
1.550854 0.512708
-0.600002 -1.256873
-0.628074 -1.299722
-0.590306 -1.260288
-0.603150 -1.284251
-0.262965 -1.404921
0.012001 -1.285932
0.057478 -0.527990
0.088393 -0.667732
1.414892 -0.316102
1.516252 -0.211264
-1.159531 -1.147058
-1.117007 -1.323556
0.354505 -1.109370
0.509879 -1.042909
0.903645 -0.549934
0.830302 -0.720019
1.507353 0.278335
1.637604 0.331068
-0.540225 -1.249603
-0.565514 -1.420398
-0.226337 -1.374555
-0.000055 -1.290292
0.174767 -0.548033
0.123471 -0.787100
1.261589 -0.153526
1.497319 -0.196009
-1.101870 -1.138867
-1.009263 -1.426446
0.456280 -0.999032
0.503758 -1.065469
0.963662 -0.509633
0.797845 -0.819576
1.488004 0.429388
1.654454 0.401930
-0.511058 -1.236469
-0.545207 -1.476612
-0.391749 -0.652926
-0.340046 -0.700797
-0.766563 -0.467023
-0.860096 -0.521694
-0.429160 -0.699265
-0.341181 -0.711816
-0.789133 -0.390195
-0.811369 -0.437164
1.027561 -0.010005
1.021906 -0.062326
-1.217594 -0.627687
-1.220773 -0.704199
1.051470 -0.048377
1.047509 -0.037427
-1.237707 -0.573182
-1.325820 -0.621534
0.556331 0.215062
0.592146 0.156099
0.735050 -0.285737
0.700503 -0.227387
1.056540 0.400609
0.635642 0.171121
0.786635 -0.247945
0.776846 -0.188512
1.080896 0.680139
1.024377 0.619296
-0.614883 -0.776789
-0.511121 -0.767783
1.049671 0.671475
0.993648 0.589581
-0.609896 -0.705657
-0.528946 -0.805108
-0.542007 -0.536508
-0.373535 -0.754332
-0.762717 -0.168305
-0.790393 -0.469808
-0.511351 -0.680444
-0.321438 -0.728992
-0.699254 -0.401930
-0.845060 -0.403414
1.080436 -0.122017
1.013043 -0.016223
-1.169735 -0.679834
-1.237577 -0.759578
1.057451 -0.123444
1.076837 -0.087422
-1.243852 -0.656090
-1.265923 -0.671719
0.605647 0.245052
0.649018 0.233662
0.809871 -0.270852
0.681148 -0.212202
0.611247 0.153297
0.522744 0.071228
0.844586 -0.213415
0.749642 -0.266916
1.092541 0.609793
0.957365 0.595546
-0.541498 -0.894419
-0.512024 -0.805588
0.991527 0.679891
0.941110 0.611358
-0.626051 -0.884647
-0.487480 -0.717771
-0.272749 -1.108784
-0.174070 -1.048773
-0.538121 -0.465891
-0.536358 -0.466965
1.223294 -0.127816
1.258085 -0.117198
-1.204341 -0.871734
-1.193352 -1.071912
0.524153 -0.408094
0.570070 -0.391435
0.816130 -0.411565
0.806871 -0.380529
1.112145 0.572676
1.221966 0.528613
-0.581084 -1.014979
-0.592322 -1.083948
-0.237909 -0.927126
-0.220411 -0.981489
-0.596470 -0.477277
-0.479795 -0.501153
1.436503 -0.245707
1.342269 -0.144063
-1.249398 -0.850570
-1.190076 -0.964683
0.481322 -0.441370
0.400604 -0.596292
0.873325 -0.359409
0.835107 -0.356333
1.209335 0.564693
1.205612 0.514846
-0.551526 -1.039731
-0.630349 -1.114011
-0.709538 -0.746017
-1.121745 -0.696441
0.536474 -0.213162
-0.789633 -0.401570
-0.644940 -0.639171
-1.218107 -0.597787
1.206669 -0.101333
-0.810221 -0.347156
0.869900 0.514793
0.915652 0.262395
0.409908 0.237492
-0.261096 -0.511207
0.908173 0.599195
1.010110 0.162784
0.465921 0.122121
-0.253281 -0.477011
-0.555633 -0.898641
-1.127006 -0.542735
0.490520 -0.250241
-0.786690 -0.424195
-0.775668 -0.659274
-1.108809 -0.581345
0.507372 -0.216770
-0.713712 -0.318229
0.910417 0.593660
0.553809 0.963176
0.337282 0.239551
-0.266357 -0.363469
0.955178 0.590084
0.923185 0.347090
0.422543 0.099064
-0.209665 -0.348256
-0.416662 -0.797637
-0.390911 -0.785542
-1.023364 -0.552618
-1.128543 -0.518732
0.907678 -0.230377
0.883206 -0.164662
-1.074382 -0.574999
0.816591 0.416718
0.836938 0.391019
0.876948 -0.145853
0.847527 0.423375
-0.458980 -0.795099
-0.448694 -0.830510
-0.998414 -0.541834
0.977403 -0.193072
0.804414 0.474479
-0.725048 -1.207642
-1.200461 -1.120175
0.658010 -0.588302
0.106505 -0.454765
1.452118 0.366561
1.409606 -0.072983
0.311214 -0.906894
0.027635 -1.108691
-0.770713 -1.117184
-1.023045 -1.041603
0.663676 -0.635192
0.146716 -0.526446
1.369172 0.453654
1.347399 0.025814
0.410962 -1.260991
0.061945 -1.201065
-0.711774 -1.142565
-1.076229 -1.073519
0.149501 -0.404032
0.464250 -0.573320
1.303074 0.434122
1.351476 -0.036912
0.232903 -0.986085
-0.028656 -1.150217
-0.722910 -1.166814
-1.041032 -1.068868
0.632840 -0.587387
0.096707 -0.597628
1.392829 0.388249
1.371128 -0.000833
0.322994 -0.970829
0.035725 -1.111574
-0.395360 0.347861
-0.340726 0.390383
-0.385439 0.416960
-0.260314 0.433950
-0.246518 0.431520
-0.288963 0.400023
-0.341772 0.296249
-0.386101 0.364442
-0.228321 0.439730
-0.255166 0.473020
-0.148156 0.438663
-0.184122 0.468328
-0.345436 0.379342
-0.205256 0.458182
-0.284161 0.352835
-0.232967 0.473371
-0.605775 0.245122
-0.158330 0.368346
-0.142879 0.401538
-0.555017 0.233255
-0.529905 0.091157
-0.146929 0.320329
-0.035790 0.415187
-0.277936 0.352462
-0.423551 0.462228
-0.071267 0.352331
-0.095681 0.268407
-0.414101 0.114247
-0.510449 0.153340
-0.041266 0.508568
-0.018448 0.351397
-0.285806 0.286558
-0.747788 -0.990461
-1.088700 -0.874356
0.612267 -0.411096
-0.500453 -0.310881
1.261372 0.475044
1.510828 -0.057079
0.492334 -0.356793
-0.056810 -0.935063
-0.682007 -0.986252
-1.042201 -0.778358
0.590073 -0.397615
-0.531591 -0.328176
1.211527 0.432296
1.250076 0.056523
0.305309 -0.519572
-0.065288 -0.881280
-0.294599 -1.645993
-0.386863 -1.686054
0.760719 -1.381915
0.522086 -1.316047
1.787603 -0.151636
1.771754 -0.287351
0.629015 -1.410500
1.443646 -0.749521
1.548517 -0.797589
1.756517 -0.246747
1.385892 -0.974154
-0.466214 -1.628994
-0.667710 -1.682801
0.362697 -1.421263
1.749690 -0.334104
1.443088 -0.873828
0.230176 -1.049393
0.338819 -0.822607
0.719278 -0.486668
0.656546 -0.757115
1.385431 0.268968
1.554324 0.342950
-0.727836 -1.101483
-0.639383 -1.308925
-0.013663 -1.148320
0.122142 -1.175125
0.184660 -0.496316
0.200882 -0.759751
1.322198 -0.148779
1.241121 0.035276
-0.982299 -1.091736
-0.950755 -1.250952
-0.488658 -0.121667
-0.167380 0.258718
0.081327 0.347566
-0.130467 0.185602
-0.144241 -1.275320
-0.074007 -1.206158
-0.019391 -0.613859
0.052283 -0.606667
1.307735 -0.109048
1.384938 -0.160934
-1.167269 -1.130742
-1.161884 -1.198939
0.321247 -0.926841
0.499857 -0.967676
0.780500 -0.578531
0.779335 -0.659596
1.350144 0.490085
1.490487 0.484085
-0.659724 -1.225796
-0.584060 -1.277326
-0.165418 -1.228278
-0.138972 -1.171815
0.087481 -0.613592
0.051975 -0.664301
1.365717 -0.144699
1.402992 -0.126050
-1.198959 -1.096722
-1.181194 -1.114250
0.516889 -0.835151
0.466034 -0.997812
0.843988 -0.554168
0.794147 -0.675974
1.447901 0.404042
1.525497 0.454034
-0.594358 -1.243925
-0.567243 -1.158528
-0.597172 -0.577312
-0.821306 -0.447169
-0.584237 -0.604574
-0.844530 -0.400965
0.944137 -0.060454
-1.254577 -0.493035
0.813558 -0.053539
-1.474128 -0.700591
0.535804 0.145364
0.619681 -0.035333
0.578498 0.075718
0.644594 0.011989
1.061069 1.131834
-0.321040 -0.571499
0.849890 0.761708
-0.393600 -0.576912
-0.270660 -0.668026
-0.772124 -0.423878
-0.582897 -0.582710
-0.849709 -0.429316
1.057744 -0.328219
-1.074859 -0.601003
0.780393 -0.131045
-1.177329 -0.548095
0.553111 0.197072
0.610175 -0.010544
0.658720 0.123956
0.686469 -0.040111
0.812184 0.760713
-0.324105 -0.509947
0.645367 1.152053
-0.387819 -0.525586
-0.514552 -0.744747
-0.724306 -0.440748
1.089979 -0.121575
-1.130527 -0.610445
0.553115 -0.155595
0.737275 -0.209810
1.004782 0.637790
-0.427250 -0.795822
-0.377631 -0.825212
-0.735352 -0.437331
1.103471 -0.149510
-1.146305 -0.639362
0.561182 -0.188913
0.754118 -0.236213
1.101910 0.349124
-0.447282 -0.891402
-0.623137 -0.633693
-0.968468 -0.486570
0.729089 -0.231835
-1.089272 -0.438196
0.688233 0.285233
0.785510 -0.051440
0.483503 0.849710
-0.297747 -0.614024
-0.680261 -0.722323
-1.015362 -0.481727
0.621448 -0.231380
-1.076807 -0.397893
0.730366 0.371952
0.792131 0.072952
0.645668 0.515395
-0.279684 -0.442481
0.396086 -1.010126
0.365652 -0.873730
0.658654 -0.542652
0.685059 -0.670116
1.352775 0.398864
1.300014 0.409150
-0.789639 -1.072048
-0.715350 -1.156186
-0.051898 -1.148012
-0.013704 -1.107315
0.242762 -0.522783
0.054336 -0.538611
1.229289 0.037836
1.061346 0.102553
-1.087866 -1.031306
-1.023840 -1.097548
0.405722 0.208125
0.400082 -0.110129
0.425444 0.223232
0.592040 0.236250
0.607937 0.388230
-0.201164 -0.133069
0.652923 0.625133
-0.466594 0.054256
-0.496786 -0.283715
-0.733366 -0.346206
-0.472212 -0.287596
-0.743121 -0.263365
0.732224 0.129999
-1.207891 -0.569627
0.690034 0.091900
-1.131522 -0.413117
0.347660 -0.177976
0.506752 -0.208246
1.024675 0.430171
-0.687216 -0.707233
-0.291968 -0.684559
-0.563206 -0.299883
1.480019 -0.068573
-1.090363 -0.553350
-1.262893 0.153541
-1.299304 0.159475
-1.161192 0.081949
-1.215495 0.104177
-1.262131 1.614937
-1.398630 1.573901
-1.280529 1.608968
-1.011652 1.754271
0.378953 0.700943
0.408910 0.717286
0.348455 0.726355
0.358267 0.733282
0.168162 1.960972
0.011665 1.883646
0.081680 1.822913
-0.000657 1.818482
-1.262937 0.107799
-1.292023 0.084345
-1.226325 0.118840
-1.199570 0.072326
-1.237097 1.607978
-1.258067 1.636490
-1.244314 1.635445
-1.160883 1.692054
0.397297 0.671250
0.310702 0.759036
0.345558 0.733635
0.326099 0.730413
0.084000 1.899087
0.064890 1.859427
0.097244 1.864563
0.007941 1.791525
-1.298020 0.599185
-1.415382 0.682498
-1.318877 0.801533
-1.395771 0.841291
-1.327331 0.669738
-1.425721 0.753365
-1.314781 0.959641
0.103109 1.168715
-0.082656 1.143449
0.007114 1.279785
0.215654 1.423563
0.113115 1.367822
-0.043155 1.481501
-0.173543 1.562398
-1.182755 0.619900
-1.367185 0.700007
-1.246498 0.896717
-1.339954 0.929149
-1.530865 0.702359
-1.346991 0.838105
-1.000718 1.547772
0.201341 1.117042
0.227138 1.340756
0.019411 0.677046
0.164890 1.299996
0.105967 1.404529
0.097221 1.413476
-0.007034 1.523258
-1.344717 0.545616
-1.372994 0.722744
-1.460563 0.693381
-1.352396 0.895042
0.348687 1.008064
0.091502 1.254285
0.330740 1.226756
-0.008679 1.368954
-1.386058 0.585799
-0.801446 1.141918
-1.469103 0.821722
-1.165837 1.037331
0.553899 0.836384
0.145061 1.231141
0.177651 1.278093
0.128730 1.426332
-1.120100 0.648377
-1.422062 0.157643
-1.356919 1.122413
-1.335028 1.340108
0.063672 1.066055
0.123762 1.132116
0.049976 1.615346
0.013444 1.608894
-1.289315 0.588342
-1.380377 0.505001
-1.349459 1.196912
-1.279104 1.163947
0.125595 1.048741
0.182227 1.060434
0.154186 1.482134
0.009842 1.546540
-0.946667 0.569059
-0.822064 0.528684
-0.856626 0.663564
-0.724135 0.709010
-0.064751 0.749253
-0.039029 0.902182
-0.153691 0.611106
-0.160422 0.923108
-1.013970 0.586331
-1.086998 0.617135
-0.916164 0.804650
-0.866625 0.770745
-0.078949 0.838800
-0.042846 0.909444
-0.067786 0.928225
-0.006120 1.144937
-0.788527 0.282080
-0.776527 0.656686
0.080981 0.809411
-0.161865 0.758156
-0.797154 0.388111
-0.696689 0.642771
0.062616 0.828787
-0.035228 0.872216
-1.225296 0.062049
-1.058667 -0.103239
-1.637730 1.137103
-1.396379 1.395061
0.472579 0.489322
0.474153 0.498206
0.202834 1.778108
0.282403 1.667179
-1.315843 0.089446
-1.102699 -0.043612
-1.285107 1.474580
-1.291126 1.482054
0.404041 0.477865
0.422391 0.578920
0.361472 1.525330
0.405741 1.252884
-1.296283 0.589587
-1.248377 0.819466
-1.538816 0.755488
-1.624407 1.358617
0.193364 1.136966
-0.013541 1.287959
0.185152 1.342601
0.025176 1.448402
-1.199021 0.707300
-1.262913 1.038284
-1.506828 0.785180
-1.305186 1.115246
0.232559 1.107879
0.204942 1.197109
0.141517 1.234105
0.048032 1.525113
-1.272917 0.447828
-1.463438 1.051538
0.364041 0.934425
0.149855 1.122981
-1.281005 0.503918
-1.407673 0.979517
0.350219 0.905410
0.152268 1.055319
-1.139571 0.708282
-1.400966 0.728586
-1.282012 0.928250
-1.408372 1.039485
0.076867 1.305600
-0.014117 1.330806
0.027762 1.495486
-0.108481 1.491415
-1.346246 0.616055
-1.262383 0.643601
-0.928503 0.850149
-0.895895 0.737604
-0.106794 1.336477
-0.089608 1.314915
-0.032233 1.478271
-0.046733 1.547056
-0.577896 0.918113
-0.539154 0.958667
-0.505182 0.988566
-1.002582 0.866272
-1.326929 0.688693
-1.398095 1.013540
-0.053312 1.358343
-0.338165 1.533835
-1.203730 0.708875
-0.803105 0.970015
0.024947 1.249794
-0.139132 1.455114
0.511461 0.449668
0.468068 -0.116514
-0.508759 -0.399047
-0.957973 -0.340361
-0.690304 0.361250
-0.329075 0.432269
-0.330595 0.435355
-0.358602 0.433203
-0.547610 0.337240
-0.380765 0.450968
-0.205918 0.605942
-0.232252 0.553584
-0.382283 0.228184
-0.321083 0.512946
-0.457832 0.423785
-0.364015 0.417789
-0.469943 0.427687
-0.313668 0.485576
-0.203309 0.449091
-0.223443 0.464409
-0.467374 0.249747
-0.318503 0.362410
-0.079369 0.340790
-0.171700 0.373921
-0.183505 0.307053
-0.082513 0.478186
-0.516945 0.293885
-0.479752 0.128692
-1.322177 0.182514
-1.174239 0.254660
-1.320074 1.638770
-1.306306 1.603924
0.410065 0.723764
0.350581 0.766859
0.361351 2.079157
0.150616 1.805477
-1.097574 -0.029960
-1.173272 0.087905
-1.293400 1.665191
-1.300815 1.558238
0.327762 0.688013
0.333033 0.740560
0.062860 2.015796
0.150117 1.822878
-1.393248 0.680626
-1.319841 0.899087
-1.406540 0.784799
-1.258300 0.966208
0.196119 1.161292
0.060159 1.281781
0.084097 1.438213
0.038618 1.560550
-1.279938 0.704112
-1.276622 0.930689
-1.382444 0.918167
-1.140052 1.032607
0.275034 1.149675
0.044642 1.249588
0.057894 1.385334
0.039173 1.461334
-1.215056 0.498510
-1.349580 1.415460
0.193957 1.110423
0.106713 1.633927
-1.213307 0.499277
-1.355557 1.327477
0.216084 0.995499
0.038366 1.470483
-0.610632 0.357913
-0.799801 0.684190
-0.088801 0.853640
-0.178306 0.810949
-0.675604 0.558258
-0.804388 0.779062
-0.050281 0.898844
-0.106162 0.935719
0.095644 0.645766
-1.101346 0.346499
0.069542 0.625704
-1.182041 0.044945
-0.365105 1.796419
-0.910898 1.696828
-0.272862 1.804360
-0.976011 1.643121
0.137049 0.627405
-1.069630 0.253699
0.054852 0.724822
-1.082894 0.154268
-0.187641 1.812530
-0.988309 1.650765
-0.220284 1.763919
-0.892456 1.714965
-0.424739 1.140098
-1.150469 0.793889
-0.553993 1.402638
-0.987259 1.195246
-0.593652 1.218297
-1.072457 1.054157
-0.592479 1.423145
-0.888598 0.860610
-0.357123 1.283009
-0.968542 1.031907
-0.305227 1.172558
-1.030903 0.980205
-0.436131 1.290589
-1.132110 1.059818
-0.503828 0.982195
-0.765401 1.012372
-0.548562 1.017671
-0.803841 1.180701
-0.295566 0.942974
-0.806865 0.854926
-0.400493 0.982182
-0.800270 1.057534
-0.298842 1.099877
-1.080442 0.843023
-0.569453 1.547259
-1.008808 1.373599
-0.010497 0.946591
-0.979845 0.725716
-0.347587 1.524033
-0.960723 1.275396
-0.394374 1.083052
-1.053802 0.943841
-0.513327 1.326095
-1.092609 1.173824
-0.136156 1.069049
-0.913506 0.670738
-0.432659 1.186435
-1.042916 0.953287
-0.414911 0.853120
-0.797482 1.056435
-0.279872 0.920030
-0.753294 0.605594
-1.191131 0.563347
-1.310547 0.935876
-0.270142 1.493605
-0.579462 1.449763
-1.094087 0.681428
-1.004670 0.967205
-0.220301 1.413931
-0.183117 1.560062
-0.470089 1.233331
-0.595511 1.372753
-1.052901 0.982749
-0.786577 1.395624
-0.108339 1.203707
-0.285839 1.407219
-0.880428 0.901882
-0.866983 1.078639
-0.614667 1.019213
-0.653112 1.273959
-0.549154 0.890055
-0.630170 1.146316
-0.294428 1.681405
-0.829933 1.558085
-0.561642 1.372550
-1.030156 1.692311
0.176180 0.515650
-1.026825 0.182416
0.212364 0.542772
-0.908526 0.027421
-0.462611 1.304551
-0.950972 1.151212
-0.499020 1.393100
-1.019783 1.208732
-0.129049 1.102216
-1.222793 0.641516
-0.438661 1.156319
-0.948960 0.965339
-0.453144 1.313515
-1.105771 1.196924
-0.188503 0.932490
-0.984917 0.648651
-0.480212 1.438864
-1.281149 1.017603
-0.117752 1.180139
-1.047971 0.909526
0.134348 0.541027
0.099790 0.648400
-0.208021 1.861097
-0.029985 1.831820
-1.158405 0.148149
-1.206232 0.043007
-0.959331 1.880980
-0.997721 1.520015
-1.025215 0.842653
-0.894993 1.163786
-1.092626 1.052615
-1.063609 1.213516
-0.258366 1.182009
-0.418674 1.392831
-0.391988 1.200997
-0.172191 1.498547
-0.962707 0.757689
-1.055977 1.334292
-0.274764 1.096590
-0.444348 1.530522
-0.994183 0.878773
-1.006084 1.076379
-0.346895 1.267489
-0.353127 1.570319
-0.540320 0.450492
-0.410410 0.363525
-0.279966 0.545013
-0.364535 0.553949
-0.210487 1.025966
-0.387989 0.982728
-0.739514 1.000992
-0.854287 1.103216
-0.648571 1.107897
