96 2
0.845661 1.053701
1.149111 0.642044
1.266888 -0.050952
1.189705 -0.591714
1.023455 -0.833224
0.565504 -1.186673
0.184959 -1.248999
-0.632805 -1.145709
-0.938517 -0.911326
-1.116648 -0.716777
-1.221406 -0.106492
-1.175683 0.609023
-0.898471 1.039630
-0.683228 1.175559
-0.093072 1.320968
0.410301 1.278880
0.874226 0.871456
1.075494 0.650819
1.184780 0.046400
1.122822 -0.550801
0.962328 -0.847575
0.701341 -1.032065
-0.271352 -1.181275
-0.566462 -1.122935
-0.880180 -0.867863
-1.077305 -0.503191
-1.181202 -0.138629
-1.134651 0.399681
-0.934113 0.836279
-0.638904 1.104046
0.138055 1.282993
0.356384 1.206465
0.812955 0.790282
0.957743 0.621520
1.053385 0.046244
1.045203 -0.372225
0.779142 -0.802608
0.398602 -0.995365
0.087598 -1.105940
-0.492172 -1.013116
-0.745626 -0.736050
-0.948234 -0.561860
-1.065249 -0.263432
-1.104355 0.353500
-0.891108 0.690937
-0.555327 0.959110
-0.132896 1.069608
0.255178 0.987923
0.655316 0.666591
0.913188 0.337510
0.851771 -0.022343
0.878181 -0.315661
0.613807 -0.641784
0.360657 -0.932084
0.173073 -0.968145
-0.251871 -0.802839
-0.663320 -0.680466
-0.813395 -0.399863
-0.920751 -0.108221
-0.822783 0.217782
-0.652047 0.646265
-0.364282 0.865334
-0.037054 0.985973
0.415135 0.803310
0.492728 0.540264
0.691513 0.278471
0.760589 0.124215
0.673214 -0.315050
0.561634 -0.498372
0.309824 -0.721470
0.008628 -0.768737
-0.170923 -0.737448
-0.528418 -0.400870
-0.655855 -0.246717
-0.678989 0.053416
-0.630874 0.327714
-0.533373 0.466095
-0.255008 0.597865
-0.031002 0.723177
0.291678 0.633049
0.453792 0.420170
0.621265 0.290916
0.650059 0.175550
0.628482 -0.210307
0.509584 -0.457809
0.305633 -0.638647
0.017863 -0.724216
-0.228613 -0.644139
-0.441977 -0.390225
-0.561976 -0.317387
-0.582524 0.053613
-0.527965 0.250669
-0.405034 0.464366
-0.261105 0.561595
0.011372 0.647430
0.108331 0.660670
