3264 2
-1.301096 0.518108
-3.921602 0.083784
5.009344 3.183329
-3.710089 -0.579522
-2.785643 0.882361
-0.892600 -0.713645
-1.202999 -0.112174
-5.084006 0.375299
-0.000059 2.499041
-0.216764 0.993142
-5.419609 0.839905
0.541133 0.464942
-5.074347 0.111097
-0.859673 0.502509
0.034965 2.549474
-5.251923 0.689535
-0.141466 0.791897
-1.486739 -0.103350
-0.578006 0.053845
-0.321821 0.424547
-1.211628 -0.025331
-4.486094 0.396458
-5.249694 0.931414
-0.289471 -0.815284
-3.417372 0.963525
-4.991643 -0.052470
-4.144469 1.027322
0.159172 -0.138351
-5.036004 1.152173
-0.850477 3.009122
-4.094220 0.234089
-4.249440 0.070574
-4.006687 0.789239
-0.811900 0.860727
-4.874033 0.627150
-0.947787 -0.117013
-0.904163 -0.678033
-4.713156 0.068784
-0.998423 -0.152459
-1.459413 -0.071720
0.011135 0.346100
0.124912 0.869418
-1.461322 -0.108701
-0.482520 0.042598
-0.006875 2.461175
-0.233141 -0.698620
-0.456342 0.033810
-2.636537 0.002935
-5.066802 1.228112
-0.483572 0.049076
-3.663560 0.024582
-5.275723 0.439875
-1.310001 -0.152872
-0.224313 -0.963844
-5.052202 1.203026
4.269235 -4.079351
-3.553818 -0.421053
-1.088252 4.257704
-5.250585 0.740163
-0.637606 0.072289
-5.019934 1.426358
-0.363839 0.550696
-4.440522 -0.000640
-0.908240 -0.694940
-1.157910 -0.214895
-4.237384 -0.233915
-2.187864 -3.074852
-5.068591 1.128293
5.387317 -2.781515
-5.024212 -0.006461
-0.241633 0.364418
0.152142 -0.108348
-0.735478 -0.600367
2.518754 0.865028
0.414126 -2.651924
-0.349338 0.465869
-0.740142 -0.572258
-0.933761 -0.720583
-3.909309 -0.102767
-4.599954 0.035302
-3.775846 3.074476
-0.461427 0.038511
-5.357034 0.767788
-0.966860 -0.358259
-0.336026 0.510521
-4.994688 0.803194
-4.389802 0.638274
-5.573508 0.430665
-4.160547 0.487513
-0.376137 0.708824
-3.697021 0.077912
-1.287453 -0.085148
-0.934795 -0.124179
-3.548379 -0.040714
-4.941023 0.473363
-5.094667 0.888940
3.153066 -0.342561
-0.895469 -0.691189
-5.178686 0.805009
-1.476662 0.451892
-5.439442 0.215180
-0.477206 0.291211
-4.202883 0.265507
-5.031930 0.515810
-0.880876 0.797002
-5.040261 1.133477
-5.044158 1.088404
-5.092323 -0.100008
0.131462 2.025498
-0.463065 1.016048
0.378818 0.828321
-1.242484 0.588942
-1.828875 0.803594
-5.508858 0.478759
-0.900364 -0.707627
-1.241739 -0.174983
-0.211477 0.146059
-5.262315 0.941878
-0.731387 0.626438
-3.718850 -0.597278
-0.983003 -0.013205
-4.323267 0.498914
-4.988211 0.671474
2.426634 -1.354389
-0.036746 0.769460
-0.824956 -0.772519
-4.282603 0.439296
2.267099 6.235082
-0.888981 0.818690
-4.285052 1.823211
-0.893100 0.811724
-0.112103 -0.155792
0.333851 2.000202
-0.850999 0.727356
-0.679072 2.137071
-0.957123 -0.051319
-0.158546 0.686805
-0.440243 -0.034185
-0.343147 0.511692
-0.894949 0.805247
0.041333 0.711159
-0.201024 0.882761
-0.347479 -0.697571
0.018772 0.715870
-0.163303 0.703564
-0.064675 0.613593
-5.224134 0.706939
0.015087 0.367655
-1.873364 0.810349
-1.892563 0.800558
-5.309362 0.731332
-4.434737 0.500473
-5.009573 1.080348
-4.713128 0.625511
-5.179081 0.796999
-5.180724 0.821579
-1.046855 0.689947
-0.315418 0.755798
-4.840339 0.550975
-0.517317 1.172993
-0.228724 -0.957569
-3.904040 -0.477848
-1.101905 0.723865
-2.085064 1.073695
0.196851 -0.734118
-0.472038 0.466299
-5.393996 0.559559
-5.687615 0.618328
-2.515615 0.032652
-0.877377 0.313987
0.132235 0.322952
-3.508315 -0.406051
0.092201 2.007662
-0.364196 0.160845
3.692477 0.914533
-5.126388 1.154036
0.024503 0.366003
-3.657189 -0.460512
-4.311284 0.195002
-5.160260 0.907867
-0.445415 0.035900
-4.864268 0.216621
-2.177342 -0.729921
-4.943314 1.139272
-2.166118 -0.765773
-0.425617 0.091286
-0.440668 0.076236
-0.751930 0.271227
-5.490010 0.499241
0.157182 -0.119141
-0.559767 -0.106373
0.272828 0.276194
-0.233850 -0.247529
-5.049516 0.128012
-0.640131 1.409934
0.299652 1.036972
-0.888238 0.533269
-0.111213 0.760192
-2.039170 -0.497336
-5.655562 0.638011
0.146194 2.043597
0.358214 0.744376
-0.919987 -0.511851
0.597468 0.416159
1.920216 -1.344224
-5.430516 1.748618
-0.498425 0.704430
-0.222901 0.421371
-1.054322 0.579177
-1.157964 -0.364551
-0.235287 0.374284
-5.336348 0.661651
-2.629072 0.007146
0.471441 0.813857
-1.508970 -2.509635
-4.798596 0.476496
-2.049524 0.850076
-4.246806 -0.358080
-5.445614 0.792068
-5.140398 0.910682
-5.226031 0.706276
-4.081314 0.581746
-5.599312 0.555376
-4.883033 0.823437
-0.049080 -4.437505
-0.289813 0.423453
-0.645750 1.423754
-3.648239 -0.463871
0.093340 0.299025
0.007113 0.369244
-5.396644 0.789958
-3.658105 -0.468278
-5.536137 0.811014
-5.152737 0.693335
-3.240820 0.910340
-3.656183 -0.451647
-0.320408 0.424561
-5.633779 0.594321
-0.929634 -0.405994
0.490221 0.803029
-0.254300 0.327101
-0.345065 0.332656
-0.818675 -0.762230
-5.239126 0.577011
-0.307772 0.223751
-0.547568 0.812282
0.141303 0.706813
-5.465401 0.781379
0.114804 1.311853
-0.814433 0.531992
-5.101986 0.459187
-1.099304 0.726256
-5.247262 0.583420
-5.306673 0.648720
0.464589 0.795875
-3.497626 -0.075440
-4.723776 0.468865
-0.396877 0.622213
-5.278238 0.567536
-0.833587 0.845896
-5.051353 0.304831
-4.458820 0.448719
-4.082841 0.970151
-1.265562 0.151148
-5.038940 -0.055050
-4.153686 0.446750
-4.198248 0.264734
-5.039839 0.535562
-3.768528 3.161847
-0.036457 2.507489
-1.374120 -0.073574
-4.589278 0.470481
-0.021623 -1.259996
-0.915918 -0.630122
-4.969362 1.186992
-5.024078 -0.161974
-0.694830 1.316196
-4.728834 0.004268
-1.242811 -1.429370
-1.796029 0.757179
0.204387 0.800056
-0.234897 0.347449
-4.014810 1.236085
-3.635330 -0.485108
-4.881399 0.514542
0.153769 2.709818
-1.110513 0.328362
-1.844410 0.747193
-3.981982 -0.082425
-1.089603 0.735033
-5.010505 0.560672
-5.556376 0.832886
-2.542641 0.031564
-2.760689 0.883348
-3.744827 -0.341945
-5.018245 -0.083444
-4.416259 0.438959
-1.443402 0.019168
-6.518128 1.214642
0.067543 0.768162
5.390260 -2.781644
-5.238755 0.464966
-5.208628 0.907084
-3.733998 -0.571884
-3.529103 -0.574463
-1.247862 0.485535
-0.483088 0.059661
-0.012169 2.487385
-0.247053 -0.929369
-4.877529 0.572648
-3.994837 1.480969
-0.916488 -0.371881
-0.891659 -0.231029
-0.903495 -0.377620
-0.899343 -0.348458
-0.266633 0.128416
-5.123782 0.649743
-5.359734 0.524048
-0.455949 1.324333
-0.551823 0.363436
-3.631960 0.043970
-3.963012 0.840160
0.082832 1.875934
-1.878804 0.825450
-1.860284 0.819409
-1.889265 0.835004
-1.865704 0.822339
-0.828441 -0.624466
-0.934551 -0.691758
-0.194053 0.541254
-2.186905 -3.074614
-5.490119 0.474706
-0.119129 0.176775
0.317671 1.051082
-5.256768 1.018248
-5.252369 0.755914
-1.106663 0.334924
-4.981354 -0.166915
-1.046119 -0.833302
-0.536160 0.113797
-2.999846 2.607240
-3.968309 0.328048
0.786107 0.744627
-3.981100 1.043609
0.073889 -0.545635
-0.698887 1.288960
-1.072320 0.583029
-0.955228 0.188321
-4.929659 0.946478
-1.661755 0.633062
-1.430143 1.135799
-1.709092 1.208192
-1.949652 1.211219
-1.537934 1.159465
-5.235215 0.387041
-5.162646 0.478185
-5.015707 -0.146377
-1.248260 -1.473532
-1.254857 -1.504158
0.041294 0.788371
0.033744 0.777142
4.265753 -4.073692
-5.425527 0.773639
-5.203287 0.508282
-5.409846 0.379542
-4.961472 0.757394
-1.473105 -0.082840
-1.465809 -0.112502
-0.760599 1.051511
-0.858113 2.295504
1.330292 -2.852998
-5.087207 -0.061375
-4.719985 0.370569
-4.857101 0.389319
-1.420825 0.473249
-4.691730 0.446013
-4.830773 0.164401
-3.616893 1.785081
-0.167072 2.015817
-5.159339 -0.235999
-1.808234 0.008078
-5.403017 0.516539
0.111089 2.009744
0.090048 2.008413
0.421193 0.769415
0.455031 0.781102
0.488799 0.494707
0.111157 1.300336
0.125604 1.054262
-5.199342 0.652828
-5.458740 0.512375
-3.190490 0.921027
0.129895 -0.124405
-0.178389 -0.003024
-2.581918 0.001908
-2.549426 0.016021
-2.585618 -0.000057
-0.201924 1.048283
-0.689188 1.323488
-1.312382 -0.987149
-1.369530 -1.018422
-1.379829 -1.145213
-1.348604 -0.877101
-1.391566 -0.954581
-1.430244 -0.949203
-3.419038 0.975078
-5.511891 0.819027
-5.247038 0.349358
-0.552532 -0.074831
-0.203411 0.174473
-0.075436 0.316468
-0.059573 0.771977
-5.828901 0.605621
-5.270224 0.665468
-1.477842 0.403192
-0.141368 0.747996
-0.161442 0.794649
0.025757 0.758133
0.124097 0.799740
-5.556811 0.822352
-3.268205 2.433845
-5.007789 1.237622
-2.281040 0.839826
-4.036770 1.041509
-4.071529 1.004073
-4.065030 1.034850
-3.685129 0.036591
-4.444313 0.597727
-3.460497 -0.668759
-3.952750 -0.108831
-0.044286 2.496268
-0.025910 -1.218897
-0.022591 -1.259337
0.285234 0.302591
-0.445601 0.055543
-0.486925 0.026755
-5.033250 0.460299
-5.097123 0.388396
-5.248087 0.504609
-5.467189 0.872957
-3.909805 2.344898
-5.090293 1.245315
-5.019444 1.429720
-4.874084 0.360079
-4.953608 0.399152
0.947475 4.318111
-3.468272 -0.062277
-0.499132 0.772496
-5.567200 0.863749
-5.517923 0.853732
-5.569845 0.775340
-2.185656 -0.712705
-0.074054 0.778078
0.103479 0.462770
-5.319483 0.907914
-5.126652 0.738077
2.537415 -2.075530
2.539317 -2.075895
-4.845091 0.750229
-4.352519 0.700221
-4.928677 0.012294
-4.981492 0.388179
-5.001236 -0.187336
-3.438426 0.789259
2.141194 0.296798
2.141717 0.296041
0.156896 0.950778
-6.520788 1.227704
-4.955267 1.248979
-5.206711 0.500070
-4.421794 0.310447
-0.120010 0.791568
-0.023945 0.813715
-3.688000 0.073656
-3.734484 -0.441142
-3.741107 -0.447364
-0.687035 1.273125
-0.011741 2.483656
3.692646 0.918110
0.008115 0.372815
-5.293777 0.527193
-5.197745 0.603524
-5.325740 0.512317
-0.452212 0.071184
-0.454411 -0.161032
-0.450281 -0.142671
-1.460714 -0.099617
-1.483441 -0.107905
-1.487934 -0.108928
-5.143893 0.398948
-1.964424 2.541621
-0.260684 0.361716
-0.262503 0.452448
-0.307467 0.586319
-0.334889 0.465545
-0.262693 0.959833
-0.120011 0.693350
-0.981162 -0.363675
-0.438210 0.676279
-0.979217 -0.201107
-5.086923 -0.029581
-5.138529 0.030568
-3.712516 -0.594956
-4.781384 0.542370
-3.822642 -0.184172
-0.054154 0.083526
-4.952039 0.727413
-5.114785 -0.021468
-0.554479 0.142531
-4.424049 0.448121
-0.785307 0.532829
0.071085 1.861541
0.055347 1.849185
0.042130 1.994821
-1.496141 0.520359
-5.216640 0.406402
-5.021071 0.478746
-2.330755 0.844143
-0.795908 0.217771
-0.736132 0.207292
-5.174123 0.796113
-4.901165 1.195170
-5.075099 0.399710
4.266319 -4.075029
-5.181632 0.529447
-0.465818 0.065330
-0.416030 0.071496
-0.452961 0.084789
-0.002852 0.953752
-0.630823 0.543166
-0.637159 0.574216
-3.910629 -0.105233
-3.863011 -0.079000
-3.596410 -0.214313
-0.109177 -0.167477
-5.145520 -0.213933
-4.397698 0.709259
-4.527690 0.916661
-1.186793 0.644562
-4.563572 0.495496
-0.440765 0.299155
4.845655 -1.638701
0.103109 2.646846
0.114981 2.662836
-0.374373 0.693612
-4.990696 0.659625
-0.357628 0.629162
-4.832000 0.782236
-5.244026 0.602762
-5.475590 0.159512
-2.111662 0.845054
-4.095521 0.454253
-4.992621 1.232836
-5.026775 -0.195445
-4.683727 0.333879
-5.483711 0.936086
-3.734145 -0.436540
-0.407820 1.187117
-5.583333 0.840815
-5.025251 0.432715
-3.875474 -0.181616
-0.327857 -0.713556
-0.122725 -0.125068
-0.704276 -0.557540
-4.247911 0.476952
-4.578799 0.057186
-0.310349 0.843754
-1.234361 -0.155867
-0.254050 0.346851
-5.016733 0.804120
-4.952494 0.816918
-4.731917 0.609061
-4.934827 0.834041
-4.972507 0.891593
-3.465086 -0.263913
-1.342797 -0.443825
-5.656984 0.608962
-0.011732 1.089666
-5.029289 -0.202877
-5.025101 -0.209626
-5.665790 0.611912
-0.572559 0.242943
0.360732 0.802589
-1.568657 0.556900
-4.995454 1.342249
-0.974382 -0.085214
-2.740532 0.875966
-0.891692 0.824070
-5.047774 0.580584
-2.055785 0.933038
-3.277732 0.896646
-0.480610 -0.050480
-0.496567 -0.061369
-0.544617 -0.169322
-0.335540 1.047558
-5.442410 0.500029
-5.309699 0.804737
-5.325210 0.959914
-1.240270 -0.171393
-1.830380 -0.239259
-3.744606 -0.361907
-0.835522 -0.538952
-0.790716 0.109907
-2.205663 -0.658432
-1.879351 -0.173407
0.254833 0.278341
-5.561064 0.592448
-4.683701 -0.032467
-0.717191 2.133615
-1.493720 -0.106305
-1.286840 -0.108015
-1.494384 -0.125254
3.168750 -3.356158
-1.887630 0.677178
-5.093451 0.919226
-0.838056 -0.702267
0.535778 0.824764
-5.044339 0.887807
-0.026110 0.335376
0.032050 0.339220
-0.284044 0.135611
0.055615 0.330194
0.059845 0.324412
0.065220 0.323608
-4.339395 0.837648
2.513479 1.577282
-0.932925 1.956843
-1.533358 0.558724
-1.313009 0.422655
-0.284062 0.349098
-0.009040 2.477845
-4.981066 1.305525
-3.727280 -0.555175
-1.966986 2.541975
0.278832 1.043486
-1.938750 0.831519
2.281648 6.247451
-5.574138 0.593645
-5.505620 0.540697
-1.040891 0.565659
-0.377700 0.535350
-0.991106 -0.167311
-1.444128 -0.074353
-3.862894 2.289463
-4.204413 0.228927
-0.890383 0.541713
-6.461451 1.185206
0.496142 0.507281
0.588269 0.428071
-0.782207 0.609587
-2.616718 -0.039555
-0.047786 -4.440211
0.488699 0.812095
-5.095316 -0.122381
-0.585275 0.404066
-0.690552 0.284861
-5.361276 0.752284
-0.255811 0.384106
-0.242210 0.468878
-0.842252 -0.510891
-0.108093 0.256226
-1.230724 0.015742
-5.167099 -0.017377
-3.964330 0.806997
-0.370332 0.501035
-0.349940 0.488445
-5.041428 0.696794
-5.069591 0.589285
1.921589 -1.352887
-1.247999 -0.179195
-1.510158 -2.506029
-4.740816 0.471325
-0.762149 -0.570311
-1.103166 0.339712
0.279282 1.442831
0.029429 2.474186
0.008382 2.438192
-5.491124 0.162715
-5.361459 0.231815
-5.563640 0.817385
-1.151060 -0.212698
-5.010369 0.418498
-1.985897 0.092137
-4.043120 0.811431
-4.044399 0.695374
-4.063362 0.783500
-5.243182 0.986335
-4.697109 0.661773
-1.197898 0.439346
-0.738924 0.510837
-1.412017 0.439351
-1.360371 -0.978006
-5.036988 0.889631
-1.104369 1.622882
3.173329 -3.354794
-4.940834 0.790769
-5.042540 0.793236
-5.096777 0.943771
-4.988301 0.793258
-5.199910 0.702550
-5.335638 0.487211
-1.022489 -0.230610
-0.351754 -0.694490
-0.033281 -1.211158
-5.450568 0.613239
-5.627286 0.513907
-5.535268 0.547320
-5.663219 0.496898
-3.494129 2.473450
-4.876785 0.594820
-0.402843 0.297887
-1.847580 -0.010669
-5.025536 1.161550
-0.660030 2.117359
-0.566932 2.183578
-5.065870 0.916097
-0.108036 0.250729
-1.068079 0.559405
-0.158217 -0.330563
-0.102131 0.155994
-0.175419 0.211745
-1.215916 0.121334
-2.080415 0.921005
-4.242929 -0.428585
-0.817831 -0.564221
-3.942260 0.801343
-3.932805 0.794346
-0.526842 0.215381
-0.532296 0.222016
-0.354558 0.488165
-3.961189 -0.032659
-0.145240 -0.817796
-0.177630 -0.766019
-0.894162 -0.649232
-0.590048 0.340215
-0.600252 0.336420
-3.449162 0.851840
-3.245420 0.877584
-0.845979 3.011123
-0.490606 0.133383
-3.724200 -0.440850
-0.327667 0.483527
-4.252250 0.172757
-5.144302 0.463276
-5.199803 0.590451
-5.281503 0.471837
-5.038506 1.198910
-3.715505 -0.592243
-0.265352 0.373044
-0.300532 -0.624011
-0.354752 -0.568947
-0.604447 1.356719
-3.976732 -0.207206
-5.183511 0.304199
0.311196 1.043654
-0.231842 -0.306347
-0.231234 -0.290921
-0.178600 -0.315522
-0.348515 -0.109561
-0.467620 0.069601
-4.921089 0.103236
-3.707150 0.033122
-1.379798 0.073465
-5.481243 0.795500
-5.083806 0.700249
-0.044100 0.806122
-3.988580 0.800201
-4.111417 0.930879
-4.025247 0.483512
-4.011138 0.376820
-5.334425 0.556019
-5.489856 0.648549
-3.817022 2.413248
-0.214211 -0.151475
1.152888 -2.213308
-5.207330 0.274744
-2.620755 0.007349
-4.247448 0.128594
-4.167108 0.281639
-1.400137 0.670386
-3.912078 -0.462241
-1.190600 0.631618
-1.188321 0.629933
-0.453879 0.077535
-0.917403 -0.001735
-0.146443 0.178375
-0.349539 0.865548
-3.444629 0.928935
-1.502988 -0.113253
-0.624678 0.280324
-0.851353 3.012109
-0.847468 3.007081
0.500124 0.813845
-2.052519 0.647451
-4.091614 0.974044
-4.435348 0.445887
-1.871769 -0.021019
-5.476636 0.493421
-3.530847 -0.043990
-4.265877 0.083023
-4.519852 0.383848
-5.549743 0.535892
-5.285959 0.475536
-5.108900 0.441295
0.252542 0.671117
-0.991462 -0.086731
-0.963234 -0.059890
-0.958398 -0.056590
-0.470259 0.749021
-0.651260 1.473341
-5.389403 0.747486
-0.932840 -0.717405
-0.957355 0.024030
-1.252008 0.126867
-0.943613 0.081875
0.094188 0.406834
-0.890130 2.888504
-3.708329 -0.572959
-0.208116 1.060782
-1.078842 -0.854207
-0.068792 0.758723
2.515452 1.572765
-0.127439 0.902411
-3.654598 0.036028
-0.452215 -0.025712
-4.968211 -0.147370
-4.654837 0.022324
-4.761880 0.542154
-5.113257 1.222101
-1.378629 -0.058472
-1.596336 -0.135507
-1.468901 -0.119338
-1.586305 -0.182820
-0.797791 -0.524849
-0.787007 -0.550608
-0.790497 -0.540024
0.128268 2.029136
-4.679465 0.495246
-3.855006 0.938552
-5.177774 0.974427
-5.255744 0.904823
-0.197687 0.051912
1.924591 -1.637144
-4.060408 0.756254
-0.883010 0.194071
-0.442626 0.070191
-0.784940 0.240270
0.194783 0.299895
-0.851558 0.076365
4.843744 -1.638143
-0.761421 -0.551395
-1.240180 1.913361
-0.505435 1.160921
0.015861 -1.080099
-0.127332 0.226183
0.089332 -0.567317
-1.342602 0.446803
-0.849823 3.010977
0.450926 0.830121
0.373045 0.876509
-3.806577 0.181270
0.179703 -0.710114
0.203047 -0.733405
0.296363 -0.985682
-1.033010 -0.078104
0.013796 2.458473
-0.009999 2.463223
0.692062 0.759137
-1.977412 2.548128
-5.154405 0.453492
-2.623028 0.003095
-3.327111 -0.365729
-0.618954 1.475382
-0.255412 0.565186
-4.256285 -0.399614
-0.114210 0.241018
-3.761778 3.192011
-0.072833 0.806156
-3.901196 2.329669
2.422377 -1.352503
-4.041895 -0.111930
1.156205 -2.212704
-0.937153 -0.016223
-0.306338 0.387213
-1.401063 -0.038409
-4.187573 0.516630
-5.020934 -0.113787
3.219981 -0.913347
3.217609 -0.913558
-4.199068 0.617435
-0.998301 -0.216650
-1.024989 -0.226322
2.517575 0.867857
1.325575 -2.852627
-5.364501 0.755799
-5.722576 1.228050
-0.887505 0.534274
-5.233252 0.838705
-0.527061 0.789662
-5.040395 -0.175947
-5.039339 -0.213848
-3.976792 0.827395
-5.043413 0.785062
-4.089918 0.606734
-5.119700 0.824363
-0.193269 0.534852
-0.781001 -0.555628
0.947711 4.317596
-5.283978 0.435254
-5.337245 0.497792
-0.470563 -0.152056
3.147163 -0.349772
-3.054457 0.864058
-0.033398 -1.261287
-0.879564 -0.649967
-1.838215 0.812116
-5.325252 0.483027
-1.435763 0.017230
-5.234188 0.280810
-3.471377 -0.063578
-5.439572 0.760987
-1.019429 -0.153609
-4.132281 0.608253
-0.045607 2.486786
-5.209888 0.612908
-5.157672 0.644676
-0.813816 0.660781
-5.270566 0.708232
0.109909 -0.075327
-1.470559 0.450356
0.513710 0.780568
0.117602 0.783926
-5.427691 0.223996
-0.474608 0.416477
0.269784 0.813545
0.178552 0.656197
0.010503 -0.048327
0.106948 -0.070925
0.041272 -0.074399
0.021308 -0.054522
-0.575668 0.236629
-0.374168 0.559294
-0.384294 0.593887
0.587305 0.425136
-6.259164 1.051437
-3.540850 1.572172
-0.835434 -0.610620
-0.901150 -0.710042
-1.502938 -0.109650
-0.694654 1.309153
-2.283396 0.849386
-1.733685 0.253297
-0.766344 0.721562
-1.404323 -0.135560
-4.966847 1.273240
0.598720 0.420761
1.927965 -1.642386
-0.346780 0.475462
-4.693259 0.603269
-1.928828 2.511847
5.016275 3.188404
-6.079852 0.511905
-1.431676 -0.145669
-1.319581 -0.277033
-0.416940 0.076358
-3.462833 -0.070471
-2.950149 0.080903
-2.729340 -0.062438
-0.118088 0.870446
4.268074 -4.076880
4.268783 -4.078959
0.282663 1.043129
-3.564495 1.663593
-0.165530 0.018454
-5.394230 0.287409
-5.284363 0.378213
-1.996240 1.006795
-0.331311 0.421734
-0.408217 0.370141
-0.779289 0.217895
-0.799741 0.201183
-0.561278 0.097075
-0.576001 0.135056
-1.556559 0.585681
-0.343449 0.470438
-5.049470 1.160776
-0.254367 0.329136
-0.403313 -0.142039
-0.406149 -0.146669
0.415375 -2.654169
-4.239964 -0.360905
-2.502106 -0.656818
-0.471762 -0.367735
-0.334969 0.402582
-0.369110 -0.423695
3.150948 -0.340079
-5.073472 1.146361
-5.078229 1.113720
-5.023687 1.158285
-4.947287 0.234090
0.060606 0.674766
-0.187249 0.524522
-5.161803 0.232303
-5.341677 0.182968
-4.275843 0.431739
-5.107714 -0.089858
-5.337922 0.922795
-0.499411 0.337130
-1.443170 -0.024924
1.621156 4.391675
-6.408777 1.153092
-3.782919 2.963550
-3.498116 -4.021166
-3.737440 2.623339
3.567064 0.725428
-2.166135 1.083992
-3.121818 -0.539271
-4.505062 -0.592441
1.909512 -0.138167
-1.237753 -1.766003
2.147801 -2.095008
3.312287 -0.078175
2.191538 -0.141985
5.597840 2.066919
-3.386751 -0.961278
-5.097476 -0.781190
1.620465 3.576767
-1.833420 4.289941
-3.671189 -4.184711
-1.873286 2.431322
1.271396 3.496445
-0.700524 -5.902009
1.620323 4.381508
3.927074 -1.232108
1.578072 2.238756
-0.762086 4.820220
-1.141968 4.298166
-3.730353 0.153963
-0.884478 4.794511
-0.466759 4.997551
-0.751219 4.822848
-4.132830 2.178194
3.894290 -1.925703
-1.383673 2.461909
-3.987649 2.661591
-0.986011 4.488968
1.621037 3.578727
-3.101003 -0.553086
-1.215777 3.974278
-2.975490 -0.710129
-3.609741 -3.975767
3.922130 -1.233434
2.828033 -4.099592
0.300456 -2.622308
-3.071386 -0.567717
-3.766978 2.716058
-3.484748 -4.013682
-3.565306 -1.857881
-4.589170 1.349188
-4.537333 1.288678
-2.575184 -0.489812
-2.603508 0.722210
-5.528123 -2.051392
2.828623 -4.102736
-3.635705 2.675874
-3.201551 0.959255
2.098408 0.176836
-3.718262 2.798734
-3.615075 -3.981818
0.711562 -3.942275
-4.413773 0.212697
2.762327 -3.516128
-4.370901 0.249767
-0.884424 4.793477
2.196019 -0.132347
-0.939846 4.779698
-1.479028 -2.697983
-3.740411 -3.919715
-1.494814 4.598024
-3.814437 -1.794558
-3.693539 2.634784
4.353266 1.988871
-3.783395 -2.045375
0.767150 2.266948
0.179734 2.075126
-3.706599 2.746315
-3.732511 2.906273
-1.160084 4.309931
-3.372271 -0.083735
-0.644936 2.422330
-5.517194 -2.038196
4.877151 -0.191202
-3.567029 -1.772834
-2.582816 1.906008
-1.247766 2.593130
0.509821 2.109034
4.126398 1.619994
-3.991868 2.150975
-3.617931 -1.707346
-1.688283 1.124443
-1.475062 2.194045
3.119423 -1.458293
-3.027467 3.070349
-3.449981 2.364924
-1.156272 4.314005
4.878577 -0.191169
-1.860900 4.293314
-0.157521 -3.748462
-2.925515 -1.034651
-4.604056 -1.067821
3.328481 0.796245
-4.171664 -0.695048
-4.491155 0.168185
-4.228295 2.072545
0.057018 2.563429
-3.620562 -1.721206
-0.462373 4.999799
-3.047867 3.039029
4.651632 -1.215125
-4.138356 2.500788
-3.579560 -1.824217
-4.611984 1.388953
-4.046788 2.649741
-1.319984 -0.525401
-1.002465 4.380600
-2.999908 1.677197
-3.769670 0.157473
-3.555840 -3.823941
-3.091492 2.402562
-3.474627 2.455709
-3.939645 3.737972
-1.218072 2.121881
0.052086 2.535268
0.149276 2.063798
-2.483537 1.392379
-4.009497 2.287224
-3.848757 -1.670225
-4.622431 1.389038
-1.610048 4.542767
3.689264 -0.112478
-1.457963 2.161842
-4.102977 1.532181
-3.862802 -1.706679
2.579057 -1.224444
-4.598064 -1.004393
-3.456573 2.539262
-2.917703 1.754360
-3.439582 2.540847
-1.319890 1.727493
-3.580122 2.772365
0.539740 -5.173540
0.045309 2.570152
1.783139 2.453802
2.762769 -0.458691
-3.482566 -0.456006
-1.051828 2.119287
-6.281200 -0.493405
-5.346123 -1.811255
0.299939 -2.621802
3.183151 3.537290
-3.723687 2.856025
3.593604 1.328327
-3.988822 0.141543
0.529342 -4.588929
1.472778 -3.789806
-3.113728 -0.509062
-4.392959 0.244899
-3.963691 3.666595
2.828576 -4.100006
-3.411525 -0.750771
-3.159401 -6.201467
-1.160178 4.323865
-5.018915 -0.689154
-1.229328 -1.762224
-4.759244 1.110205
-1.267741 2.535687
-3.372271 -1.183881
-3.653368 2.709184
-5.456872 -1.964797
5.139256 0.484895
3.728622 4.577749
-4.739099 1.405054
-1.568335 2.680466
-1.481690 2.098518
-4.173636 -0.725939
-2.416231 1.386956
-3.782228 -3.940575
-0.960638 4.694383
-2.784817 0.643301
3.690978 -0.113627
-1.228397 1.567757
-3.598555 -3.986923
-3.734746 -3.927004
-3.673673 2.712573
-5.312565 0.147275
-3.948120 0.618950
-4.410798 0.261998
-1.145398 4.305621
-0.708277 -3.615694
3.733961 4.573869
-2.695185 1.226637
1.785247 0.387687
0.251987 -1.118864
-3.037947 3.054721
-4.124732 1.536819
1.783289 0.403300
-3.177379 0.970108
-3.047529 3.029009
2.099985 0.175532
-3.769895 0.186668
1.783134 2.454085
-1.106085 2.131855
-1.316787 2.074880
0.306588 -1.045891
-0.634146 2.443419
-4.640404 1.381767
-3.688671 2.623732
-4.404653 0.235699
-2.574386 0.712116
5.134271 0.490058
-2.516625 1.403989
-0.722563 2.311668
-0.719856 4.852726
-3.242646 0.911361
-1.474126 -2.727084
-3.196219 1.477735
-2.578941 -0.490431
-2.837246 0.663925
-4.096804 1.086220
-4.059188 0.682981
3.533405 -2.413830
-4.083044 1.016360
-3.204499 1.474177
-3.691163 2.629169
2.439856 2.414436
-6.340055 1.105100
-4.108277 0.236125
0.310148 -1.033543
-3.098558 0.604651
-3.674176 2.601773
-0.960589 2.027566
-3.660581 -4.178334
-1.474505 -2.729172
-1.659020 4.580419
-4.242691 -0.420320
-1.684469 4.407582
-4.814074 1.231287
-4.033030 2.654172
-3.620296 2.691690
-1.401698 1.860484
-1.147429 4.096688
-3.090858 -0.558513
-4.116068 2.229029
-3.036144 3.051368
-6.213284 -0.394267
-0.948005 2.127583
-1.390245 2.664997
3.795549 2.023391
2.524904 0.499771
-3.157053 2.385453
-0.796213 2.163853
-3.051997 1.185391
-2.535965 1.916829
5.129024 0.480135
-4.673797 -0.037062
3.198383 3.546637
-3.416410 -0.966970
-1.412375 2.748498
1.409922 0.806649
-4.372506 0.192214
-3.696302 1.862247
3.894388 -1.928139
-1.377308 4.366871
-2.386520 1.442211
-2.949180 -0.296453
2.173040 0.519123
-4.123886 0.300295
2.608139 0.638080
-4.039672 0.491116
-4.262752 0.193394
1.433515 -0.743328
-3.962116 1.262123
-1.394835 2.102649
-4.059049 2.647321
-6.318027 -0.550826
-2.980725 -0.704331
-1.111921 4.298896
-6.492177 1.242929
-1.297423 2.984662
1.473779 -4.576332
-1.780561 2.347117
-3.406085 2.561572
-6.019145 -0.119674
3.893723 -1.925683
-3.766265 2.952780
-2.366831 1.498062
-1.309827 3.798431
-1.342445 2.631706
-1.169967 1.657674
-4.060351 2.652504
0.285143 -1.096458
0.467081 -5.054689
-3.999851 0.686708
0.490748 -3.597179
-0.384878 5.049072
-2.159680 1.542007
-0.814081 4.810294
2.189144 1.729096
-5.070812 -0.127302
-4.385599 -0.813500
3.329115 0.802879
-3.765603 -3.905666
2.967221 4.245675
-3.667656 -3.885063
4.878470 -0.191043
-5.467941 -1.974970
1.428233 3.276379
-3.120232 2.363644
-3.103447 2.393045
-3.215988 0.921508
1.428401 3.273299
-2.527010 2.087162
-2.525359 2.094790
-4.529100 -0.151994
-5.499213 -2.018694
-5.369465 -1.838274
0.548995 -5.182794
-4.245079 -0.422393
3.173780 3.534371
-1.248638 1.957413
-1.374853 2.580613
0.904058 0.733183
3.139775 3.494959
-5.282670 0.073706
-1.050023 2.433280
-1.221748 1.940139
-3.441080 2.268210
-6.081222 -0.204576
-1.914189 2.689474
0.548516 -5.181310
-1.404972 -1.006777
-1.309066 2.941956
0.715753 -2.998830
0.645758 -2.329351
-3.712501 2.890460
-1.672314 1.882607
-6.450879 1.208542
-3.712266 -3.963715
-4.238497 2.080906
-4.130665 1.521344
-1.674829 1.881191
-4.546474 -0.628153
5.597882 2.066391
-5.419739 -1.905951
-4.311162 0.148229
-2.888796 2.705624
-3.751517 -3.891006
-5.084537 -0.761867
-1.545109 -4.654490
0.665888 2.199739
-0.699957 -5.900422
-3.685259 -3.919951
-3.480614 -4.018209
-2.826568 0.293882
-3.631100 -3.895838
5.598784 2.066593
-5.360133 -1.827268
-3.681595 -3.879942
-0.929983 4.797637
2.971108 -0.339702
-3.561083 2.733331
-4.568771 1.260323
-5.463471 -1.969537
-4.948177 -0.067443
-1.546249 -4.654501
-3.504483 -4.025920
2.761855 -3.514005
-3.499573 -4.007690
3.188157 3.540515
-1.290561 3.008984
-4.479257 0.209154
-2.892567 2.703296
-5.039041 -0.722380
-2.906911 2.695997
-4.462809 0.188291
3.335223 2.578335
2.575809 -1.227334
-3.535964 2.624697
-2.250371 1.626654
-1.143154 4.300931
-1.240119 -1.812096
0.077514 2.515034
3.330451 0.799143
-3.706007 2.639626
-3.717230 2.571759
-5.761699 -4.225055
-5.760463 -4.224059
-5.761589 -4.225101
-1.864741 4.291963
1.761816 5.484529
-3.406440 2.532258
-1.189394 4.329868
-3.765370 2.863360
-3.654574 -3.902424
-3.383900 -1.105787
-3.496409 -1.833065
-3.409133 -0.847987
-4.553183 1.275727
-0.742632 4.826471
-1.396742 -0.996184
0.318473 -1.041333
5.598867 2.066470
5.602176 2.067022
-4.117640 1.405070
-3.766473 2.936961
0.491230 -3.598358
-4.086397 0.213456
-0.024397 -1.163062
0.326154 -1.047993
-1.248755 2.119310
-1.412171 2.047053
-5.517471 1.933869
-1.199277 4.360415
-1.039721 4.291300
-3.790071 2.991563
2.758985 -1.920265
2.759640 -1.917898
2.577016 -1.987899
-4.068534 1.300360
-2.671191 1.242285
-2.618328 1.281426
-1.928516 2.837199
-1.902896 2.799993
-1.918963 2.822718
3.332238 2.583258
0.550825 -5.183923
-3.715610 2.614774
-3.755154 2.591975
-3.594170 -1.745718
-1.010803 4.468028
0.911967 -3.335309
-3.777198 2.587199
-3.782916 2.859098
-1.540858 -4.650148
-1.543451 -4.652202
-1.535705 -4.644587
-4.200979 1.473343
-1.026095 4.273063
-6.330824 -0.572840
-1.506095 2.466738
-1.367658 2.419966
-3.697711 1.835335
-2.537472 1.979886
-3.248799 1.429968
-3.603922 1.108697
-3.835900 0.331647
3.120897 -1.457821
-4.626530 1.352751
-1.044141 2.050783
2.760195 -3.511258
-2.850600 1.792142
-4.772670 1.342877
-2.428931 1.665811
0.237277 -3.735363
2.426179 -2.005234
2.422724 -2.006049
-3.988363 0.625084
-1.408913 2.400593
1.107461 -2.652570
0.492600 -5.094219
0.476711 -5.068681
-4.056309 0.201651
-0.624958 4.894993
5.597713 2.068403
3.150573 1.785060
-3.897155 2.469206
0.737526 2.244104
0.770231 2.266498
-4.127146 1.981710
4.654557 -1.214983
2.192878 1.732164
0.643538 -2.330950
1.580662 2.240354
-0.700670 -5.900062
-1.777057 2.287504
-1.900841 2.469763
-4.268503 -0.288711
-2.648390 1.898544
3.924544 -1.234690
-3.495049 -0.449379
-4.237852 -1.023855
0.158924 2.062073
-3.500794 -4.007286
1.906102 -0.133809
-4.240248 1.942549
-3.698322 2.878055
-3.734931 2.848285
1.738287 -3.262528
1.739723 -3.263862
-1.399773 2.150685
2.763266 -3.513625
-0.935079 2.016502
-3.412490 2.556421
-3.432143 2.561565
-3.402058 2.523753
-1.873004 0.843578
2.102781 0.619533
-2.559887 -0.590872
-3.434999 -0.703617
-3.500311 -0.693842
-3.000172 0.661860
-3.197876 0.979335
0.553238 -5.185836
3.170631 3.529630
0.222407 -1.128312
0.261886 -1.110450
3.532116 -2.414138
-4.161395 2.466981
1.423903 3.270939
1.474915 -3.789212
-3.119657 -0.532801
0.676335 2.209024
-4.799852 1.367521
2.193327 -0.132666
-4.033521 2.352114
-3.987834 3.609856
-1.721991 2.735388
-3.944467 2.417355
-4.065001 2.627522
-3.450396 2.481280
0.915671 -3.341057
0.915285 -3.343365
-1.086772 4.272520
0.067244 2.530466
-1.652441 4.434293
-4.113026 1.537235
5.139924 0.482373
5.141650 0.481915
-1.349560 2.070385
-4.474073 -0.148449
-3.110838 -0.512529
-3.783471 3.006117
3.328757 1.451702
3.333051 1.447294
-1.234675 1.569707
-2.038759 1.174822
-3.359224 1.342267
-3.446076 2.538469
-3.587369 -1.779395
-5.514762 -0.170306
-5.498383 -0.152449
2.621645 1.428579
2.620064 1.425434
-0.185442 -2.781607
-0.188264 -2.781322
1.524058 -2.891544
-3.263668 2.478284
-0.699101 -5.899840
-3.091530 2.385835
-0.155209 -3.749141
-0.156369 -3.751913
-0.160501 -3.749265
-2.895774 2.703747
3.842202 -2.235305
-3.251665 0.905580
0.467612 -5.053476
0.476556 -5.066006
-1.074960 2.112313
-1.257615 2.195395
-6.331074 -0.574014
2.608415 0.636614
1.740815 -3.263632
3.858304 -2.241943
0.178355 2.072212
-1.720642 2.747719
-4.007124 1.985411
-2.929812 -0.308729
-3.117207 -0.535750
-2.246828 1.625966
-3.753446 -3.908549
-3.738508 -3.920496
0.514183 -5.131818
-5.308930 0.105634
-5.210635 0.166448
-3.104403 1.575996
-2.944439 1.728562
-2.887869 1.768315
-3.489748 -4.021480
4.775481 -0.771565
4.776937 -0.768843
4.774785 -0.770639
2.068280 1.073888
2.064578 1.075422
-5.211957 0.128939
-5.262800 0.113466
-1.012735 4.746169
-0.961159 4.770166
0.456111 -5.031578
-1.533365 -4.642346
-2.530955 1.927701
-3.034698 3.061044
2.761338 -3.513174
-3.032731 3.060375
-1.250077 -1.813781
-1.128049 4.287868
-3.719803 -1.529478
2.195552 1.726103
2.857612 -1.064450
-0.797691 2.168554
-0.976637 4.586038
-0.687631 4.881323
-0.734261 4.841598
3.318191 -0.076665
-1.412091 2.684351
-1.542871 2.493041
-2.445623 1.373658
3.567865 0.725669
2.099110 0.176460
-1.394693 4.368703
1.928247 1.418635
-1.789904 1.546747
2.969778 4.245533
-0.664441 2.390786
-3.795944 -1.984185
-5.521769 1.933431
0.531740 -5.157364
0.049341 2.528661
-3.713916 0.099943
-3.902693 2.349380
-3.829034 2.293305
-4.082766 2.178622
-5.577398 2.028344
-1.099307 4.260572
-5.457396 -1.960117
-5.458035 -1.962199
-1.758937 1.004470
2.965668 4.245962
1.805270 1.701530
-4.402783 1.284147
-3.385017 -0.094085
3.290038 1.909156
-1.886044 2.457967
-3.123060 2.393629
2.622388 1.427659
-1.121532 2.038033
-4.363295 0.202790
-4.279602 0.204523
-1.491866 -2.636148
-1.855891 -3.628469
2.436374 2.412390
-2.984099 -0.697682
-1.200003 2.133345
1.568950 -2.431573
-3.754610 -3.919234
-3.716664 -3.915287
-3.379004 2.532274
0.664170 2.200474
0.655799 2.194438
-4.529376 -0.196463
-2.924384 -1.008612
-4.177983 0.158827
1.619749 4.381590
1.620105 4.380197
-4.502926 -0.123240
-3.471289 2.373167
-1.423626 2.746486
2.391147 1.855527
2.397851 1.860284
-3.514371 2.628758
-1.688002 1.103565
4.653636 -1.213572
0.257454 -1.047339
4.879764 -0.191911
-4.572392 -0.168944
-4.032285 0.596883
-0.769215 4.786733
-3.572664 -3.995537
-3.397388 -1.003136
-1.114688 4.262433
-2.520839 2.093678
-2.535261 1.999991
-1.005306 4.748411
1.521573 -2.890628
-3.401337 2.497688
-3.511746 2.630908
0.532933 -4.586873
-3.985380 2.420274
2.486571 3.340732
4.780898 -0.760499
3.795511 2.025452
2.969184 4.244056
-4.022545 2.278359
3.289365 1.464838
3.289672 1.465112
-1.944606 1.830365
0.919762 0.730380
2.102838 0.619355
-1.863919 0.824805
-1.581116 1.811786
-1.591590 1.816138
-1.412858 2.436275
-1.389899 2.455058
-0.811970 2.171387
-2.585444 -0.476973
-0.932041 2.760264
-2.601040 1.931420
-3.437607 -0.741355
-2.520888 1.424518
-2.497362 1.409467
-2.523424 1.408722
-4.617102 0.923631
-3.562422 -2.693574
-3.836601 -1.777714
-3.818791 -1.853515
-3.197983 0.960729
3.289041 1.909556
0.048281 2.498121
-3.076975 -0.693539
0.722703 -3.004351
-3.990160 2.194779
-4.556825 -0.142055
-3.787843 2.940675
-4.563193 1.292305
-2.756765 0.611165
-3.790346 -2.036631
-3.802655 -1.981251
3.690742 -0.113808
-3.728003 -3.920451
-3.717748 -3.893710
-3.535982 -3.984986
-3.711259 -3.949081
-3.778158 -3.927852
-3.732899 -3.894697
-3.729575 -3.890371
-4.030854 -1.287733
-2.372019 1.413824
-4.300117 0.036376
-4.423966 0.084292
-1.480018 -2.685206
-4.571685 -0.777374
-3.528937 -4.010180
-3.402462 -0.916715
1.906879 -0.132870
0.030519 2.480016
-3.181032 0.970959
-3.130433 1.535824
2.524092 0.497825
-3.107402 -0.557928
-5.530794 1.951382
-5.558388 1.998196
1.805387 1.702902
3.727891 4.579196
1.770798 5.496733
-2.893459 2.707861
-2.898904 2.700745
-0.700922 -5.901246
1.472426 -4.576671
-4.804870 1.334263
-1.543530 4.392278
3.326144 1.453638
-2.633157 0.716882
0.330660 -1.053933
-4.262856 0.097139
4.129508 1.623647
4.128413 1.622271
-1.137240 4.292866
-0.129526 -1.101460
-0.168937 -1.079486
-0.639380 2.431301
-0.678055 4.884847
-4.597316 1.437623
-1.160663 4.360223
-1.121684 4.362610
-1.733008 1.939052
1.477778 -3.790440
-2.978315 -0.711567
-4.611826 1.413402
3.859599 -2.242116
1.109120 -2.650575
1.766290 5.494450
1.765639 5.491809
1.781651 5.514464
-2.992074 -0.698845
-4.049658 0.189073
-2.962408 -0.746273
1.757902 5.481761
5.596194 2.065906
-1.815135 1.971413
-1.790977 1.961917
-1.816903 1.979876
3.592750 1.327487
-4.516397 -0.191582
-2.750284 0.618710
2.549313 -1.799648
5.134772 0.487512
3.879194 -0.665354
-3.908520 2.392920
-4.977818 -0.101889
5.138936 0.488710
0.909405 0.729568
-1.890236 2.150909
-1.580474 2.115369
5.157323 0.473918
-5.487186 -2.003980
2.967490 4.245103
-2.595623 0.744953
-3.142411 -6.218018
-3.131579 -6.228503
-4.013228 2.380468
2.485010 3.341502
-2.739333 0.628167
1.928783 1.418750
-3.066714 2.998420
-1.574676 1.977860
-1.422996 2.728389
-3.237433 0.910575
-3.589446 -3.835448
-1.485043 -2.662574
-3.464326 -0.593042
-5.592990 2.058863
1.473508 -3.788970
-2.548504 1.977801
-4.126043 2.177195
-1.512126 -4.622550
0.531427 -4.583440
-5.443024 -0.081416
1.569707 -2.434279
1.575511 -2.429021
3.728578 4.577895
3.726683 4.577727
3.730145 4.565650
3.731846 4.583685
3.734891 4.584925
-2.519560 2.103445
-3.618984 -1.727004
3.712519 4.595310
-3.833692 -1.531507
-4.013042 -1.306793
3.790025 2.023862
-1.507434 1.965497
-1.615926 1.905594
1.755379 5.477260
0.248263 -1.117915
0.137556 -1.154669
-3.743561 0.206793
-3.868325 2.330600
-6.089954 -0.216404
-2.332167 1.507661
1.470646 -4.576097
-2.922032 -1.031120
-1.855839 -3.624892
-1.310008 -0.502482
-1.218533 -0.751143
-1.315150 -0.755491
-3.588893 2.520376
5.126012 0.480662
2.575106 -1.989200
-4.978677 -0.090620
-3.596480 -1.766426
1.405636 0.806709
-1.675696 4.603603
-1.715105 4.646646
-1.855450 -3.625657
-2.920442 -1.028495
-1.225210 2.526332
-1.263280 2.543191
-1.889239 2.450808
-2.927150 -0.976096
-4.590551 -0.939272
3.320964 -0.078476
-4.023232 0.814255
1.740710 -3.263736
-2.530723 1.881496
0.811455 2.298714
-6.239587 -0.435264
-1.402320 -1.001184
4.099238 0.345020
-3.082299 2.407028
-3.059422 2.397839
-3.080805 2.407367
-1.262802 2.580667
-3.804431 -1.930805
-3.803761 -1.945847
-1.296855 3.008674
-1.138236 4.094308
-3.920969 2.594554
3.894008 -1.927404
-4.255847 2.056462
-4.559026 1.761991
-4.170104 0.198339
-1.253099 -1.824246
-1.238192 -1.663346
-5.099463 1.320515
-5.049918 1.305222
-2.600336 0.714477
-1.310469 2.686201
-4.062890 2.659296
-1.639069 1.792467
2.967593 -0.345645
-5.096632 -0.778784
-1.806757 1.865544
2.152332 -2.090926
0.531676 -4.587198
3.148538 1.787097
-1.572332 4.407083
-1.563480 4.400173
-3.554704 2.626042
2.221675 4.221641
1.752774 5.472398
-1.273210 2.206369
-2.426661 1.381880
-2.385678 1.407010
-2.948209 -0.928209
-2.925961 -1.018139
-4.122777 0.279328
-1.303921 2.701836
-3.609112 -3.899009
-1.338114 4.359682
-1.612751 1.808199
-1.339249 2.796835
1.762146 5.489778
1.762599 5.488585
-2.068078 1.769496
-1.783075 2.331554
-1.480536 -2.660704
2.762365 -3.510338
0.297529 -1.029950
-3.224517 -0.496966
3.856166 -2.240117
3.859351 -2.239765
-3.791868 0.172638
-4.508725 -0.560863
-3.639810 2.696694
-2.401737 1.382925
-3.669124 -4.150831
-3.101647 -0.549916
-4.584651 1.354921
-1.332667 2.501543
-1.328944 2.564405
-0.699586 -5.900439
-0.699163 -5.898939
-5.581635 2.040767
-5.559630 2.001594
-1.162822 4.707243
-3.977512 0.417931
-4.601082 -1.047152
1.473019 -4.574668
-1.389398 2.533822
-1.413132 2.435872
-4.805497 0.383141
-3.395300 -0.947141
-1.634706 1.135658
-1.663425 1.130240
-1.200153 1.668770
2.827974 -4.101148
2.826464 -4.099876
2.828980 -4.101383
-2.458231 1.392525
-1.661117 1.850656
-1.242852 1.534617
-3.789088 2.968676
-3.548021 -0.016059
-3.828600 0.279157
-5.761355 -4.224844
-5.761700 -4.225038
-3.384256 -0.065445
2.754300 -0.461265
-5.493523 -2.010305
2.765812 -0.458005
-4.004745 0.344041
-5.491955 -2.007962
-4.302492 1.326094
-4.371811 1.263363
-1.421643 2.066918
-1.078148 4.256001
3.332099 2.582059
3.337911 2.578738
0.021234 2.456638
-3.705698 -3.939854
0.010440 2.497501
3.330474 -0.075116
3.327792 -0.077725
-3.243570 0.582296
-4.992226 -0.039320
-4.209545 0.204530
2.486274 3.343174
2.482714 3.334608
-1.350795 2.072792
-3.354400 -1.238823
-3.370378 -1.222854
-3.359133 -1.224452
-4.038860 0.416821
-4.070031 0.466294
-1.498319 1.997039
-1.565939 1.853859
-1.458534 2.445412
-1.632366 2.376305
-1.049343 2.109471
-1.154274 2.008395
-1.149285 2.044657
1.622043 4.379227
-1.855981 2.746328
-0.656869 2.407398
0.813462 2.293776
0.813562 2.295443
0.809569 2.291804
-5.465321 -1.972187
-0.700169 -5.901557
-0.698405 -5.900996
2.363665 0.516435
2.364303 0.513980
-5.525832 0.529399
-5.761786 -4.225088
2.173601 0.519662
3.188014 3.537015
1.762159 5.487090
-2.402803 1.393526
-3.837121 2.751949
-2.994108 1.657476
-5.497493 -2.013848
-5.527747 -2.050961
1.621134 4.388819
1.620672 4.389562
4.158796 1.490801
-6.392458 1.149616
-1.511937 1.923937
-1.483324 1.946285
-1.098596 4.304088
-4.550760 1.256045
-0.479287 4.989684
-0.306303 5.098277
-0.663492 -2.644750
-0.663919 -2.643452
1.620332 4.387945
-3.113401 -0.540924
1.412296 -0.639992
-2.939581 -0.275672
5.108951 0.510134
0.235651 -3.735819
-3.940431 3.733983
-3.929371 3.756461
-1.687508 1.907033
-1.604914 1.838155
-1.351474 1.977073
-1.250416 -1.815479
-2.801623 1.810455
-3.678269 1.889790
-2.254303 2.172137
-2.138189 2.372506
-2.046630 2.522460
-1.856339 0.823262
-4.153257 -0.728552
-4.173882 -0.727113
-0.711139 -3.615298
-5.431259 -1.921364
0.210515 -3.266006
1.621690 3.577366
-4.161591 0.176010
-4.074244 0.156802
-3.955009 0.140950
0.720257 -3.004713
0.720182 -3.003480
-3.642235 -3.845909
-2.367727 1.488098
-2.543110 1.969147
-4.142044 0.512866
-1.014582 4.740772
-1.606937 1.817665
-1.473880 -2.732529
-2.230493 1.516171
-2.116778 1.734227
3.184282 3.535321
-1.393315 2.519293
-4.042531 0.647077
-4.504755 -0.383889
-5.373162 -1.836674
-4.207370 -0.573471
4.614279 -0.010370
4.621957 -0.006775
4.622012 -0.009908
2.979608 -0.336421
4.619257 -0.008492
4.159238 1.490860
-4.109683 0.096431
-0.624318 2.444456
-3.684666 2.620898
-2.400826 1.404794
-2.404952 1.396488
-3.125119 -0.499687
-2.793081 0.641081
-2.379294 1.454947
-2.512964 1.399948
4.100695 0.349639
4.102758 0.346729
4.101590 0.348867
-1.458539 2.199890
-4.216864 -0.533497
-4.018290 1.900343
-3.113972 -0.526233
2.553656 -1.797358
2.553002 -1.798312
-1.141643 2.048054
-1.160869 2.027009
-1.217221 1.904454
-1.237544 1.883982
4.650863 -1.209914
-2.406177 1.403792
-3.183231 0.978301
2.196919 1.734643
1.280628 3.498280
-3.688343 2.574492
-1.048064 4.281036
3.195325 3.541884
-1.322875 3.765706
-2.248796 1.493231
-0.167993 -1.080155
-6.485162 1.241420
0.153148 2.052259
0.210856 -3.265912
0.212197 -3.264743
-3.643885 -4.207948
-6.155799 0.493466
-6.143912 0.492606
-6.184963 0.488457
-3.618629 -1.725104
-3.614386 -1.717618
-1.793290 -0.842423
-3.590192 -3.969701
0.073979 2.530589
2.101252 0.182025
3.567683 0.726735
-4.149236 2.115225
-0.924969 4.804998
-3.579119 -4.001994
2.222052 4.226803
2.222522 4.223326
2.220882 4.225765
-2.095518 2.160754
2.893744 -1.682027
2.099077 0.181161
-2.742301 1.173837
-4.082427 0.387309
-3.394393 0.748801
-2.632809 1.264134
-3.169552 -6.190551
3.878489 -0.662890
1.575141 -2.427109
2.859587 -1.062611
0.708999 -3.942741
-4.091350 1.086449
4.352447 1.992523
-2.311812 1.456438
-3.479392 -0.047118
-4.077298 0.441409
2.899153 -1.680662
2.729002 -1.253743
2.728597 -1.254268
-4.111250 2.172798
-3.982048 3.620378
-1.677917 4.602700
-3.926205 2.341347
-3.967547 3.657047
-3.613600 -1.731310
-3.591087 -1.742355
-3.583180 -1.743104
-5.040446 -0.710730
-5.041430 -0.726802
-2.224157 1.513541
0.531294 -4.586558
2.048473 2.082596
3.553048 3.327108
2.720272 1.673842
2.210086 -0.913659
-6.438268 1.169682
3.492275 1.791583
-4.220339 0.626552
4.647603 -2.633740
-4.186272 -0.079409
1.498080 -1.972126
1.843103 2.821838
3.455695 -1.819651
2.193819 -3.231093
2.371938 -2.292018
2.024722 -0.331556
2.457906 -1.289062
-4.074604 1.355519
2.379412 2.198631
2.957840 1.765261
4.269746 -4.080395
2.325157 -0.048797
2.334996 0.095714
-4.414165 -0.836412
2.721605 1.671458
-4.469854 -0.019647
2.382138 -0.133157
2.887901 0.997318
3.144760 2.843460
3.676219 1.429141
-2.145030 -0.703962
-4.398298 5.538311
2.959927 1.765112
-2.563084 -0.535876
2.779469 -2.465626
2.751598 2.603222
-3.366840 2.409521
-5.750771 0.151955
0.837185 3.709516
-4.032331 1.891871
-1.443523 -4.553930
2.760098 -1.366465
5.019477 3.169672
-3.706498 0.648434
3.065804 2.428972
3.253718 0.386920
-0.197743 -5.421769
1.701293 2.850461
1.681980 -2.749642
1.308958 -1.077895
3.656394 0.036400
3.011507 0.404498
3.490787 3.199457
-1.829638 -5.091741
-1.051558 -0.928857
5.631692 1.379439
-0.332517 -3.260325
-4.080337 1.384478
0.946770 4.319642
3.720564 0.281223
3.495147 0.641941
2.999859 -2.319673
1.027977 -2.126313
-3.642166 0.757690
1.124942 -4.151458
-3.497392 2.363771
5.396645 -2.780380
5.012654 1.222484
3.058053 -4.416794
3.884887 -3.248871
1.614080 -0.408469
-1.774641 -3.224395
-3.186034 -6.173918
3.109806 -1.553996
-1.444010 1.285876
1.503785 -2.591373
1.702694 1.904048
1.836060 2.827374
-4.038898 3.130950
3.548537 3.321277
-1.459468 1.297602
0.050922 -1.169850
4.646921 -2.633744
1.955962 -1.481351
-3.141311 -6.217845
3.253210 0.387022
2.887317 0.998396
-4.731387 0.295312
1.109815 -3.825353
2.481457 -0.350796
-4.421888 5.562206
5.628938 1.375754
2.302205 -4.483009
2.813062 1.050977
5.059934 0.545353
-2.555958 -0.538670
-4.322725 0.947651
2.232080 2.271767
-3.974111 0.611262
0.305678 -3.453482
4.048713 -1.618756
2.337001 0.099856
0.087955 -1.136292
-1.841565 4.782466
-0.739775 -3.128037
6.052568 -0.592425
2.579781 4.951696
3.362866 1.036319
2.161610 -2.352427
-3.058510 0.557741
-4.703782 0.198183
2.205734 -1.211648
-1.246265 -1.469736
-4.411369 -0.099050
1.926175 2.244100
2.581815 4.951019
0.168594 -3.493787
2.651305 0.230232
3.435969 -1.581592
-1.446982 1.286829
2.737676 -2.784571
3.042396 -0.785203
-0.742344 -3.136755
2.189890 -3.229752
2.360180 0.016499
2.896691 1.765738
4.647811 -2.634016
0.202239 -3.852841
2.537692 2.949820
1.566434 -0.643900
5.393379 -2.780546
2.165986 -2.351734
5.041860 3.219035
2.570420 -0.880861
1.822757 3.210963
2.927082 -1.112102
-5.270865 0.037712
1.440387 2.559505
-3.533427 -0.474269
2.364965 6.312796
-4.257225 -0.487318
3.677373 2.108676
-1.809322 -5.071908
2.580772 4.951749
1.125193 -4.149959
4.309468 0.032570
2.778157 -2.465582
2.696608 1.651304
-4.522505 -0.205626
2.896901 -2.141691
3.955618 -1.013987
-3.173077 -6.186535
0.777167 -4.553985
4.978077 1.972371
2.567400 4.961290
4.840882 -1.637965
0.209049 -1.239853
-0.096109 -4.091463
-3.593360 1.730258
-4.245834 -0.490119
1.683421 -2.747706
-5.651858 0.433837
1.702047 -3.034140
-0.168595 5.184759
3.498216 3.219194
2.593690 -0.538610
-5.505226 0.065463
2.184696 3.497820
3.894330 -3.236280
3.756633 -1.105805
-1.254139 -0.772611
2.951170 1.189529
1.740056 -3.319902
4.182199 0.802694
1.279063 -1.571926
4.652465 -2.631143
4.182327 0.801425
1.577548 -0.635680
-0.121717 -3.057761
0.191386 -1.230595
-4.281887 1.788596
3.165892 -3.359947
-2.952332 -0.771957
-0.892773 2.887404
1.843933 1.951961
3.052643 -4.412010
1.763750 -0.956324
1.100724 -2.477050
1.931748 -0.698294
-4.812859 -0.123580
0.090469 -3.244608
-1.498359 -2.573434
-4.407154 5.547527
3.486256 0.826813
1.542012 -3.385651
5.285265 -1.104687
-1.558033 -2.251363
4.373998 0.994959
-0.534028 2.215108
-2.090881 0.620278
3.430931 -0.236068
2.858966 0.333432
-4.155613 0.825469
2.519127 -2.851589
-0.915347 2.810206
2.507847 1.015652
5.402752 -2.778633
5.023057 3.172418
1.646528 -2.725012
-1.389620 -0.532536
-4.594226 -0.839019
5.231443 -0.327855
-2.174561 0.589670
-4.606246 -0.861489
1.701432 2.850553
-4.227400 -0.527412
-4.248936 -0.454536
-4.252570 -0.442482
4.405637 4.076814
3.175995 0.330579
2.207592 -2.493640
4.404415 4.075829
-5.374299 -0.055515
-1.515370 1.182134
-4.065590 2.366601
5.504135 -1.722146
0.997158 -3.300653
0.477895 -3.096396
1.955717 -1.482300
2.307363 -0.812506
3.938993 -1.858802
-4.387807 0.602745
-1.498185 -2.535321
0.568658 -2.442770
-0.901501 2.862344
-2.183993 -0.913342
-1.493783 -2.588186
4.353538 -2.807611
-4.811777 -0.206882
2.743250 2.602992
1.613489 -4.236053
0.782869 -1.743497
4.842341 -1.636193
-1.484747 1.294135
2.572388 3.725472
-0.618593 1.516628
3.010488 2.246698
4.405080 4.076231
1.182411 -3.139261
0.319881 0.657433
4.359654 -2.831070
-1.519271 -2.455523
1.066666 1.124407
2.088686 -0.366038
0.781585 -1.741614
0.021892 -1.137221
-1.459776 1.293618
4.352987 -2.812070
4.980657 1.973368
3.267170 -0.741231
-5.692060 0.312647
-3.997544 2.493801
2.314898 3.899849
0.600338 -2.952199
2.198968 0.761020
2.243768 -1.830338
2.177129 2.778921
1.245133 -1.916026
0.421286 1.554115
0.463944 0.936589
-0.170939 5.183072
1.443337 2.560288
3.542291 -1.128854
3.048099 -1.576600
-4.510226 -0.140380
-5.742622 0.852396
0.383049 -3.890962
-4.297389 0.592021
-4.729077 -0.025866
1.059682 1.121542
-5.889096 0.603177
0.553293 -5.178911
-1.827196 -5.087258
-1.837950 -5.097643
0.562915 -5.193178
-2.169905 -0.957197
2.823415 -2.506681
5.419849 -2.791107
2.747644 2.601974
2.038232 -3.194645
3.554080 3.322327
3.153505 -2.847485
-0.142943 5.198696
2.952055 1.193215
-5.019797 0.928712
3.321771 -0.799214
-4.765142 0.493855
5.402245 -2.778122
2.100007 0.947060
5.398534 -2.756513
-1.733501 1.258145
-1.504158 -1.713973
2.456467 -1.291179
5.026284 3.167531
-1.833510 4.781820
3.252714 0.390731
2.906749 -3.258086
-0.252456 -3.648381
-3.964672 0.618509
2.826792 2.840527
2.904653 -3.257012
2.749613 2.598953
2.021835 -0.329978
0.776404 -4.554939
1.219274 -2.589770
1.542307 -3.385326
-3.170316 -6.188052
2.330426 -0.051288
1.587511 3.755748
-0.741117 -3.137239
1.124970 -4.151207
0.837297 3.709510
-4.307067 -0.618290
5.629635 1.378255
3.007700 0.575991
3.492979 1.791834
-3.685993 0.675248
-5.910512 1.493464
2.306448 -0.816087
1.766449 -0.951970
1.763472 -0.952148
2.239641 -1.373645
1.506399 -2.588037
2.960854 1.215690
2.293053 2.230269
3.433749 -0.128757
3.010648 2.247119
0.598670 -2.554839
-5.750148 0.297167
2.727581 -2.566299
2.331363 1.236979
-5.732205 0.411520
-3.979595 1.555946
-3.978495 1.549708
0.931031 1.072146
0.949556 1.076762
0.894456 1.054114
5.419865 -2.786987
5.420443 -2.777244
4.047205 -1.618332
1.566881 -0.643746
-4.197344 -0.040126
-1.834666 -5.095785
3.709539 -0.119431
3.706455 -0.122687
3.957715 -1.012888
3.970863 -1.011989
-1.263002 -0.772629
2.026409 -0.326971
2.888685 -0.710812
2.185502 3.498203
2.177247 2.776982
-1.247899 -1.508948
-0.149630 5.194931
4.405048 4.076784
1.702800 1.903178
3.657180 0.468621
-4.278467 1.822935
2.291704 2.231184
-0.199648 -5.423573
-0.593172 0.878200
1.962259 -2.590403
2.368318 6.315249
2.315065 3.896417
2.315486 3.897911
-0.121484 -3.054206
1.739515 -3.322182
3.064978 2.426825
3.067453 2.427613
1.686419 -0.264933
4.388406 -1.052395
-3.907124 1.092800
-3.877687 1.108875
2.482681 0.962776
3.478678 0.823304
-2.095015 0.655113
0.991384 -3.499727
-1.276200 3.086665
1.265694 -1.771576
-1.822114 4.766075
-1.499862 1.177380
-1.510017 1.181881
1.960183 -2.583440
2.401343 -0.753879
-1.732645 1.255602
-1.485862 1.102367
-1.468360 1.052292
-1.504619 1.116247
-3.685951 0.666939
3.559374 3.327822
-1.076790 -0.863074
-1.179537 1.882093
-4.400481 -0.770534
4.305207 0.031867
4.308926 0.030856
-3.603451 1.747440
3.010447 0.405759
2.189389 3.497085
-5.890979 1.460850
-0.724169 -4.604609
2.495743 -2.342358
2.298483 -4.486811
2.300704 -4.485728
1.006462 -2.938567
-1.795774 -5.058601
3.088092 -2.519974
3.088493 -2.520966
3.088458 -2.520975
5.420275 -2.785521
4.408951 -0.718062
1.840541 0.438650
1.838278 0.438521
-1.784605 -5.046970
6.053400 -0.592843
6.052524 -0.592722
6.053339 -0.592494
6.053346 -0.592764
6.052820 -0.592309
6.052331 -0.592555
2.655662 -0.251962
2.653218 -0.252188
0.444096 -3.131948
-1.457850 -2.814570
-0.172554 5.182623
3.567276 2.230531
3.568132 2.230610
2.266307 -2.361710
4.375072 0.995019
-1.520507 -2.501031
3.677501 2.112013
3.321132 -0.798623
-2.128032 -0.709964
1.265710 -1.771854
2.193523 -3.232301
3.047562 -1.268287
3.048118 -1.267628
1.969556 1.239017
-4.261362 -0.505550
-3.910130 -0.552340
-3.902805 -0.565353
-2.183174 -0.812763
2.495932 -2.342166
3.685667 -0.566689
3.683927 -0.565398
3.685832 -0.564653
0.095532 -1.163081
-2.504337 -0.664550
-4.315596 -0.648095
1.678640 -1.978699
-2.076899 0.608559
2.302593 -4.480054
2.834557 -2.942274
-3.993090 3.621023
1.306499 -1.296083
2.379488 2.199075
-4.056870 2.594678
-4.036007 2.567580
3.431619 -1.464211
1.678922 -1.977801
2.406916 -0.753451
5.104893 0.507796
5.095432 0.521074
-3.646753 0.727004
1.843320 2.823560
1.065612 1.122027
-4.043046 0.762115
-4.109356 0.676297
-4.070012 0.728650
2.089401 -0.366775
-1.492199 1.107326
4.071967 -0.612439
3.675746 1.432374
-1.330356 1.404286
-4.325685 0.353969
-2.146413 0.591282
1.483329 -0.988246
5.285163 -1.104680
5.285396 -1.104466
5.285394 -1.104351
2.196572 -2.512208
-4.198521 0.832419
5.503726 -1.722737
5.507959 -1.723445
5.505857 -1.723345
1.307400 -1.299700
1.028141 -2.126420
-5.410840 1.114133
0.089719 -3.244554
1.588002 3.755840
2.755087 2.597352
-1.807437 4.748000
-1.063365 -0.918205
-1.062978 -0.928575
0.019242 -1.135192
3.795961 2.688479
2.338445 6.295605
-2.494700 -0.652628
-1.554434 -2.250367
2.296767 -4.485088
-1.581899 -2.097198
3.265938 -0.741354
-0.601562 2.143892
2.006938 -3.623991
1.505568 -1.090459
2.509575 1.945173
1.047411 1.115628
0.883438 -2.185617
2.834381 -2.939523
-0.556048 -3.114447
2.038378 -3.194118
1.825848 0.267402
1.825194 0.275498
2.646656 2.005440
2.644601 2.006331
-4.487766 0.384462
-1.540898 -2.345569
1.824680 -2.083825
1.828132 -2.083754
-1.354133 1.377407
2.291720 2.231023
1.124887 -1.928537
-4.107437 0.545703
4.388459 -1.052322
0.022897 0.991073
0.220777 -1.241340
2.731165 -2.561722
3.890637 -3.246567
2.301625 -4.483928
1.722792 2.203335
3.556350 3.322137
3.544266 3.318167
-4.017240 2.374102
-0.621965 2.135106
-3.378337 2.405130
0.476300 -3.099165
-4.239224 2.521383
1.953036 -1.140804
-1.398540 1.335680
-3.698601 0.659522
3.886302 -3.250863
1.037913 -2.673113
1.039291 -2.665034
2.867294 -0.714112
0.306495 -3.454806
-4.581020 -0.679635
4.284204 0.572054
-0.924506 2.790972
3.287045 -1.909768
3.295998 -1.900741
4.843949 -1.635978
1.687725 -0.262579
1.824193 -0.097680
4.409003 -0.718467
-3.174031 -6.185165
2.514318 1.947052
2.888862 0.995440
0.167277 -3.494854
3.085183 -0.038947
-3.946084 2.346276
1.004931 -2.941862
0.322239 0.656426
2.928784 -1.112577
3.194516 1.691012
-1.508240 1.182633
2.384037 -3.361568
1.410235 2.842367
0.166830 0.901174
-4.330876 0.014931
1.109217 -3.819445
1.108940 -3.817433
2.822805 1.061671
-1.345616 1.387883
-0.196611 -5.420560
-0.199360 -5.423388
1.650463 -2.724845
0.184709 0.912717
4.404784 4.077172
4.404902 4.075757
2.520022 -2.851665
2.110833 -0.656097
2.110972 -0.654724
1.540339 -1.896790
-5.895361 0.880675
-3.930784 0.635011
-1.461343 -2.797027
3.760669 -1.104414
-3.050693 0.573306
-3.060771 0.593886
1.736436 -0.307216
1.615058 -0.408718
3.221504 -1.924208
-1.018218 -0.878120
2.532028 -0.095741
2.532935 -0.096151
2.559227 0.193143
0.603510 -2.559740
-0.529573 -4.309694
-0.531675 -4.311137
-0.530637 -4.310993
4.182355 0.803143
2.302006 -4.485017
-5.796122 0.280371
1.681953 -2.749606
-4.283860 0.024406
1.059635 1.121528
2.527296 0.738757
2.527131 0.738908
3.424836 -0.247106
2.829652 -2.501820
1.820322 2.417934
1.824400 2.413698
4.285575 0.570365
2.479650 -0.354035
1.292964 -1.608425
4.409703 -0.720154
1.680846 -1.985039
2.006780 -3.625590
-1.851076 1.861837
-2.927324 -0.334191
1.108915 -1.894982
3.549685 -1.123605
2.207929 -1.216268
0.198670 -3.855026
2.581662 4.950686
-1.404049 1.331855
0.150025 4.044382
1.931126 -0.696197
1.576524 -0.635704
3.532780 -1.680476
3.534272 -1.682334
0.165223 -1.208799
0.095430 -1.176896
2.663719 1.876947
2.666574 1.877779
-4.320892 0.942413
1.308094 -1.079295
-5.778604 0.145993
2.237477 -1.375689
5.196257 0.445033
5.231685 0.416444
5.207108 0.435487
0.481764 0.952980
0.496516 0.955470
1.482630 3.489383
1.508410 3.501780
-0.254819 -3.650096
-2.117117 -0.661153
-4.586402 -0.676018
-5.929990 0.887822
-4.730978 -0.059472
0.444211 -3.132052
-5.473144 0.123582
1.228599 -2.585227
-0.028763 -2.241787
-1.624304 -2.053366
-1.585504 -2.064425
-6.429057 1.159970
5.228962 -0.327125
3.361097 -0.414327
-5.908019 0.607096
0.277213 -2.581102
-0.197531 -5.422346
1.838637 2.825892
2.861005 0.332473
-2.920504 -0.326946
4.244316 2.293226
1.803642 -1.610193
2.648643 -1.292378
2.373676 6.319593
2.348564 6.300423
2.197223 -2.509418
-4.300222 2.514929
2.484140 -2.745693
3.528693 -1.677845
4.354036 -2.799282
1.601763 -4.231035
1.603164 -4.232245
1.601900 -4.230858
4.284864 0.572331
2.343807 -0.516116
-1.439312 1.288191
2.740078 -2.779491
2.888188 -0.711265
-4.714547 0.255203
-0.047225 -4.443631
-0.048111 -4.447189
-0.048765 -4.446194
3.166068 -3.360800
3.146861 2.844496
3.139646 2.846715
4.268980 -4.079630
3.708997 -0.119921
2.046148 2.086424
-1.776220 -3.229131
2.892617 1.761469
2.106343 0.936753
3.770545 -1.099046
0.382864 -3.890610
-2.198203 -0.884999
2.244640 -1.834541
2.384830 -0.132933
1.237575 -1.916520
1.125696 -1.928778
1.803739 -1.611387
2.320982 1.008686
-1.282171 3.059208
3.042751 -0.783596
2.344076 -0.513341
-4.269050 -0.542201
1.747449 -1.540452
1.747586 -1.535877
-5.365726 1.081629
-5.389951 1.113410
3.265298 1.366032
-2.958128 -0.790345
1.293325 -1.608645
3.358021 -0.423645
-2.169378 -0.945333
2.907501 -3.257675
-0.030091 -2.241196
3.553993 -1.119471
2.536568 2.950630
2.208556 -0.914903
0.281307 -2.580576
3.433553 -1.468243
3.432043 -1.466148
-0.554457 -3.115361
2.216093 -2.954905
2.507179 1.013464
2.321129 1.007879
-4.766590 0.428034
3.711707 -0.122080
1.277217 -1.583114
1.542408 -1.902084
2.649171 -1.290176
-3.165506 -6.194788
-3.541493 2.786178
0.636165 -3.440448
-3.144938 -6.213013
-3.188715 -6.167065
0.636038 -3.441018
-3.174480 -6.185068
-3.178407 -6.181549
0.634394 -3.442009
-3.117643 -6.241688
-3.187450 -6.171586
-3.135696 -6.223390
2.209740 -2.493976
-0.518304 2.227784
0.149771 4.044841
1.216737 3.099355
3.482389 0.825269
-0.122730 -2.617339
-0.121943 -2.617659
3.007925 2.181910
-1.245479 -1.511837
-4.027659 2.376667
0.568072 -2.450739
4.244172 2.293945
2.852662 -2.242766
2.674015 -1.581320
-4.234886 -0.521234
1.681587 -1.982218
-5.904274 1.480525
-2.185892 -0.909011
2.176136 2.779543
-0.586293 2.152794
0.428274 1.560807
0.402147 1.535673
0.405546 1.538152
0.423422 1.562754
0.013205 1.000585
0.035711 -2.976578
0.035157 -2.975199
-0.332897 -3.260368
1.860081 -1.114866
-2.153902 0.656379
-3.892619 2.329418
3.964515 -1.009912
3.987155 -1.000618
-0.730676 -4.604671
1.735706 -0.306958
1.575320 -1.353804
2.506219 -1.264269
2.331555 1.236367
-1.249084 -1.508443
-1.241943 -1.487885
-1.247924 -1.470626
2.806125 1.041480
-3.767133 2.505996
-3.794320 2.426701
2.841441 0.555067
2.841079 0.556469
-0.898426 2.882224
-1.204705 -0.779548
-4.580980 0.368705
-4.453732 0.377681
3.719119 0.277266
3.717366 0.276270
2.266107 -2.363630
3.362618 -0.414683
0.895279 1.054412
-4.008895 3.410386
-0.196387 -5.421194
3.436296 -1.581377
2.966567 1.216060
-4.416945 -0.843139
1.829502 -1.333664
1.832057 -1.335446
-4.500739 -0.119637
2.232276 2.274015
2.363190 0.013434
4.405660 4.077453
3.152598 -2.847051
-1.835503 -5.097640
5.010988 1.222482
5.012348 1.223368
1.230379 -2.584918
-1.474144 -4.585718
2.421158 1.183084
-0.753276 -3.443116
-3.986858 0.594230
-4.160129 0.588464
-4.173041 -0.048502
-2.192123 -0.867284
-4.025648 1.886197
2.419424 1.183800
2.321457 6.278893
1.722389 2.204634
-4.689191 0.187836
3.833429 0.402775
3.835234 0.402606
5.630761 1.378573
5.629836 1.378451
5.628705 1.376198
5.628780 1.375947
1.961030 -2.937816
1.960970 -2.937850
-1.836471 -5.097763
3.796683 2.693053
-0.090430 -4.087655
2.636938 -4.798864
2.635705 -4.798639
2.635202 -4.797892
1.829807 -0.098805
1.970696 1.239485
3.864274 -2.766264
3.865119 -2.768706
3.864436 -2.768583
0.741006 -4.132295
0.742934 -4.128592
1.099859 -2.478511
-4.430800 5.571198
-4.436143 5.575880
-0.753267 -3.450903
1.124189 -4.151554
0.605280 -2.950150
2.218063 -2.961334
2.854830 -2.237911
-1.398077 1.329680
-3.604394 0.781305
-3.632484 0.780530
5.040452 0.958884
5.040855 0.956493
5.037687 0.962533
5.040494 0.961475
-2.528100 -0.623193
-0.726719 -4.599361
2.824040 1.060276
0.882682 -2.185359
1.914002 -1.883955
2.559009 0.192066
-5.814181 1.355902
4.403738 4.075523
1.850026 -4.751359
1.849378 -4.750661
1.849626 -4.750929
3.678929 1.431428
3.678146 1.431044
-1.629179 4.041690
-1.628108 4.038905
-1.625324 4.041739
-1.270985 -0.770697
-1.275139 -0.779278
4.244545 2.292988
2.571441 3.722278
0.025432 -1.154006
1.764800 -0.953659
-0.726247 -4.601051
3.657204 0.468399
-2.217744 -0.869159
-0.531214 -4.311304
-0.525930 -4.304409
3.493679 0.642104
-3.680262 0.663770
2.994875 -2.316547
-2.189973 -0.816658
2.673345 -1.578024
4.843462 -1.633274
-0.601066 0.872158
-5.101031 -0.003102
-5.091963 0.027299
-1.867747 1.854399
0.100654 -1.161934
5.404728 -2.774169
5.044385 0.559868
-0.967545 -0.923256
2.302246 -4.484589
-1.787578 -1.931990
-1.710464 -1.991135
2.748050 2.600291
2.304710 -0.816358
2.305109 -0.811798
2.485209 -2.746221
1.900971 -2.354052
1.900623 -2.362782
2.179375 2.778566
1.497290 -1.975792
-4.824167 -0.169983
4.073124 -0.614584
3.193146 1.695798
1.216206 3.099312
-1.826881 4.767349
2.369666 -2.292253
5.037978 3.214221
5.042571 3.219091
5.040976 3.216412
5.042517 3.218726
5.042426 3.219258
5.027265 3.202526
-4.497806 -0.140386
3.047081 -1.576179
-0.621883 1.520177
-4.288509 0.730096
2.570090 -0.882362
-1.049333 -0.871786
-4.326149 0.805242
2.579492 4.951397
2.591701 4.941060
-4.530885 -0.061896
0.989728 -3.489448
-4.249307 -0.515434
-1.521415 -2.446456
-4.400465 -0.787578
4.977899 1.972424
4.977936 1.972897
-4.512882 0.377945
0.274236 -2.581519
3.256804 0.384786
3.175416 0.330962
-3.196612 -6.163302
-4.106936 0.587545
1.122675 -4.150308
1.702169 -3.032948
2.571599 3.719347
2.570791 3.719539
1.223005 -2.584358
5.229998 -0.327276
1.848521 -4.749822
-1.387300 -1.008041
-1.390586 -1.018978
-1.500493 -1.686222
-0.522486 2.229916
-4.388081 -0.762430
3.054621 -4.415545
3.054668 -4.415565
2.996494 -2.317154
-4.105417 0.620712
2.482291 0.963851
1.924031 2.244816
2.759134 -1.365130
3.889486 -3.243399
1.914702 -1.889169
2.171508 -2.014425
2.170849 -2.014955
2.574262 4.957476
2.332932 6.287795
-1.830709 -5.091791
-1.818464 -5.080718
-1.824959 -5.083581
-1.954940 0.608077
3.005754 0.576113
-4.061573 2.995086
-3.956641 0.649104
-1.376653 -0.512102
-4.047372 2.422409
-4.403251 5.543248
-4.402568 5.542908
-4.403698 5.543987
-4.402906 5.542505
3.363273 1.034899
-4.404131 5.544294
-1.981590 0.681867
1.185644 -3.136684
1.098730 -1.892915
4.248496 2.296625
2.693949 1.657879
4.351524 -2.809859
3.434931 -0.129765
3.086884 -0.034978
3.007430 2.182404
2.598428 -0.538658
2.597909 -0.538365
-0.217339 5.154287
0.158559 -2.895613
0.159001 -2.895820
3.797244 2.692996
3.970546 -0.989091
3.971920 -0.996336
-1.966368 0.585775
-5.776124 0.150191
-5.057492 0.950670
1.808361 -3.269599
1.806481 -3.271739
1.411470 2.845518
4.351726 -2.812633
3.890492 -0.369820
3.888994 -0.368774
3.220292 -1.925124
1.070100 1.125880
1.950925 -0.790949
1.949563 -0.786802
2.548231 4.977896
2.182272 -1.697419
3.270778 1.368491
2.030621 0.756732
2.028586 0.753471
-5.089116 1.472404
-5.101213 1.480088
2.652629 0.231549
-4.253653 1.946550
2.833642 -2.942956
3.939031 -1.858167
-3.292338 2.463544
3.154818 -2.848059
3.334112 -4.201432
3.333983 -4.201185
-1.499601 -2.593458
3.334532 -4.202107
2.865505 -0.713300
1.570939 -1.354240
-2.134447 -0.873598
-2.151128 -0.826292
-2.137530 -0.891531
3.488099 3.200394
2.537409 2.948476
2.529242 2.957111
0.319812 0.652032
0.947651 4.319448
-1.275718 -0.766135
0.993583 -3.306948
2.194938 0.770934
2.384229 -3.362335
2.342893 6.298493
4.269405 -4.079982
2.897408 -2.143923
4.349172 -2.810537
1.821062 3.209484
2.274067 -0.522040
2.270803 -0.519500
1.840701 1.954378
-1.553160 -2.273158
3.890798 1.829372
3.891058 1.829329
2.181516 -1.690807
4.974966 1.972815
-3.550140 -0.461523
-0.167066 5.185286
2.830366 2.841372
5.038641 3.215380
-1.182351 1.875947
2.195402 -2.511608
1.958177 -1.140758
3.659903 0.034263
3.466538 -1.813313
-4.317371 -0.648894
3.792531 1.221755
-4.235168 -0.490731
3.177623 0.329115
-3.992608 3.620009
3.794120 1.232175
2.505674 -1.265601
4.184509 -0.423829
4.187970 -0.423355
3.112668 -1.555029
1.859387 -1.113458
