2708 2
-1.349772 -1.770418
-2.852731 -0.505344
-1.627073 0.637567
-1.385723 0.420813
-0.533358 -0.995890
-2.030365 0.483848
-2.159345 0.306182
-1.401242 -1.744269
-1.352557 -1.804653
-1.996183 -1.957824
0.729906 -0.891544
-0.738370 0.715625
-0.174601 -1.682445
-2.719299 0.481984
-1.331720 -1.755010
-0.790019 0.702268
-1.504159 0.304236
-0.618204 0.242165
-0.338032 0.342568
0.111167 -0.259645
-2.309536 -1.855508
-1.497661 0.427057
-1.597888 1.819890
0.560851 -3.289449
-1.938228 0.711214
-2.161640 -1.643943
-0.573887 0.547173
-0.139931 -1.737790
-0.428378 -0.062084
-2.389886 -0.939919
-3.873296 0.890902
-0.683729 -1.164546
-4.004749 0.945225
-0.357205 -0.873858
-1.661168 0.353583
-1.744930 0.344989
-0.101736 -0.734142
-1.645547 1.689332
-1.497858 1.672539
-2.173079 0.629657
-2.054459 -1.979974
0.749853 -3.502790
-1.607036 2.107058
0.326897 0.534316
-2.085325 -0.241838
-1.765375 0.218176
0.227317 -0.340621
-1.492100 -0.582373
0.575211 -3.655592
-3.519925 1.136306
-3.537352 1.148811
0.091207 -1.785205
-2.429737 -0.307935
-2.064151 2.791512
-1.615669 1.320953
-1.485385 2.213462
-2.192270 -1.058051
-1.662265 0.291012
0.198530 0.684184
1.230827 0.687556
-1.718964 0.589225
4.439768 -0.571092
-0.908605 -1.335051
-1.330679 0.564961
-3.587040 0.914246
-2.300439 1.975578
-2.742962 0.162070
1.236767 -2.402544
-0.227405 -0.775152
-2.925822 0.120711
-1.769582 -1.023459
-0.826363 -0.547676
-0.470378 0.380382
-0.559376 0.456881
-0.401830 -0.544394
-3.672741 0.337338
-0.540059 -0.847018
-0.619972 1.451052
-0.793187 -0.628342
-1.582389 -0.472748
-0.663148 0.392151
3.030680 -0.951702
-1.758121 0.640690
-0.812339 0.532532
-0.278621 -1.528285
-1.518128 0.609134
3.561499 3.166505
-1.387036 -0.491453
-1.962947 -0.207911
-2.400134 -0.549380
-0.455154 -0.142359
-0.468444 0.444774
-2.338585 0.205386
0.470803 -3.215621
0.816845 -3.581549
0.334548 -2.889202
-2.232965 0.102740
0.811543 -0.867134
-1.912055 -1.470968
0.337363 -2.911512
-1.972972 2.488224
-0.538943 -0.494194
-2.176101 -0.268121
-1.496427 0.614427
-0.517805 0.409586
0.398662 -2.008058
-2.414481 -0.076952
-0.573632 -1.154930
-0.518881 -1.045514
-2.236295 -1.603294
-0.383434 0.382241
-0.767589 0.611929
-0.551595 0.699577
-0.526010 0.394995
-2.381313 -1.695356
0.805093 -3.421330
-2.046650 -0.343053
-0.197631 -1.581412
-1.566119 0.782708
-2.454490 -0.444994
-1.474309 2.380831
-0.020952 0.138652
-0.061458 0.537717
0.562433 0.634520
-0.138651 0.511151
-0.706306 -0.486447
1.063308 -3.716432
-0.147792 0.484244
-1.430540 0.708698
-1.327861 1.848424
-2.202914 -1.847370
-0.523124 -0.843932
-0.689881 1.482809
-0.370039 -0.287616
-1.561061 0.120569
-2.099611 -1.029666
-2.596953 0.076878
0.761857 -3.257513
0.789777 -3.357354
-1.547948 2.349876
-2.688154 -0.517201
-1.585341 2.217142
-1.156951 -0.091515
-0.638217 1.268282
-1.320516 1.786832
-1.961496 1.941732
-0.651650 0.234900
-2.548529 -0.042065
-1.995414 0.720235
-2.943704 0.079609
-3.547693 1.145872
-2.048259 -0.588516
-0.672319 1.087479
-1.074742 0.504477
-0.479452 -0.627785
-0.169616 -1.667695
-2.515351 -0.832650
-0.705803 -0.596253
3.696906 3.301883
-2.636200 0.190617
-0.800651 -0.531652
0.027191 -2.028316
-1.512767 0.383367
-1.691143 1.999343
-1.353022 -0.722802
3.711202 3.316628
-2.909676 0.606187
-1.549058 0.284716
-1.089494 2.027442
1.164326 0.712042
-0.495391 -1.020499
-2.364283 -1.689178
-2.410102 -0.611002
-1.543821 0.446272
-2.574326 1.986112
-0.588203 0.408945
3.591154 -3.011465
-2.648375 -0.488394
-2.419972 -0.461060
-0.292129 -0.268519
-0.671306 1.109418
-0.637030 -0.781594
0.939549 -3.575660
-3.237065 0.406552
3.705517 3.310744
-0.815630 -1.523245
-1.228981 0.464517
-0.775357 0.775040
-1.544946 1.931817
-1.534681 1.829000
0.771996 -0.940238
-1.627680 1.787405
0.735927 -0.875835
0.683460 -0.862347
3.087628 0.522455
3.622757 3.227418
3.614446 3.219252
-1.382071 0.440277
-0.477961 0.473624
-2.204051 -1.791136
0.095583 0.796516
-0.759404 0.525627
-0.509705 0.327467
0.584190 0.319000
-0.758975 0.215259
-0.546098 0.314664
0.107491 0.867003
-1.257778 0.730991
-2.302568 -0.701751
-1.376366 1.930719
-1.622311 0.501149
0.103286 -1.814500
1.072326 0.622719
-1.768901 0.080417
-0.814869 -0.509018
-2.142144 0.094135
3.597992 3.202443
-0.601429 0.480662
-2.195711 -0.470371
-1.415046 1.803703
-1.733755 0.325842
-3.821528 1.088513
-3.504424 1.160555
-2.293345 -0.493406
-2.525923 -0.220150
-2.114721 -0.338464
1.828138 2.304915
-1.646174 -0.189342
-2.585342 -0.360062
-0.852266 0.397397
-1.045475 -0.043459
-3.848137 0.929777
-1.261123 -1.744801
-0.073541 0.169970
-0.772253 0.546949
-0.572717 0.423905
-2.425593 -0.795527
-2.014579 2.069960
0.301196 -0.358290
-1.630704 0.598672
4.440334 -0.572029
-0.597532 0.442807
-1.712521 -1.719820
-1.963366 2.554097
-2.266917 0.336807
-2.624904 -0.662805
-0.981309 -0.677405
-1.680562 1.718646
0.401088 -2.020509
3.563669 3.168947
-0.538228 -1.022220
-2.574670 0.397423
-1.745414 0.608882
0.170154 -0.113723
-0.939297 0.816155
-1.773301 -1.212551
-2.583843 -0.534604
-0.021626 -0.743156
-1.451208 -1.716237
-2.783196 0.158295
0.278652 -1.932957
-0.310618 -0.607252
-1.701205 2.119156
-0.340129 -0.459012
-2.384237 -0.497516
-1.979744 2.528138
-1.749211 2.119106
-2.328524 -1.881459
-1.260005 -1.685511
-1.997398 0.744993
1.057061 -2.287979
-0.345588 -0.363427
3.827845 -2.431080
-1.487096 1.594147
-1.637230 0.239440
1.210353 -2.293948
1.152744 -2.339849
-1.564097 0.693447
-0.892270 -1.427841
1.176101 -2.310938
0.706095 -0.903715
-2.509228 0.731227
4.351346 1.389133
-0.779518 0.480135
-3.676743 1.019199
-3.848485 0.906559
-2.462197 -0.434452
-2.176943 -1.775501
-2.963070 0.045814
-3.659980 1.045400
-1.369786 2.373860
-1.080014 1.773939
0.538810 -3.196241
1.103866 0.557562
-1.209719 0.517607
-1.569439 0.461304
-1.751882 -0.354858
-4.161790 -0.662223
-1.640854 0.533775
-1.606253 -2.175123
-3.043133 1.002813
0.288686 -0.351634
3.733015 3.338309
-2.643913 -0.168455
-0.436913 -1.005913
-1.679240 0.581482
-1.715844 0.166450
3.593412 3.198056
-2.102903 -2.051580
-1.772210 1.999196
-0.454599 -0.344709
-1.297750 0.221685
-0.265488 -1.491725
-3.370923 0.181674
-2.752332 -0.904395
-0.574018 0.407213
-2.883645 -0.531711
-1.924734 0.902786
-2.384508 -0.356346
-2.162396 -1.016317
-2.815050 0.319783
-1.507879 -0.134672
-1.971103 -0.700320
-2.669407 -0.504104
-0.880673 -1.451653
0.108106 -1.806175
-0.913422 -1.413995
-0.914253 -1.402582
0.048729 0.582956
-2.144764 2.133310
0.738394 0.343914
-0.441444 -0.486531
-0.782438 -1.562326
-1.485246 0.428694
-2.353381 -1.888174
-2.729418 -0.545140
-0.558800 0.457295
-0.643602 1.411161
-2.212784 -0.949138
1.077406 -2.298438
4.033372 -0.990453
4.032062 -0.989730
1.117073 -2.321826
-1.937032 2.106714
-2.878267 -0.563680
-0.350897 -0.775085
-0.760163 1.550653
-0.281149 -1.694529
-2.787501 -0.691589
-0.611887 0.430681
-0.742213 0.472439
-0.808975 0.658528
0.710183 -3.483197
-0.714892 0.176427
1.180966 0.620990
0.079239 0.480222
0.789610 -0.959610
-1.981723 2.528181
0.330069 -2.855302
0.791399 0.318701
-1.995268 -0.613705
-1.512381 2.213479
-0.536338 0.473209
-0.643604 1.374533
4.769790 -0.674188
4.769143 -0.675380
4.765515 -0.673256
-1.706790 0.448356
-0.375622 0.053751
-0.577651 0.379351
-1.761099 0.578338
-0.784271 -0.422339
-1.475973 1.585284
3.565761 3.171022
-1.670383 0.412134
-2.193558 -0.385706
-1.060849 -1.252799
-0.406697 -0.643908
-2.576815 -0.508112
3.591171 -3.011343
-1.375519 2.244836
-2.363866 -0.505821
-2.429810 -1.085309
-1.840241 -0.629559
-1.285982 -1.775580
-1.523140 0.706750
-0.334083 0.239770
1.079566 0.537521
0.728454 -0.887549
-0.815267 -1.518845
-1.869645 2.011302
-1.096087 -0.083588
-0.575269 -0.843220
-1.052816 -1.264627
-0.544127 -0.403031
-1.618899 1.881296
-2.296071 -0.326980
-0.830323 0.380688
0.425047 -2.028605
-0.844443 0.322601
-1.689345 -1.732143
-1.887986 -0.730830
-1.230375 1.826758
-1.072731 1.803626
-2.247062 -0.292324
-0.799178 1.061179
-1.089021 0.103455
-0.291447 0.871909
0.935333 3.547401
-0.657844 0.881124
-1.665491 0.622000
-0.366885 0.807688
-1.729495 0.404094
-0.240424 -0.139589
-3.049412 -0.165751
-1.418333 1.946117
0.775792 -3.304080
-1.913788 0.933163
-2.031809 -0.946246
0.320830 -1.965919
0.718170 -0.891968
-1.749789 -1.279265
-1.743365 2.325889
-0.938293 -1.257852
0.392674 -0.052306
-1.599786 0.545509
-2.733057 -0.562350
-0.813027 0.094814
3.726540 3.331742
-2.231476 -0.797599
-2.430501 -0.398170
-2.275858 -0.866122
3.724158 3.329256
3.716389 3.321714
-2.305920 -0.064658
-1.378316 -1.810102
-2.313710 -0.593990
-1.250423 -1.754999
-1.628507 -0.239742
0.779692 -0.880517
-1.964048 0.419919
-3.524949 -0.580134
-1.912672 -0.592026
-1.241632 -1.752628
-0.940356 1.319485
-2.354161 0.273713
-1.676337 0.424078
0.927519 3.490348
-1.719833 1.923993
-2.439053 -0.242545
-1.034829 -0.558012
-1.487138 -0.064895
-0.212339 -1.653443
-1.974070 -1.552451
-3.222584 0.447926
-1.651690 0.434568
-2.040209 -1.672735
-2.834820 0.570939
-0.467782 0.492601
-2.259472 -1.902691
-2.243381 0.755647
-0.801063 0.071071
-0.754985 0.738360
-1.361571 0.488749
1.170985 -2.289335
-1.653213 0.811138
-1.480247 0.293008
1.139377 -2.315496
0.943364 -3.595092
-0.811969 -0.587178
-2.149614 -0.010321
-1.576044 0.604002
-1.748006 0.345519
-1.625731 0.315157
-2.133838 -0.607837
-1.056294 2.056063
1.235578 0.318446
-1.265787 0.385597
-2.184554 -0.056026
-2.629453 -0.136215
0.011058 -0.708206
-1.975824 -2.012331
-2.620115 0.454886
-1.530144 0.467971
-1.107619 -1.151852
-1.710327 -0.253400
-3.729531 0.928020
-1.107259 1.767173
-2.203286 -1.707780
0.192344 -0.229910
-1.846923 0.203036
0.951760 -3.571994
-1.707147 -0.009912
-0.783197 0.103002
-0.578311 0.317558
1.087342 -2.306812
-2.783936 2.285640
-2.317030 -0.289261
-0.535333 -1.064833
-0.636894 -1.191339
-1.681246 1.649110
-2.779657 2.243144
-1.253793 0.646709
-2.711053 2.232740
2.286755 -1.800026
-0.823197 -0.307059
-1.833196 -1.508342
-2.431185 -1.614159
-1.877232 0.924418
-2.828980 -0.967414
0.761096 -0.930930
-0.309571 -0.335312
-0.269794 0.832114
-0.162998 -1.664648
-1.848745 -1.449164
-2.084156 0.397982
3.827635 -2.430292
-1.559859 -1.150482
-0.619202 -0.805346
0.664527 -0.854005
-1.278489 -0.154754
-2.757233 -0.390779
-0.250706 -0.939066
-1.502898 1.042224
-1.297102 -0.237709
-0.315083 -1.340410
-0.663054 0.202491
0.367159 0.554461
3.145695 1.078912
4.031922 -0.990358
-1.808547 2.011500
0.827901 3.048742
-0.128885 -1.755585
0.687531 -3.542894
-3.487059 0.255150
-2.096433 -1.807963
0.057551 0.810851
-1.811016 2.341429
-1.234177 1.781797
-3.374665 0.496813
-3.903933 0.953241
-3.311733 0.462667
-0.493013 0.459985
-3.899856 0.967355
-1.359485 -1.778864
-0.542400 0.403003
-1.775015 2.010434
-0.608791 -0.531377
-1.655140 0.443452
-1.988543 -1.636079
-1.703392 -0.791108
-2.348922 0.414802
-1.666068 0.434235
0.500492 0.601390
-1.644957 0.396843
-1.669338 -1.722325
-1.701248 -1.686885
-0.929694 -1.253997
-0.851115 -1.244704
-1.494216 0.212851
-0.903582 -0.649089
-0.554769 0.397994
-1.789195 0.688852
-1.584834 1.736769
-1.415997 0.561542
-1.465201 0.709710
-1.461887 0.467422
-1.490898 0.790817
-1.968942 0.048882
-1.864938 -1.284659
1.172830 0.618586
0.415491 -0.030079
-0.526434 0.716935
1.144624 -2.303470
-1.877633 -1.936293
-1.639385 0.505571
1.016692 0.585584
-0.924760 -1.444370
-2.773785 0.695015
-0.595337 0.307402
-3.336875 1.025806
-3.481388 1.130257
-2.870928 0.702024
-3.548103 1.087043
-0.545237 -0.515195
-2.616079 -0.506165
-0.414560 -0.073253
-0.837883 -0.316467
-1.161099 0.481405
4.351866 1.389952
4.766357 -0.673593
-2.240911 -1.693539
4.353049 1.390340
-3.051089 1.018991
-3.044435 1.013851
-0.051590 0.144444
-1.599279 -2.194315
-2.493883 -0.138093
3.723759 3.328860
-0.587068 0.373355
-0.306042 0.278235
-1.447278 0.533060
-1.732629 1.866871
-3.927958 0.911662
-0.404904 -0.381068
1.211808 0.393218
-1.829459 2.220287
-0.565245 -0.216099
-0.385941 -0.325373
-0.923644 0.025403
-0.646994 0.286242
-0.234345 0.106075
-3.747065 1.104774
-1.235639 -1.724232
-1.637504 -1.640631
-1.690047 -1.671804
-1.302277 -1.637226
1.828119 2.304990
-2.240428 -0.143254
0.322246 -1.960263
-0.557028 0.390523
-1.636040 0.539240
-0.402870 -0.640207
-0.870513 -1.374991
-0.701582 0.774279
-0.742696 0.624454
-0.321263 0.160306
-2.237597 -0.929921
-0.507213 0.395774
-3.766591 1.103199
0.926050 3.515786
-1.803477 -0.793049
-2.241225 -0.628227
-1.335246 0.399628
-2.381446 -0.631880
-2.247956 -0.644246
-1.707574 1.042779
-1.971671 0.200379
-2.454115 -0.416440
-0.501313 -0.484538
-2.206097 -1.787302
-1.138008 -1.226800
-1.150618 -1.167669
-3.571630 1.125797
-1.618487 0.517486
-0.008651 -1.710757
-1.087408 -0.519299
3.024237 -0.950446
0.897800 3.354181
-2.825534 0.636974
-1.839947 0.432022
-2.396452 -0.630480
3.563922 3.169018
-1.671630 0.540808
-2.290246 -1.011224
-0.531348 0.433198
-1.903400 0.686034
-1.904832 0.894137
-1.404199 1.320564
-0.803900 0.654033
-2.409130 -0.595918
-0.745046 -0.660651
-0.619999 -0.839959
-2.783337 2.276675
-0.774776 0.164326
-0.794223 0.352824
-0.235859 0.390472
-0.077598 -0.691373
-0.407027 -0.306718
-2.854607 -0.967379
-3.946130 0.920256
-1.614498 0.426004
-2.033626 -1.793559
3.087075 0.521525
-0.691427 0.119616
-2.832056 -0.278171
1.224634 0.314785
-0.948962 -0.469638
3.145286 1.078788
-4.001589 0.954278
-0.463962 -0.288611
-1.231402 1.817144
-1.649483 -0.062427
-2.195987 -0.488312
-0.302070 -1.349016
-0.607512 0.422322
-2.297237 -0.391862
-0.372384 0.296018
-1.808382 0.495152
-1.677913 1.535578
-2.297411 1.266277
-1.770447 0.498564
-1.879825 -0.508562
0.902174 3.369207
-0.544318 -0.940739
-0.838125 0.417207
-0.805365 0.292070
-1.193576 -1.166910
-1.942296 -0.646713
-1.215717 0.491729
-0.672603 0.547150
-2.017239 -0.295146
2.287934 -1.798652
-0.789576 0.648076
-1.045974 -1.270740
0.795838 -0.828878
-1.831991 -1.565824
3.661376 3.266213
-0.718959 -1.165717
4.032008 -0.990014
-1.845367 -1.000543
-1.725740 -0.265629
-1.406906 1.838483
-0.122318 -1.870502
-2.051836 2.256506
-0.150699 -1.711624
-0.375878 -0.244701
-2.506399 1.019334
-0.311504 -0.218013
-1.366931 -0.334036
-1.599928 -0.390553
-1.584442 2.130841
-2.312495 -0.490331
-1.694553 0.475330
-0.580599 0.496397
0.631673 -3.579574
0.935684 0.372969
-1.888744 2.185666
-1.983837 2.623186
1.192702 -2.372778
-0.887404 0.722499
0.646301 0.443552
-2.412356 -1.778046
-1.552367 0.331653
-1.749254 0.059957
3.573612 3.177982
-0.821960 -1.345537
-0.385780 0.368597
-1.538431 0.597506
-1.308191 0.568265
-1.309987 -0.413486
-0.471186 0.286888
-0.036460 -1.705838
-2.287823 1.964904
-2.288232 1.965029
-0.302789 0.386260
-1.460678 -2.016813
-0.561264 0.410613
0.728712 -3.183371
-1.514318 0.370247
-2.333066 0.316858
-1.369936 -1.775149
-2.938333 0.804880
-0.750047 1.054269
-2.111887 0.028800
-1.429734 1.868779
3.591232 -3.011595
-1.474089 1.858623
-1.993491 2.486265
0.382968 -2.941915
-1.995060 -0.267854
-2.024662 -1.944440
-1.867441 -0.224671
-0.607877 0.445339
-1.876926 1.312171
-1.712897 2.092259
-0.679294 -0.717623
-1.844211 -1.341079
0.061360 -1.779907
-1.833094 1.452479
-0.812675 0.792917
-0.555281 0.312472
0.002263 -1.751460
-1.809705 0.631857
-0.129198 -0.406403
-1.600617 0.321780
0.486791 -2.071220
0.675167 -3.561514
-2.205949 -1.587347
-0.480522 0.438158
-2.099045 2.288328
-1.597243 2.018312
-1.071457 -1.439740
-2.174609 -0.559097
0.145272 -2.854874
-2.153452 -0.571065
-2.071932 -2.126546
-0.553291 -1.092161
-0.896370 -1.284015
-1.477951 1.853104
-2.951511 -0.519930
-2.192530 -1.961019
-2.421532 -2.163279
-1.688931 2.266601
-2.730233 0.490224
-2.731358 0.509849
2.224596 2.574951
-1.041856 0.350670
-2.429746 -2.084080
-3.177565 1.122986
-1.795114 2.071735
-3.458397 0.199849
-0.036804 -4.599873
-2.062418 2.744469
-1.392204 0.008358
0.240503 0.679194
-3.864479 0.845314
-1.081306 0.504156
0.707612 0.388403
-4.176113 -0.646346
-0.637057 -1.016336
-2.048477 1.466670
-4.269669 -0.674172
-1.962580 2.120612
-4.262626 -0.691886
-2.152177 2.232558
-0.362687 0.720856
-3.243002 0.862142
-3.185171 0.804927
-3.209555 0.760494
-0.519006 1.220654
-0.109502 -0.335930
-1.912232 -0.635547
-0.980843 -0.019121
-3.215346 0.919739
-3.235608 0.909079
-1.744901 -1.060470
0.231318 -1.951582
-1.702226 -1.087904
-0.455428 1.167580
-0.457287 1.295760
-2.901394 -0.784994
0.014994 -0.586257
-2.100626 2.247228
1.231420 0.574349
-1.979758 0.436086
-2.118323 -0.220419
-3.057308 -0.617030
2.936814 2.380231
1.228325 0.654569
-0.692309 -0.477067
0.013410 -1.765562
-1.624298 0.654752
-1.752451 0.146608
-1.473092 2.331754
0.157409 -2.877224
-1.437898 1.896937
-1.991696 -1.060374
-2.050926 -1.147151
3.422798 -0.841646
0.105027 -2.838585
-0.454493 0.832423
0.055875 -2.668069
-1.692675 -0.608931
-1.069168 2.378475
0.093054 -2.762505
-1.814209 2.280124
-3.148562 0.612363
-2.659004 0.694501
-1.623726 -1.143448
-1.370593 2.388277
-2.309655 -0.923069
-2.089998 -0.518314
0.862285 0.385736
-0.217224 -0.140389
-2.663954 0.470659
-0.260001 0.388293
-0.071993 -0.468313
-1.945567 0.649376
-0.475455 -0.972266
-1.799652 0.869742
-0.266552 -0.632693
1.229598 0.686861
1.257503 0.671865
1.205936 0.635068
-1.667060 0.289966
-1.871132 -1.474549
-2.850067 -0.925851
0.769372 -4.042897
-0.470525 -0.531437
-2.167026 2.245246
-0.475415 0.737166
-1.581012 0.683978
-3.411099 0.554369
-2.320127 -1.650473
-2.718821 -0.725544
1.890157 2.735447
-2.966193 -0.186663
0.788571 -3.583304
0.787582 -3.459860
-0.256149 0.370097
-0.603264 -1.198763
0.829530 -3.404001
-2.724494 -0.236593
0.342951 -2.866114
3.334260 -0.792014
0.766475 -3.581169
-0.688926 -0.808087
-0.599094 -1.007538
-0.296840 0.084086
-2.176650 1.536815
-2.838300 0.985438
-2.103462 1.376868
-0.666080 0.666770
0.704851 -3.450644
-0.745106 -1.280304
-1.787766 -0.419907
-0.460649 1.301525
-3.991999 -0.530187
0.224793 -1.959987
-1.903311 1.557280
-3.113894 -0.134731
-0.015131 -0.787472
0.252269 -1.974987
3.827927 -2.430909
-0.806491 -1.541042
-0.658313 -0.412444
0.125136 -2.850974
-0.478805 1.276084
-4.159791 -0.622241
1.267820 0.677073
0.058208 -0.122529
-3.390431 1.169423
-3.406011 1.152796
-1.947093 -1.538220
-1.044658 -1.421095
-1.767036 -0.723818
-1.956472 -0.588998
-2.732242 -0.575532
-1.224571 -0.284759
0.114159 0.608356
-1.594650 -0.818675
-2.651339 0.447446
-1.578811 0.370662
-1.310578 2.380927
-1.842227 2.068431
-1.822361 1.267803
-2.823527 -0.561022
-0.784232 0.056478
2.756744 -0.205047
-1.479174 2.200262
-1.836091 2.659239
-1.764280 2.269497
-1.935218 2.404407
-2.218627 -0.910949
-0.834898 -1.311197
-0.656052 0.299670
-2.150461 -0.617626
0.980581 3.676044
-1.280587 -0.844704
-0.200648 -1.546094
-2.452859 0.869516
-0.757859 -1.672930
1.453444 -0.199628
-0.717671 -0.697578
-2.035239 -1.455291
-1.101909 2.351511
-2.099194 -1.124743
-1.224349 1.886640
-1.741333 2.244992
-2.357539 -0.173596
-1.793132 1.236712
-0.351586 0.861947
-3.054044 -0.509208
-2.073815 1.401126
-2.044246 1.459706
-2.093569 1.439812
-2.021706 -0.853879
-0.785726 1.018358
-0.643848 -0.666541
-1.511538 1.269022
0.404450 -1.996226
1.448353 -0.204328
-0.035724 -4.598796
-1.469287 1.579885
-0.408253 -0.415925
-0.769659 -1.230912
-2.947735 -0.494880
-0.737037 -0.461588
-0.395768 -0.686164
-0.072728 0.061332
-2.084023 1.377832
-1.809284 1.624542
-2.781090 -0.431701
2.856278 -0.828188
-2.696686 0.205903
-2.301009 -0.121804
-0.570918 -1.140120
-1.816278 1.317142
0.870631 0.240478
0.238388 0.711517
-2.718966 0.557638
-3.617372 0.482512
-0.034681 -4.597024
-3.624350 0.473411
-1.125213 2.337815
0.069333 -2.474330
-2.517648 -0.881723
-0.170184 -1.731205
-1.136169 -1.172216
-1.756940 -1.161713
-3.620352 0.465773
-2.886097 -0.401954
-2.195437 -2.008562
-2.162821 -2.028381
-0.430632 1.335658
-1.816432 -1.604174
-3.062483 -0.644491
-2.806944 -0.924316
-1.250914 2.244243
-2.844340 -0.927996
-2.852617 -0.957661
-1.592511 0.606570
3.210744 0.580458
1.206719 0.354979
0.074115 -2.654021
-1.873146 2.320144
-0.679165 -0.672033
-2.058130 2.235282
-1.875152 -0.537397
-2.310830 -0.695957
0.132868 0.843058
0.968875 3.657754
0.765408 -4.032043
-1.660608 -0.802148
-2.001577 -1.247733
-2.438943 -2.123214
-2.256881 -0.896521
0.107567 0.983519
0.694002 -3.703709
-1.981238 2.228177
-1.795561 -1.120001
-2.050124 -0.991214
-2.861054 -0.071341
-1.188226 2.138029
-2.061279 2.316169
-1.247439 1.749194
0.018775 0.904923
-0.683469 -0.451176
-3.628594 0.461780
-3.597788 0.470753
-4.250256 -0.681830
0.116565 0.968207
0.124014 0.990236
-4.264777 -0.677668
-1.594203 0.600834
-3.903566 0.957181
-3.863592 0.859172
2.857117 -0.828957
-2.693048 -0.272172
-0.127055 -0.357584
0.173606 -0.550056
0.072095 -0.529377
-1.750943 -0.806478
-1.452294 2.122316
-0.732052 -0.197193
1.257561 0.337095
-1.880482 -0.958417
0.896623 0.651376
-0.741522 -0.181176
-2.055106 2.047589
-2.756430 -0.785212
-0.008059 0.523986
-1.812021 2.346550
-0.784087 -1.536576
-1.801259 2.333416
0.027318 -0.638432
1.221372 0.589922
0.772144 0.346107
-1.734343 2.384914
-1.836121 2.252184
-2.819747 0.003116
1.274625 0.604869
-2.705299 -0.900018
-2.379286 -1.289074
-0.755224 -0.613207
-0.546148 -1.653447
-1.779405 2.337987
-0.528399 -1.685452
-0.298419 -0.184117
-4.240630 -0.667858
-2.829486 -0.333583
-2.811672 -0.353626
-0.748567 -1.860783
-2.671945 0.666587
-2.828744 -0.005707
-0.690423 -1.474523
-1.650833 -0.926911
-0.183456 0.176599
-3.562743 0.459876
0.754819 -3.988656
1.177950 0.256180
-1.780388 -1.232664
0.115248 0.489582
0.101672 0.520607
-2.417617 -2.155428
-1.784338 2.423920
-0.678532 -1.266004
-1.758126 2.165668
-1.363055 2.215423
0.066288 0.856141
-2.062075 -0.674788
-2.667773 0.124654
-0.361990 -0.196173
-0.962215 0.500730
-2.404994 -2.042446
-1.811326 2.255168
-2.146933 -0.735453
5.302534 1.927743
-2.288790 -0.643514
-1.782119 2.088545
-2.069365 -0.834511
-1.727214 -0.859962
-1.777778 2.139230
-1.795163 1.867466
-0.480494 1.261891
-0.655112 -1.111193
-1.854033 1.738528
-1.595991 0.291824
-0.337491 0.765134
1.008690 -13.598338
-3.870119 0.959559
-2.861346 1.001343
-3.477559 0.473029
-1.837300 -1.695053
-3.132384 0.704802
-3.430622 1.071926
-1.767660 2.277913
-0.573236 -1.009104
-4.215024 -0.657701
-1.715947 2.103655
-2.037023 1.433946
-1.928438 -1.529538
-1.216989 -0.280386
-0.994268 1.636101
-2.958365 -0.149171
-1.981058 2.186311
-1.622781 0.310887
-3.882668 0.902221
-2.009164 2.266920
-2.070995 1.394098
-0.283448 -1.629744
-2.060132 2.230703
-1.194646 1.743687
4.353112 1.389942
0.004841 0.529068
-0.663013 1.140833
-0.073405 -1.754330
-3.776669 0.911608
-0.054330 0.189138
-0.035182 0.428182
1.827630 2.217889
-3.480021 0.595408
-1.778533 2.262416
-3.149303 0.417836
-2.145753 -0.557173
3.212812 0.580656
-0.298096 0.369967
-0.526655 -1.373327
-1.601931 1.928520
2.854865 -0.768682
-1.552580 -0.405724
0.245757 -2.975945
-3.341281 0.931685
-2.451930 -0.597199
-2.518276 -0.682759
2.855492 -0.768838
-2.404306 2.581865
-0.035851 -4.597847
-1.195789 -0.214412
-1.557405 -1.134223
-0.117010 -0.392966
-0.762952 -1.460916
-2.318195 -0.365984
-2.825957 -0.123538
-1.495607 2.104891
-0.974653 0.980921
-3.205075 -0.363172
-1.290048 2.089066
-0.672816 0.217796
-3.333606 -0.353469
-2.034893 -1.367013
-2.784982 -0.934344
-1.742563 0.729693
-1.458744 2.361973
-1.724905 -1.135506
-1.682121 -1.277312
-2.799460 -0.544142
-3.523516 0.475076
-2.000315 0.489693
-4.241472 -0.674767
-1.802163 -0.680279
-1.614554 0.055481
-1.768305 0.742183
-3.038583 0.993496
-0.140867 0.583195
-0.684510 -0.480731
-1.751194 -0.939809
-1.602177 -1.066076
-0.873511 -0.974844
1.166100 0.633847
-0.052073 -1.761730
-1.769549 0.761108
-0.295042 0.601579
-1.334215 1.922584
-1.768902 2.302466
-1.695104 1.833446
-2.072094 1.632463
-2.870078 -0.237209
-3.308409 0.752936
-3.413821 0.553089
1.057727 0.666093
-3.253005 0.904679
-1.735525 0.619401
-3.369316 1.253664
-3.252684 0.902109
-2.001040 2.313267
3.149087 -0.104091
-2.155859 2.362188
-1.713020 2.321016
-1.596412 -0.889418
-1.449864 1.694871
-4.227028 -0.666822
-1.944303 -1.062904
-1.921648 1.937227
-1.869410 1.911654
-2.567787 -0.696457
-2.356850 -1.053193
-1.774738 1.048672
-4.254142 -0.671363
-0.982409 2.403373
-1.112644 2.313742
-1.082334 2.361282
-3.394176 1.163630
-2.879315 -0.524569
-1.919874 -0.835449
-2.346589 -1.005417
-1.834628 -1.240613
-2.069601 -0.885542
2.776414 1.863688
-0.123656 -1.681796
-0.116736 -1.714269
2.755821 -0.205409
1.206690 0.634349
-2.799429 -0.798978
1.207621 0.650744
1.234325 0.683146
1.030862 0.683096
-2.137765 0.376340
-1.380991 2.076258
-0.827258 0.234116
-0.836930 0.236644
-0.528212 1.317167
-2.043857 1.453690
0.058666 0.629444
0.324746 -2.820346
-1.888891 -0.322535
-1.537861 2.333473
1.143178 0.577602
-2.789231 -0.276881
-2.295179 -0.939971
-1.840946 1.784636
-0.826216 0.621834
-3.117661 -0.468517
-1.173576 1.710388
0.006825 -0.132828
-2.088416 -0.105230
-1.966204 -0.931177
-0.939107 -1.198297
-1.954795 -1.365531
-2.334963 -0.797088
-2.508825 -0.870920
0.983024 3.682922
-1.891213 -1.092572
-1.832328 2.063514
-2.754883 -0.523751
5.312572 1.927847
-1.105168 2.008316
-3.566874 0.986441
-1.815798 2.361073
-2.061285 -1.483567
0.975701 3.656418
0.952341 3.578254
-1.011914 -0.047352
-1.021173 -0.106711
-0.772242 0.975933
-1.942976 2.052079
-0.670052 -1.207918
-0.547360 -1.099303
-0.774777 -0.634630
-2.339143 -0.748695
-0.457976 -1.024454
-2.820704 -0.017741
-0.743320 0.678721
-0.817677 -1.550234
1.889922 2.736058
-2.070993 -1.601187
-2.871124 -0.087271
-0.553136 0.923288
-2.146941 2.244946
0.730637 0.391585
-2.063326 -0.035096
-2.856747 -0.457630
-1.986221 2.097216
-3.602898 0.427117
-1.869295 2.283586
-0.228979 -0.253324
-1.893843 -0.932471
5.342938 1.925383
-1.921092 -1.529679
-0.150197 -0.220280
-1.997908 1.378100
-2.503297 -0.865906
-0.429353 1.333796
-1.651467 0.838698
-0.283395 -0.237653
-1.579120 0.669383
-3.595258 0.453703
-1.078581 -0.075047
3.191959 -0.156820
0.720815 0.395849
-4.242458 -0.679504
-2.554496 -0.779094
-0.004583 0.498412
0.252106 -1.921336
-1.406047 2.000749
0.346012 -1.969048
-2.509217 -0.681084
-2.148361 -0.633846
-2.408579 -0.588001
-1.945654 2.452695
-2.430451 2.589301
-2.423136 2.587394
-1.977547 1.904939
-1.671601 2.138934
-2.079540 -1.044588
-2.209805 -0.975418
-2.329422 -0.725170
0.108429 -2.794930
-2.187312 -0.744101
-0.748394 -0.521880
-4.290320 -0.685354
0.672648 0.481704
-2.185873 -2.032233
-3.905103 0.937228
-3.914488 0.905746
0.984968 3.689878
-0.152549 -1.658612
-3.760407 1.058588
3.149159 -0.104367
1.827611 2.217387
-2.902011 0.966809
-0.873154 0.271643
-1.057987 1.556630
-3.529671 0.385778
-3.935637 0.934346
-1.350829 -1.150701
-0.583105 -0.952616
-2.052827 -1.700433
-1.871143 -1.009338
-2.447694 -2.192008
-1.437046 -0.898609
-1.412034 2.327250
-2.130851 -1.951663
-2.209982 -2.041709
-4.204698 -0.653333
-0.616521 -0.275101
-3.237365 0.802187
-2.969909 0.496602
-2.101712 1.828893
-2.671925 0.127269
-1.806028 1.796779
0.709488 -3.495120
-0.779697 -0.094348
-0.468481 -0.996675
-0.874014 -0.646490
-1.533842 0.540491
-3.429800 0.188112
-1.608795 0.646521
-1.778205 2.199637
-1.765818 2.338057
1.127441 0.617116
-0.527408 1.257318
-0.582682 1.258892
-0.597214 1.263770
-3.299446 1.343909
-1.850113 -1.790383
2.778399 1.863526
-2.028585 -1.260461
-0.097228 -0.337632
-0.464921 0.817143
3.192023 -0.156510
-2.070373 2.328593
-0.669048 -1.257333
-2.072545 -1.050066
3.202356 1.116379
-1.483578 1.341399
-0.675072 -1.268447
-0.596675 1.263771
-1.152308 -0.492098
-2.083061 -1.124203
-2.252524 0.833957
-2.053603 -1.168583
-1.674776 -0.852027
-1.399671 1.838338
-1.124473 -0.426322
-1.413542 -0.849817
-2.210305 -0.489179
-1.363769 1.505209
-1.439209 1.841424
-1.790240 2.237264
-0.341810 0.763371
-2.091286 -0.821899
-2.658667 0.128243
-0.792940 -1.235831
5.306551 1.928080
-3.380697 1.176489
0.012443 -0.386441
0.834248 0.266905
-0.340945 -1.284348
-3.818067 0.747443
-0.022751 -0.377558
-1.782990 -1.044396
-2.246064 -0.398533
-2.007352 2.204079
-0.332655 -1.440956
-3.614231 0.481220
-0.314735 -1.326669
-2.673061 -0.721675
-2.789404 -0.263157
-1.566548 -1.138105
-2.056870 -0.967382
-2.035712 1.396501
-2.446809 -2.156562
-2.875450 -0.217500
0.112697 0.973589
3.334448 -0.791395
-0.608524 -1.145570
-1.255147 0.541104
-2.069164 2.772572
-1.646910 0.663747
-1.829398 2.658170
-3.001806 -0.204113
-1.663736 0.513756
-2.992054 -0.174512
-2.979545 -0.211559
0.974865 3.662123
-1.808514 1.132250
-3.007931 0.969660
-1.867967 -1.490098
0.736708 0.462709
0.984036 3.686497
-0.836256 -0.600413
-3.420579 0.557859
-1.270622 -0.233187
-1.734197 2.364131
-2.212456 -2.079709
-1.760479 -1.108786
2.937344 2.380735
-1.596449 0.304680
-2.070759 -1.385533
-0.600506 -0.935458
-1.777271 -1.067170
-1.408579 -0.854165
0.060691 0.825920
-3.550302 0.440259
-1.904235 2.432901
-1.938788 2.055143
-2.142786 -0.968148
-2.203627 -1.996281
-0.054266 0.874247
0.941112 3.536708
0.777109 -4.044530
-1.350027 2.195596
-1.344109 2.154261
-3.422404 0.182358
-1.074887 2.187607
-0.458845 1.309005
-2.102336 -0.910314
-2.552227 0.108777
-1.500261 -1.525499
-2.051045 1.386266
-1.711831 -1.009696
-3.163226 0.610356
-1.668249 -0.983311
-0.873032 1.585420
-2.822293 -0.893158
-1.275276 -1.262038
-0.089697 0.097237
-2.984108 -0.576631
0.173103 0.959176
-0.486532 0.820387
-0.118412 -0.307036
-0.212207 -0.311658
0.975318 3.670527
-1.053051 2.431908
-3.156630 0.713178
-3.317412 1.002712
-3.124238 0.766096
-0.162405 -0.216117
-1.954322 -0.975885
0.934407 3.494978
-0.516281 -1.319932
5.317414 1.927409
5.317464 1.928009
-2.666559 0.459952
5.315158 1.927686
5.314643 1.927402
-0.241979 -0.225082
4.353052 1.389683
-2.936311 -0.509337
-0.586575 -0.920993
-1.774775 -0.895027
-2.179795 -0.595159
-2.042438 1.675573
-1.816305 1.271289
-2.105547 2.259029
2.701323 -0.916824
-1.198213 1.477384
-3.198322 -0.436383
1.191282 0.633662
-1.752031 -1.104863
-1.803469 -1.226947
-2.075340 2.162694
1.155435 0.637865
5.306954 1.929007
1.201418 0.652145
0.162403 -1.867866
-2.036492 -0.711842
-1.615843 0.786783
-1.948743 2.055811
-3.038668 0.001026
-1.054242 -1.427187
-1.419207 1.854841
-3.560719 0.959582
-3.845146 1.194548
-1.204684 1.530352
-3.736750 1.077733
-0.150202 -0.257808
-2.469107 -0.257883
-1.662038 0.528916
3.202627 1.116060
-3.513528 0.195010
0.209344 -1.896973
-1.742149 1.679948
-1.625080 -0.903870
-1.501581 0.570085
-1.168724 -0.098803
-0.449655 -0.988413
0.844427 -2.199483
-0.315220 -1.423700
3.828092 -2.431022
-2.859218 0.976264
-2.821693 0.986058
-2.687732 0.949409
-0.641163 -1.332618
-3.645873 1.043780
-1.898156 0.540973
-1.834447 2.072481
-1.303259 -0.265628
-2.156560 -1.751736
-2.082790 -1.071105
-1.790483 -0.793282
-2.047514 2.725288
-0.408761 0.262396
-0.260003 0.153585
-1.864540 -1.628525
-1.927746 -1.671618
-2.073837 -0.690804
-2.763139 -0.918013
-2.309691 -0.710049
-1.961290 2.137240
-1.978580 2.232755
-1.940315 1.364168
-0.865532 -0.864021
-1.881418 2.108015
-2.140597 -0.203276
-1.498349 1.347620
-2.820248 -0.891728
-0.342976 -0.186850
-1.532060 1.390223
-1.850059 1.204517
-1.878983 -0.704568
-2.081516 1.830433
-2.390226 -0.600235
-1.544150 0.478980
-2.058536 -1.281129
-2.731981 -0.902214
-1.754382 1.767215
-2.005686 1.445076
-1.978363 1.513216
-0.233312 -0.692717
-0.861946 0.930926
-0.616802 -1.039577
-1.925051 2.156098
-2.073947 -0.255286
-2.795817 -0.845244
-3.740597 0.954742
-2.100455 2.308347
-1.517671 0.204893
-0.578614 0.494997
-2.470035 -0.367749
0.628974 -2.109084
-1.869534 1.884274
0.982967 3.683028
-0.463392 0.825252
-0.674563 0.742007
-1.948916 -1.007394
-1.284896 -0.880417
-2.785239 -0.904510
0.093308 0.946111
-1.846260 2.239721
2.697645 -0.915468
0.256921 -2.968347
0.254659 -2.988058
-4.253137 -0.674035
-1.613711 0.842037
-2.363959 -0.707160
-1.671109 -0.863827
0.271110 -3.014790
-3.322330 -0.370405
-2.981317 0.872063
-2.706231 -0.785152
-0.419449 1.344921
-0.424968 -1.321626
-1.520829 1.359985
-2.505845 -0.485892
-2.896850 -0.240686
-1.681349 2.278037
2.224703 2.575113
-0.124476 0.543803
-0.944396 2.309081
-1.601946 0.610555
0.935703 3.531915
-0.469892 -0.317402
-3.357965 1.293999
-2.746441 -0.720429
-1.656262 -0.723009
-1.845754 2.694743
-4.242550 -0.668873
-3.934792 0.928663
-0.801766 -1.285966
-3.348293 0.165928
-1.944950 0.565732
-2.114530 -0.339321
-1.057160 0.354259
-2.008806 2.211901
-2.579276 -0.762208
-3.929025 0.924459
-1.906523 0.677370
-1.828323 2.114974
-2.867126 -0.954546
0.188291 0.532472
-3.302222 1.357551
0.087832 -2.754102
-0.425149 1.348408
0.622890 0.504313
-1.800398 -0.965409
-2.354171 -1.687559
0.160792 0.532061
-0.749215 -1.820890
-2.127270 -1.766513
-1.197467 1.746382
-1.072907 1.245523
-1.306419 -0.240321
-3.393019 0.517534
-1.208965 -0.302247
-1.266356 -0.362378
-0.114818 -0.109160
-2.365802 -1.011822
-1.975307 2.365064
-2.268711 -0.773594
-0.789685 0.385546
-2.004741 1.411410
-3.534787 0.461253
-1.651932 2.266481
-1.276062 0.836624
1.009308 -13.602185
-2.343122 -0.717717
-2.517829 -0.968139
-3.533470 0.458083
3.113323 1.982958
3.115240 1.982383
-1.355405 -0.518609
-2.644979 -0.809537
-1.716491 2.333065
-3.034120 -0.681677
-1.772063 0.711975
-1.578613 1.442124
-1.364663 1.778749
-1.141470 2.329328
-1.717588 2.254542
-1.893486 -0.844732
-1.798547 1.014219
-1.769249 2.388075
-3.598414 0.443809
-1.449854 2.282306
-1.334640 -0.217643
-2.595517 -0.279355
-3.212292 1.105996
-0.291019 0.344792
-0.128422 -0.746879
-1.317765 -0.609626
-1.273050 -0.323766
-0.326946 0.359152
-2.236458 -1.992645
-3.302348 1.300845
-3.233765 0.905282
-2.009582 1.856892
1.210491 0.676037
0.948880 0.538875
-1.839625 1.263600
-1.895357 -1.354898
0.822540 -3.449896
2.937531 2.380945
-1.684937 2.055307
0.788247 -3.431641
-1.820001 2.584772
-0.597454 -0.219868
-1.482917 2.381399
3.423229 -0.842180
-2.771668 -0.928380
0.285472 -3.016832
0.280428 -3.027055
-0.168555 -0.230847
0.049064 -0.124613
-2.758883 -0.956044
-1.546980 0.660369
-1.266591 2.066291
-1.762681 2.171055
-1.277426 1.998168
0.725330 -3.614218
-1.503307 -0.513254
0.700977 -3.470238
-1.536095 2.034187
-2.776639 -0.462335
-1.211466 2.337214
-1.297409 2.255062
-1.233166 1.738763
-1.684364 -1.221794
-1.981241 2.269530
-1.601466 0.609026
0.690309 -3.661552
-2.951265 -0.321122
3.010196 0.363913
-1.414345 2.429149
2.360748 1.939751
0.322305 -1.953678
-2.192467 -1.852901
-2.188416 0.698700
3.560230 3.165235
3.095081 -1.076938
-3.943493 0.957541
1.009600 -13.605564
-1.387881 0.054797
-0.172468 -0.104550
-0.884026 1.310197
-0.948689 -1.100907
-0.723422 0.073647
4.291774 0.317353
-0.767965 0.297921
1.214275 -3.783675
0.416176 -0.030691
-0.128906 0.361957
4.669243 -1.878641
4.669367 -1.878270
-1.002324 0.202612
-1.686898 1.625790
-1.656029 1.627464
-1.205196 2.355468
4.670765 -1.878393
-1.322461 2.329832
-0.953957 0.123783
-0.553613 2.233509
0.172526 0.719599
-0.927073 2.173463
-2.497178 0.128195
3.927450 -1.623725
0.010364 0.326217
-0.072862 -0.922681
-0.090134 -0.922049
-2.749686 -0.301070
-1.548470 0.457914
0.579785 -3.657329
-1.451682 2.384715
-1.789863 2.091525
-1.497671 -0.479029
0.552705 0.189364
-0.564077 2.203662
2.680365 -1.092138
-1.547950 1.652541
-1.511464 0.013299
-2.936982 0.707361
-0.676379 2.202349
-0.586360 2.201731
-0.631824 2.206728
-2.067424 2.170820
-1.361328 1.798439
3.264616 -0.597998
-1.883306 2.132191
1.368304 -2.458364
1.229991 0.568518
3.926297 -1.623690
0.407494 -2.930690
3.459422 -0.462409
3.458420 -0.459275
0.063928 -0.377175
-1.662845 2.028510
-2.372779 -0.442497
-3.272360 -0.467186
-1.045900 0.226963
-0.735062 0.190419
-2.152814 -0.539304
-2.716512 2.257940
1.199081 0.567569
0.232296 -0.211174
-1.512861 0.228474
3.119771 -0.802351
-2.761925 2.300601
-2.644547 -0.217305
-0.652893 -0.064363
1.250487 0.565911
0.555471 0.543821
-2.548372 -0.091193
-2.064730 -0.193279
-0.283189 -0.548644
-1.634969 1.477362
-1.673294 -2.155890
-1.768385 0.842068
-0.149540 -0.699612
-3.156917 -0.626988
-1.563248 1.916738
-1.517319 1.981813
-2.304534 -0.952503
-1.612457 2.213172
-2.291733 -1.949914
-1.581978 1.836643
-2.491692 -1.140725
-1.623017 -0.294291
-1.386615 2.555742
-1.401689 2.609309
-1.441403 0.599607
-0.915928 -1.222400
-3.215771 1.060157
-0.163271 -0.823505
-0.252450 -0.795271
-2.576660 -1.554214
-2.592818 -1.560778
-2.237027 -2.135772
2.408774 -1.293614
-1.692851 2.065136
-2.727842 2.261145
0.355282 -2.989317
-1.625539 -2.887591
-3.737350 0.393100
-3.729267 0.389763
-0.167991 -0.771811
-0.764046 -0.533583
1.928262 2.917101
-1.620314 0.455125
-1.759346 -0.170868
-1.626136 -2.901173
-2.023999 -0.234310
-2.029287 -0.244626
-3.763123 0.440140
-1.234113 -1.688488
-1.014603 1.068804
-0.816305 -0.119792
-0.266951 -0.671678
-1.548875 0.133939
0.865798 -3.380813
0.706416 0.276975
-1.640423 2.154948
2.656768 -0.957920
2.564230 -1.720865
-0.022724 0.871854
-1.698441 -1.014699
-2.653193 0.527149
-1.104747 -0.153168
-0.655413 0.434156
-0.941934 1.714246
-3.105756 0.138203
3.365770 -1.077571
-2.033722 2.092860
-0.251572 0.414812
-0.191930 0.419971
-0.243576 0.423126
-0.416287 0.265751
-2.469796 -1.520700
-1.033934 0.754158
-1.967153 2.056389
0.140061 0.718688
-2.469207 1.781332
-2.076212 -0.325146
0.237245 -1.970956
-2.154429 -0.265870
-2.775031 2.298618
-2.265433 -1.894900
-0.900513 -1.370657
-1.099966 -1.299906
-0.626089 -1.659114
1.381898 -2.466671
-0.232432 0.405917
-0.440068 0.630049
-3.340744 1.005982
-1.651504 2.173663
-0.124152 -0.759119
1.408985 -2.481410
-1.830691 -0.484609
-1.951556 -0.759087
0.954424 -0.551785
-1.466868 2.482027
-0.476887 -0.687089
0.600230 -3.135948
-0.343127 0.007369
2.094228 3.477350
-0.043115 0.513404
-1.821862 1.908807
-2.284569 -0.940617
-2.982334 -0.655790
2.564915 -1.721023
-1.392948 1.332484
1.150125 0.611756
-0.254854 -0.663764
-1.067857 -1.329573
-1.424860 2.790401
0.759717 -3.221176
-2.575766 -1.554115
-0.084180 -0.689312
2.531198 -1.507211
3.213036 -1.564434
-1.399365 1.290796
-0.198616 0.307305
-0.333021 -1.335682
-0.913284 -1.154911
0.068135 0.007099
-1.535818 2.317805
-0.765988 -1.503507
4.669705 -1.878230
-1.014577 0.145582
-1.391065 2.356366
0.765866 -3.208833
3.233508 -1.236107
-1.540420 2.263228
-2.762112 -0.279488
1.181835 -2.365553
-2.093344 2.387242
-2.334511 -0.207487
2.361330 1.939149
2.922383 -1.863361
-1.200287 2.121189
-2.689596 0.744558
-2.660765 2.232470
-1.243810 -1.662605
-1.480584 -0.248067
5.172156 0.480120
3.548993 3.153565
-1.478242 0.667517
-1.145954 2.137959
-1.504918 2.398325
2.923693 -1.864235
3.542826 3.146838
-1.773712 -1.885787
-2.506592 -0.411914
-2.052013 -0.235017
-1.490551 1.847906
-0.269322 -0.582161
-1.289196 0.237842
0.249380 0.653429
-1.246806 1.875359
-0.866166 0.803663
-1.183665 2.327574
2.297832 1.968044
-1.510187 1.791706
-0.068857 -0.734086
-1.147955 0.738835
-3.754636 0.407692
0.904842 -3.452058
0.868996 -3.414101
-0.155177 -0.824715
-1.991491 2.220601
2.095806 3.477286
0.847236 -3.451599
-1.451667 0.078495
-1.439018 2.741222
-1.044425 2.449734
-2.001042 -0.910072
-2.666581 -0.557504
3.400788 -0.549651
3.365272 -1.079498
-0.250924 0.242462
0.489393 -3.414867
0.851224 -3.441663
1.164008 -2.356917
1.451464 -2.518299
1.427633 -2.498791
2.838092 0.479887
2.837633 0.480116
2.655369 -0.958080
-0.807971 0.038865
1.165758 -2.338442
-2.154969 2.263257
0.888389 -3.455408
-0.870957 0.031557
-1.934473 -1.800201
-1.625593 -2.840537
-2.085262 -0.156042
-0.111683 -0.901263
0.920972 -3.438112
2.286896 -0.542604
-2.567159 -0.402921
-2.318103 -1.966720
-2.178002 -0.235568
-0.403113 -0.566349
-1.831483 0.792154
-1.148572 -1.460818
1.177689 -2.346963
-2.193369 -0.394596
-1.726939 0.912262
0.479318 0.120361
-0.782706 -0.521721
-1.030927 -0.403880
0.916911 -3.447975
-2.176782 -0.076965
-0.222949 0.292763
0.944867 -3.534568
1.118663 0.623526
-1.768589 0.679097
-2.105291 -2.029693
-2.715404 2.292508
-2.368197 1.909278
-2.920681 -0.514612
-2.901176 -0.600799
-2.379565 -0.689334
-0.905813 -1.414684
-2.662134 0.714614
-2.154696 -1.580933
-2.627508 -0.327633
-2.717221 0.184839
-2.010127 2.063455
-1.837682 -1.734807
3.010606 0.364662
-2.194247 -0.364828
0.069445 -0.766774
-0.534755 0.162383
-2.524013 -0.352751
-1.269024 -1.690218
-0.882830 1.805678
-3.743655 0.388939
-0.616494 0.201289
-0.197663 -0.134125
-1.208515 1.897853
-3.054511 0.509881
-2.192049 -1.702495
-2.236246 -1.744590
-0.141022 -0.124988
-0.439087 -0.432059
-2.818303 -0.495378
-1.346344 1.765223
-1.464774 -1.300748
-3.113852 0.554534
-2.342635 0.195636
-2.962439 0.441233
3.184745 -1.383680
3.927620 -1.624766
-1.023360 2.480888
-2.695259 0.244114
-2.772827 0.702437
0.114793 0.509219
0.235491 -1.900714
3.041954 -2.160946
-3.295397 -0.466582
-0.074672 -0.725723
-2.807353 2.321979
-2.692074 -0.747856
-3.740917 0.382967
0.097717 -1.817894
-2.298045 1.957371
-1.455747 0.072852
-2.717994 -0.835192
-2.542557 -0.921814
1.009567 -0.572655
-0.670404 2.197747
-1.639688 -2.296873
-2.669648 -0.794705
0.113024 0.524129
-1.017743 2.481717
-1.449543 2.498627
0.343758 -1.975059
-1.926464 1.993766
-2.256225 -1.001332
-2.625870 -0.267428
-1.372367 -1.536528
-0.379083 0.280136
-2.185793 0.691525
-0.551803 -0.460375
3.352565 0.611627
1.468074 -2.532044
-1.842894 -1.581262
-1.895374 -1.495389
3.552332 3.156675
-0.896317 2.438805
-1.412345 1.869885
-1.574863 1.783729
-0.999233 1.800121
3.227326 -0.146340
3.561573 3.166223
-1.186484 -1.650333
-0.908842 -1.361167
2.858133 0.988672
-1.638784 -2.188375
-0.844512 1.766402
4.766077 -0.673254
-0.848273 0.654561
-0.177093 -0.654748
1.155794 -2.333963
-1.342546 2.098625
2.902786 -0.796696
-1.473283 0.428816
3.236800 1.003688
3.264068 -0.596701
1.500717 2.802053
-3.679815 0.357314
-3.275446 0.459448
-0.262634 -0.597428
-1.318246 2.096798
-2.901228 -0.671474
-2.295849 -0.689209
-2.434653 1.815004
0.622423 0.618297
-2.363101 1.932983
-2.442430 1.766057
-2.490812 -1.139756
-1.439940 2.679763
3.214267 -0.507724
-2.188554 -0.160814
2.813574 -1.716253
-2.214596 -0.782917
-0.093796 -0.571317
-1.126780 2.209569
-0.947338 -1.327266
-1.623607 -2.806015
3.352413 0.611623
-0.555942 2.208355
0.392197 -2.007140
-1.387548 0.934256
-2.271025 -1.933313
0.649251 0.219360
2.811997 -1.715599
5.172339 0.479969
-1.505977 -0.190233
-2.363789 -0.634980
-1.049652 1.855605
0.868985 -3.467524
3.236288 1.004760
-2.281484 -1.641915
-1.848805 -1.646353
-2.986473 0.090550
-3.187235 0.609158
1.009233 -0.568930
0.307699 -1.953293
0.288022 -1.932096
-0.729068 0.606843
2.408544 -1.293673
-2.160392 0.688434
-1.197190 1.797188
0.278651 -1.929377
0.177325 -1.853276
-2.150345 -2.061959
-1.310564 -1.286924
-1.333172 2.011331
-2.836741 -0.547719
-2.641583 0.140331
-1.624732 1.809315
-1.865026 1.252385
-1.429606 2.405912
-0.382187 0.005975
-1.996048 2.116982
-0.595072 2.141623
-1.502758 -0.178882
-2.064352 -0.911873
-0.606529 2.218331
-2.279193 -1.939327
-1.497050 -0.186134
-3.335074 1.015534
2.858208 0.988357
0.816577 2.884552
0.831726 3.006252
5.173600 0.480159
5.177262 0.482233
5.170320 0.479809
1.004782 -13.561275
-2.838517 -0.365970
-1.230783 1.821027
5.179568 0.479766
-2.460053 -0.439902
-1.472257 2.051921
-2.405728 -0.602911
-2.311901 -1.564179
-1.437105 2.597113
-1.435859 1.857560
-1.041015 0.878142
-1.954897 2.140289
-0.366151 0.794866
-1.690894 1.846085
-1.882334 2.142860
-1.433541 2.657175
-1.531275 -0.486243
1.193357 -3.774881
-1.132004 0.843259
-2.374255 -0.466188
-1.091073 2.381448
1.500988 2.802176
-2.877928 -0.589411
0.747003 -0.927659
-2.735054 -0.230042
-1.407558 2.583483
-3.139889 -0.679359
-0.593951 0.005462
0.913632 -3.454321
-1.239850 2.148188
-1.466913 0.121401
-1.461749 -0.159865
0.763315 -0.933444
-1.657345 -2.145047
-1.691770 -0.579324
-1.139030 2.158827
-0.181494 -0.732034
0.110429 0.528766
-2.836566 -0.552766
-0.469406 -0.371065
-2.594308 0.122852
-1.227860 1.636137
-1.073002 0.872017
1.218445 -3.782855
1.211211 -3.780956
4.118364 -0.099991
-1.399687 2.009364
-1.346573 2.452341
-0.645684 -0.355598
-3.160401 -0.804189
1.512204 -2.561473
1.020760 -0.591285
-1.959661 -0.772861
-2.018692 -0.796549
-1.726528 -0.706855
-2.228808 -1.957565
3.262450 -2.270062
-1.964611 1.990545
-1.353681 2.434715
-1.398988 2.395788
-1.922336 1.987468
-1.244945 2.219528
-2.919478 -0.747251
-2.108076 2.095919
-0.775943 0.106018
-2.667825 -0.146006
-1.674750 1.616166
-0.553349 0.174893
-1.529248 2.387133
-0.252916 -0.112282
-1.492517 2.518853
4.119024 -0.098025
3.262615 -2.269536
3.079520 1.610767
-1.959107 2.021965
-0.278119 -0.686947
-1.402995 2.037041
1.011736 -13.615258
-1.143328 1.600162
0.032059 -0.731802
-1.319591 2.377886
-1.003691 1.040866
-1.820677 -1.793385
-1.703867 2.078023
1.007462 -13.586620
-3.831877 0.809702
-1.121493 1.627923
-0.601752 -0.056196
0.096824 -0.217048
-1.812966 2.096814
-0.983194 1.630629
-3.156824 -0.701813
-0.567807 -0.085729
-0.586643 -0.033563
0.062805 -0.732624
-1.872368 2.014505
-1.299165 -1.094707
4.292049 0.316392
3.459402 -0.461366
-2.762171 -0.523364
-2.748522 -0.507122
-1.119227 -1.269583
-0.752887 -1.510527
-2.559496 0.524781
-0.803559 0.990361
-1.958590 1.983364
-4.079209 -0.545840
-1.861239 1.962565
-3.719635 0.374278
-2.450352 -0.260329
1.430689 -2.492379
-0.974377 1.715165
-2.671789 0.730094
-4.014000 -0.518624
-1.493503 -0.176069
-0.670440 0.248132
-0.988977 0.098912
4.437872 -0.571563
-1.168489 1.822562
-2.533701 -0.242365
0.244746 -0.973278
-2.868692 -0.322933
1.225486 -3.785178
0.835658 3.022934
-1.394840 -1.160173
-2.272619 1.957368
-1.022668 1.506806
0.926415 -3.503576
-2.354019 1.475548
-1.625800 -2.820746
0.823228 2.929642
0.712564 0.246972
-1.017977 -1.033973
-1.617681 -0.239185
-0.237099 0.098390
-1.917263 0.807355
-0.989653 -1.323973
-1.614039 0.384924
-2.468551 -0.912191
-1.209565 2.346565
0.423599 -0.025141
-1.805653 1.637400
-2.259046 -0.223502
-1.608225 1.747168
-0.264603 -0.350656
-0.120941 0.191350
0.166922 0.376323
-2.006238 -0.884469
-2.892139 -0.540250
-0.056189 -0.060802
-0.900378 -1.290144
-2.350722 -0.577589
-2.339643 -0.693530
-0.020832 -0.422242
-1.625843 -2.814685
-1.619409 0.057688
-2.056626 2.082307
0.548678 -3.675019
2.529596 -1.510067
-2.149102 -2.113981
-0.966242 0.139426
-0.179660 -0.142022
-1.572146 1.798597
-1.748108 -1.712675
-0.624089 0.449294
-2.287559 -2.035455
0.672117 0.325996
2.317224 1.679428
-2.964079 0.105181
-1.875833 -1.836071
-1.545197 2.352585
0.902335 -3.373034
-1.390369 2.067406
-2.156581 -0.480677
5.166625 0.481749
0.979007 -0.560260
-2.279277 -0.943131
-1.530053 0.748772
-2.662320 -0.577314
0.817856 2.891865
-3.485711 1.103339
-3.433170 1.060434
-0.613199 -0.303294
-0.592394 -0.358027
0.998001 -0.562068
0.726958 0.266222
0.939630 -3.572892
-0.197077 -0.136350
-1.436756 2.738560
-1.832035 -0.156313
-0.707538 0.778480
-0.396450 -0.570135
-0.676422 0.021572
2.940396 -0.405495
0.409274 0.102455
3.500037 0.853809
3.498747 0.852284
0.535240 -0.386172
-0.292026 -0.761135
-0.263414 -0.747984
-2.527580 -1.528320
-1.420030 2.815811
-2.732630 2.275358
-2.596756 -1.432602
3.168420 0.260092
-2.201811 2.002199
-0.354756 0.829870
-3.332576 0.986793
-3.117608 0.771436
-0.124679 0.494013
3.409689 -0.541065
-1.355600 1.349569
-2.768866 0.536329
-1.489980 0.110013
-0.352917 0.833905
-1.478096 0.144738
-1.133486 2.241685
-1.396001 0.895224
-2.053808 0.300109
-0.700314 0.212157
-1.262644 -0.051598
-0.720337 0.107409
-0.563002 -0.291650
-0.583084 -0.315223
-1.795401 -0.946146
0.988743 -0.563416
-0.688303 -0.703848
-1.625363 -2.810027
-1.031972 -1.028174
-0.519473 -1.667577
-0.133180 -0.772479
0.727721 0.268420
-1.693411 -0.604138
-2.731365 -0.773349
-0.892695 -1.254493
-3.073290 -0.684926
-2.572824 -1.425160
-2.008595 -0.295665
-1.022301 1.578176
-1.582262 0.058380
-2.949660 -0.744179
-0.144668 -0.125258
-0.442986 0.279439
0.355199 -1.980036
4.118537 -0.095725
3.559534 3.164301
-0.521111 0.232251
-2.591390 -0.134665
-0.069411 0.890740
-2.495237 0.187600
-3.036726 -0.248031
-1.521485 0.371905
-2.090201 -0.803222
-1.669983 1.654364
1.008973 -13.598958
-1.501864 1.852661
-2.466453 -0.445556
0.330333 -0.888773
-3.189688 0.417458
-3.179395 0.438858
-1.514999 1.915026
-0.322986 -0.308630
-1.065274 -0.018432
0.652224 0.526157
-1.873174 -1.673094
0.694352 -3.670668
-2.176930 1.953999
1.014627 -0.586210
0.454070 0.563353
2.940539 -0.404572
-0.568143 -1.672319
-1.952626 -0.866124
-0.906099 -1.169835
3.118476 -0.803616
-2.648060 -0.363890
-3.101181 -0.761134
-2.477560 -1.408648
-2.526649 -1.379256
2.680008 -1.091843
-0.909585 2.416237
-1.667173 -0.676720
-1.471526 0.610049
-2.191761 0.234157
-0.982652 -1.185912
-2.155294 -1.861505
-1.377635 0.574328
0.430083 -0.531924
-1.149499 2.146870
-2.463209 1.723090
-1.587311 0.671581
1.928404 2.916267
-3.689206 0.398075
-2.236866 -2.098547
-2.166738 -0.229434
-1.530859 0.509295
-0.845749 0.763565
-2.526320 -0.153429
0.981319 -0.572159
-3.460040 1.105380
-1.507643 2.009098
2.094594 3.476519
-0.593080 -1.753461
-2.874255 -0.742429
3.184602 -1.384437
0.396898 0.017699
-1.226854 -1.710397
2.093728 3.476474
0.703916 0.246159
0.645744 0.247804
0.729054 0.238780
-0.252419 -0.141029
-2.382127 0.990488
2.321010 1.682287
-1.079741 1.390485
0.616781 0.210456
0.980020 -0.556397
-0.719254 -0.411402
-2.080038 -0.783242
-1.708075 -1.488940
0.875901 -3.335032
-1.625483 -2.809502
3.211839 -1.565064
-0.523567 -0.365887
-1.742141 -0.268369
-0.831333 0.026091
-2.118961 2.479339
3.453100 0.717709
-1.945663 1.962347
3.079405 1.610595
-2.962451 0.111573
-2.057979 1.592667
1.008475 -13.594848
1.469798 2.707983
0.256864 -1.925933
0.221719 -1.895311
0.380017 -0.901211
3.557587 3.162018
1.926524 2.917441
-2.267426 1.205750
-2.087441 -0.988197
-0.962564 -1.443288
-0.640570 -0.766148
3.454669 0.719905
2.287500 -0.542473
-0.252945 -0.017684
-1.378948 0.685541
-2.513357 -1.525746
-0.208573 0.219898
-2.782273 -0.703368
-0.736333 -0.523753
-2.266757 -0.109582
4.118852 -0.095938
-2.511891 0.216693
-3.680269 1.097153
-0.589831 2.206308
1.170855 -2.356981
-0.579967 -1.685775
-2.528590 -1.516216
0.710790 -0.879956
-2.634957 -0.333334
-1.959590 0.589406
1.116474 0.613209
-0.027877 0.903116
-1.711202 2.031320
-2.691936 0.422993
-2.871697 0.804144
-2.303225 -0.220785
-1.461286 -0.415931
0.116653 -1.830728
-2.674120 0.441555
-1.558179 -0.298888
-0.399524 -0.292894
-1.915991 1.903948
-1.725235 2.018325
-2.981613 0.089820
-0.926455 -1.414489
0.707843 0.274702
-3.624104 1.090460
-0.658141 -0.083623
-0.005277 -0.628682
-1.157636 -1.622470
4.765615 -0.673866
3.233483 -1.236073
-0.955290 -0.570991
0.862578 -0.505811
0.346052 -0.546871
-2.213527 -0.803583
0.353341 -3.000174
0.055134 -0.028641
-2.589271 -0.066654
-2.798122 0.574724
-0.499392 0.877615
-2.281943 -0.284961
2.735640 2.066645
-3.152316 -0.430868
-0.834003 0.656794
-2.887825 -0.405004
1.450174 -2.504188
-2.657324 -0.822764
0.660651 -0.878928
-2.898990 -0.825815
0.357466 -2.994582
-2.378338 -0.561732
-0.488676 0.549994
-0.334277 -0.244583
-0.696000 -0.688405
-2.674131 -0.166283
-1.124602 2.321232
-0.728134 0.628719
-1.424698 1.801924
3.627394 0.194925
3.042703 -2.162133
-0.877683 1.332988
-1.235582 2.196244
-2.373727 0.861552
0.333376 0.491715
-2.656707 -0.572753
0.731004 -0.907507
-2.704849 -0.814901
0.231783 0.421115
0.060417 0.398517
-0.507132 0.563915
-0.871467 1.353356
-2.175436 -0.211196
-2.635371 -0.764741
-2.166818 -0.272121
-2.682644 -0.506644
-1.854717 -1.451518
0.221338 0.632322
2.297887 1.968135
3.227819 -0.145495
-2.365239 -0.685682
-0.874699 0.639427
-1.038120 1.485474
-0.470876 0.629768
-3.189348 1.045221
-1.683029 -0.501213
-1.596369 0.692860
-1.662137 0.822557
-1.610968 1.472341
3.628268 0.195040
2.736907 2.067617
-2.319029 -1.976672
-1.737461 -0.947368
-2.570513 0.125019
-2.502757 -0.106852
4.443436 -0.574429
-1.929794 2.141044
2.905403 -0.796091
3.040857 -2.159945
-1.423248 2.404335
-1.621520 0.779776
-0.885772 2.441106
3.213929 -0.508319
-3.732483 0.390615
-0.897352 2.451820
-1.574727 0.165918
-1.037629 0.777256
3.562169 3.166725
-1.180360 0.128372
-1.304690 -1.107203
4.436891 -0.571587
-2.068554 -1.877742
-0.238021 -0.683628
-1.172990 0.769065
-3.179148 1.118893
-1.661354 -0.453009
-1.526913 0.129464
-2.228700 1.966920
-0.724717 -1.350680
1.011607 -0.566124
0.408364 0.532880
-2.814043 -0.493017
-1.443592 1.840812
3.170790 0.262830
-1.247786 -0.053584
-0.953093 1.275307
5.168012 0.481288
-0.647458 -0.685991
0.216884 -0.143365
0.279139 -0.264239
-1.653763 0.852842
-1.668146 1.874630
-2.503978 0.208074
-2.010567 -0.231948
0.289963 0.059985
-2.014595 -0.661701
0.403495 -0.540253
0.347818 -2.986206
-0.719742 -0.678187
-0.806405 -0.578145
0.567952 -3.666338
-0.445122 0.107385
1.470080 2.707929
-2.266095 -1.700062
-0.704078 -0.607814
-1.810268 1.160818
-1.404984 2.562483
-1.156907 0.811130
-2.205559 -1.748236
3.096454 -1.074810
-2.673938 0.175675
0.995607 -3.528691
0.416008 -0.021808
-2.299346 -1.427687
-2.109082 -1.571714
4.292212 0.319948
4.291492 0.319161
0.929608 -3.490776
4.292740 0.322796
3.261952 -2.269228
-0.893550 1.317607
-1.342496 1.842245
-1.244313 2.074234
-1.384645 2.550519
-3.921497 0.942239
-0.066574 -0.417446
