72 2
0.693832 3.025413
0.667717 2.993915
0.585747 2.893486
0.534043 2.804824
0.376809 2.513057
0.298054 2.233403
-0.095765 2.287685
-0.315549 2.236774
-0.441168 2.181238
-0.659452 1.978038
-0.761973 1.817735
-0.813074 1.659569
0.432249 1.892033
-0.767619 1.391875
1.530178 1.739337
1.494603 1.717518
1.345022 1.641827
1.200281 1.576153
0.925996 1.451831
0.559715 1.334549
0.408151 1.298549
0.086942 1.274603
-0.087182 1.239097
-0.277331 1.201124
-0.510280 1.120669
-0.671397 1.127843
0.647892 0.922661
-0.727914 0.554266
1.596095 -0.017310
1.548457 -0.003713
1.405305 0.034610
1.119055 0.081538
0.972978 0.099378
0.756229 0.104488
0.376064 0.159754
0.183405 0.164322
-0.097831 0.166426
-0.329224 0.146399
-0.566553 0.149638
-0.703225 0.178996
0.446866 -0.755515
-0.827873 -0.280488
1.028791 -1.760235
0.975774 -1.727012
0.839338 -1.654430
0.739260 -1.603727
0.530694 -1.491411
0.281177 -1.366198
0.053013 -1.253153
-0.136959 -1.128241
-0.231789 -1.068790
-0.526066 -0.888204
-0.732246 -0.726749
-0.890813 -0.587540
-0.072597 -1.745787
-1.074891 -0.814617
-0.453573 -3.031805
-0.443148 -3.004394
-0.419344 -2.925429
-0.400448 -2.576011
-0.410120 -2.416408
-0.408400 -2.087252
-0.584288 -1.995044
-0.855180 -1.895288
-1.053563 -1.756243
-1.156006 -1.633650
-1.250635 -1.444683
-1.253192 -1.175281
-0.384189 -2.153211
-1.436626 -1.101647
-0.330121 -2.255616
-1.482120 -1.069939
