1005 2
-0.620587 2.205637
-0.583385 2.320152
-0.660848 2.463619
-0.752610 2.546708
-0.755892 2.690974
-0.903034 2.664415
-0.851439 2.688329
-0.394466 2.311062
-0.456867 2.327126
-0.379737 2.449815
-0.432920 2.555993
-0.525142 2.720118
-0.469217 2.724786
-0.376769 2.728901
-0.246582 2.299378
-0.161865 2.393254
-0.145874 2.479838
-0.078135 2.568235
0.000353 2.699316
-0.077491 2.724122
0.087421 2.717663
0.139527 2.367242
0.082012 2.413874
0.050831 2.477650
0.200045 2.580982
0.145005 2.681164
0.268333 2.691210
0.281933 2.699923
0.377855 2.343783
0.407277 2.394807
0.426662 2.447160
0.513301 2.527439
0.580270 2.601685
0.481148 2.650559
0.450736 2.664515
0.860324 2.287903
0.658459 2.356732
0.728786 2.406990
0.769177 2.448665
0.849623 2.524863
0.771487 2.575061
0.823698 2.585991
1.074247 2.212853
1.064377 2.220441
0.990991 2.306085
1.067646 2.369142
1.095363 2.436343
1.257120 2.446380
1.352802 2.459843
1.166969 2.163947
1.193078 2.165134
1.261194 2.177542
1.326457 2.222281
1.430563 2.320732
1.479317 2.354912
1.500827 2.359132
1.352996 2.035552
1.370601 2.071181
1.449650 2.094792
1.564781 2.108886
1.620471 2.203892
1.696194 2.203851
1.702376 2.224478
1.637023 1.798043
1.686876 1.803726
1.731429 1.900085
1.742820 2.015557
1.827184 2.044469
1.920853 2.031460
1.861519 2.116916
1.811874 1.487023
1.856235 1.584360
1.872345 1.668695
1.928682 1.822014
2.024832 1.873486
2.025099 1.953053
2.112497 1.885150
1.888374 1.255185
1.941195 1.447112
2.039850 1.497585
2.152604 1.599445
2.203740 1.692845
2.255581 1.722132
2.281770 1.740276
2.006290 1.021354
2.051816 1.130530
2.161818 1.327659
2.232013 1.506349
2.333683 1.590998
2.417390 1.527171
2.443623 1.514550
2.122834 0.666133
2.270988 0.686191
2.396851 0.679607
2.496702 0.662723
2.664460 0.563684
2.727958 0.739104
2.737750 0.646000
2.244473 0.312993
2.317321 0.365070
2.430789 0.364258
2.546604 0.385851
2.712680 0.398158
2.738653 0.386575
2.757569 0.542286
2.331390 -0.022564
2.349036 0.094111
2.442819 0.098154
2.585942 0.211672
2.668514 0.170203
2.727862 0.123941
2.741316 0.108990
2.339386 -0.108220
2.359414 -0.173046
2.414202 -0.249486
2.496256 -0.274774
2.644037 -0.165533
2.701874 -0.273417
2.716414 -0.278219
2.312914 -0.445503
2.320130 -0.552289
2.388870 -0.521051
2.447479 -0.554276
2.568809 -0.548017
2.611238 -0.638551
2.654482 -0.633660
2.255328 -0.676907
2.278364 -0.677682
2.362440 -0.686903
2.389557 -0.782122
2.472087 -0.885372
2.529865 -0.869687
2.629193 -0.719371
2.170981 -0.867109
2.195858 -0.890010
2.249411 -0.950077
2.322511 -1.050082
2.392731 -1.080331
2.434190 -1.149147
2.473840 -1.189873
2.117872 -1.030636
2.110749 -1.116626
2.161338 -1.153854
2.224076 -1.252868
2.263002 -1.301172
2.375494 -1.325554
2.408697 -1.300691
1.950131 -1.367265
1.983633 -1.352834
1.970203 -1.457082
2.087587 -1.437511
2.175688 -1.501001
2.183133 -1.576420
2.189348 -1.643756
1.772758 -1.548831
1.753218 -1.577268
1.866042 -1.584798
1.977983 -1.630969
2.031936 -1.712271
2.025091 -1.814537
2.037959 -1.830088
1.435501 -1.716239
1.503735 -1.746344
1.699292 -1.725637
1.776476 -1.849808
1.843733 -1.963525
1.868406 -1.999873
1.891679 -1.995710
1.277235 -1.774279
1.311260 -1.870861
1.509076 -1.913206
1.600445 -2.058429
1.624777 -2.134872
1.693336 -2.153565
1.683300 -2.177426
1.022782 -1.876896
1.170865 -1.965955
1.184817 -2.072175
1.422376 -2.165821
1.494995 -2.283603
1.458435 -2.341191
1.387348 -2.422111
0.510243 -2.048721
0.601718 -2.190225
0.704417 -2.321240
0.579288 -2.502636
0.549573 -2.630603
0.649518 -2.653361
0.632306 -2.654083
0.326011 -2.132403
0.314989 -2.253239
0.434734 -2.372600
0.309820 -2.544621
0.410050 -2.662862
0.268353 -2.673639
0.307779 -2.683821
0.105436 -2.238091
0.032486 -2.324851
0.042613 -2.436837
0.061376 -2.560768
0.041056 -2.628783
-0.005050 -2.682541
0.036944 -2.697615
-0.273459 -2.325309
-0.282697 -2.347042
-0.240029 -2.416643
-0.329522 -2.518614
-0.254602 -2.601718
-0.314230 -2.648285
-0.179412 -2.680556
-0.471622 -2.314097
-0.459323 -2.334442
-0.485417 -2.426755
-0.578260 -2.498708
-0.510084 -2.561423
-0.534157 -2.622666
-0.701585 -2.610601
-0.745126 -2.286782
-0.704098 -2.318917
-0.769819 -2.360057
-0.837893 -2.430484
-0.853264 -2.488038
-0.911546 -2.522977
-0.830092 -2.585815
-0.969597 -2.224513
-0.923125 -2.263316
-0.971207 -2.322593
-1.083611 -2.335660
-1.082795 -2.420828
-1.172082 -2.431278
-1.117923 -2.477844
-1.109971 -2.164289
-1.142628 -2.170241
-1.297222 -2.152356
-1.172797 -2.288668
-1.280512 -2.345912
-1.389204 -2.322201
-1.387469 -2.356621
-1.371822 -1.990191
-1.720952 -1.876745
-1.413579 -2.087271
-1.488560 -2.125560
-1.552825 -2.204721
-1.575047 -2.223501
-1.627410 -2.218665
-1.558607 -1.841333
-1.694686 -1.826869
-1.321060 -2.073764
-1.654552 -2.063439
-1.782200 -2.008899
-1.744826 -2.117988
-1.826047 -2.078946
-1.773704 -1.360372
-1.760938 -1.618365
-1.878162 -2.130003
-1.870217 -1.442407
-1.994395 -1.876153
-2.061343 -1.851180
-1.989203 -1.934940
-1.927607 -1.179912
-1.949114 -1.363048
-1.971296 -1.498449
-2.115024 -1.575293
-2.218425 -1.675396
-2.203607 -1.709980
-2.177770 -1.746511
-1.951425 -0.969923
-2.063397 -1.100062
-2.136609 -1.287495
-2.313503 -1.415102
-2.371130 -1.494799
-2.390701 -1.515454
-2.374232 -1.530153
-2.125932 -0.655613
-2.239516 -0.653808
-2.373527 -0.726842
-2.574379 -0.672573
-2.658664 -0.638149
-2.675787 -0.791718
-2.686781 -0.792383
-2.224252 -0.404239
-2.341179 -0.373240
-2.454585 -0.313815
-2.582015 -0.366335
-2.685595 -0.496077
-2.714960 -0.519310
-2.722066 -0.405740
-2.346317 -0.153700
-2.419595 -0.139273
-2.499498 -0.150055
-2.571207 -0.183720
-2.687077 -0.043285
-2.730443 -0.087097
-2.739607 -0.181960
-2.379980 0.015378
-2.410310 0.193958
-2.478860 0.121845
-2.555252 0.130628
-2.648971 0.155276
-2.687105 0.235116
-2.720941 0.283645
-2.346660 0.563910
-2.363286 0.507663
-2.435645 0.433678
-2.509562 0.546919
-2.632288 0.415548
-2.651448 0.526849
-2.665193 0.638972
-2.257792 0.815238
-2.314036 0.729869
-2.395163 0.814312
-2.440179 0.763840
-2.542050 0.735799
-2.629335 0.758689
-2.630520 0.806738
-2.142226 1.149216
-2.226456 1.043915
-2.284815 1.002084
-2.343835 0.998183
-2.462326 1.110792
-2.503793 1.182993
-2.552236 1.086186
-2.095196 1.262578
-2.095417 1.268237
-2.142836 1.290028
-2.269679 1.230463
-2.364610 1.345868
-2.401591 1.374287
-2.432693 1.353627
-1.995471 1.386428
-2.018139 1.435471
-2.039938 1.464767
-2.123647 1.481389
-2.252654 1.515529
-2.310550 1.528388
-2.347648 1.525419
-1.805611 1.610557
-1.790295 1.647531
-1.942076 1.688164
-2.005395 1.662484
-2.112693 1.747853
-2.135700 1.715667
-2.171334 1.745760
-1.574626 1.756845
-1.645123 1.790462
-1.761335 1.865471
-1.913500 2.065064
-1.834886 1.813653
-1.929993 2.045630
-1.867116 2.140717
-1.343239 1.862669
-1.485233 1.884454
-1.630688 1.986112
-1.700826 2.098837
-1.684676 2.264114
-1.707134 2.260302
-1.683353 2.317526
-1.081975 1.939256
-1.169953 2.119210
-1.227587 2.184835
-1.272277 2.383649
-1.436038 2.452956
-1.513912 2.426154
-1.549673 2.413373
-0.078162 -0.005309
-0.069170 0.004682
-0.012541 0.117937
-0.032088 0.056084
-0.209862 0.418460
-0.192003 0.427450
-0.171529 0.359524
-0.140050 0.281528
-0.229073 0.588635
-0.247831 0.589917
-0.251354 0.523323
-0.224768 0.445825
-0.379272 0.762924
-0.318158 0.791961
-0.320965 0.788241
-0.272576 0.614567
-0.373797 0.995687
-0.406362 1.044984
-0.421885 1.047705
-0.433335 1.052428
-0.502968 1.321116
-0.488272 1.320648
-0.466782 1.175671
-0.472427 1.130834
-0.620370 1.561367
-0.583635 1.563782
-0.606430 1.515868
-0.559815 1.362392
-0.700962 1.757985
-0.679389 1.763147
-0.689430 1.744272
-0.657610 1.646139
-0.770138 1.950277
-0.801873 2.056101
-0.837619 2.182279
-0.832897 2.186862
-0.855386 2.186427
-0.925203 2.332937
-0.939227 2.480113
-0.950262 2.659966
-1.000185 2.928461
-1.091690 3.249878
-1.138568 3.392053
-0.984281 2.272194
-0.992840 2.454569
-1.022572 2.640817
-1.071912 2.897927
-1.100023 3.142518
-1.139529 3.325516
-1.203538 3.498448
-1.225479 3.549098
-1.010089 2.357977
-1.056151 2.641943
-1.105187 2.776034
-1.172650 3.041671
-1.209914 3.239495
-1.228521 3.446806
-1.280691 3.570010
-1.331197 3.627341
-1.036447 2.485445
-1.147280 2.734867
-1.255943 2.974173
-1.236076 3.161586
-1.248531 3.280307
-1.294965 3.485679
-1.363859 3.620728
-1.379600 3.644516
-1.247924 2.558185
-1.260714 2.885395
-1.323463 3.028199
-1.353853 3.118948
-1.420253 3.372290
-1.475696 3.507214
-1.506801 3.649608
-1.502234 3.671628
-1.350318 2.560719
-1.342496 2.746217
-1.403841 3.065494
-1.417456 3.162246
-1.475405 3.291249
-1.517506 3.448904
-1.542135 3.521216
-1.533653 3.619222
-1.372678 2.564427
-1.376128 2.641926
-1.419381 2.943816
-1.452053 3.098321
-1.476986 3.256651
-1.510829 3.385120
-1.558836 3.475364
0.333248 0.274036
0.272042 0.263297
0.210049 0.182889
0.113178 0.189812
0.525972 0.331876
0.453071 0.293275
0.459305 0.284187
0.449982 0.332521
0.724971 0.388306
0.666258 0.299231
0.723304 0.330378
0.611256 0.359343
0.850582 0.454848
0.959197 0.457631
1.000673 0.450459
0.981357 0.379703
1.327654 0.621140
1.222512 0.547829
1.167476 0.512566
1.154061 0.484424
1.481197 0.662643
1.461262 0.641544
1.368264 0.589503
1.261318 0.553528
1.673525 0.703470
1.690774 0.728216
2.192323 0.832442
1.561754 0.670174
1.950675 0.781677
1.927920 0.829706
1.539390 0.661232
1.729923 0.714486
2.045112 0.865182
2.181199 0.917376
2.530306 0.934689
2.656568 0.932202
2.942815 1.020406
3.183810 1.080379
3.388000 1.121010
2.236337 0.860611
2.422806 1.022236
2.575580 1.037884
2.823976 0.988384
3.098417 1.062076
3.326851 1.125883
3.435970 1.147226
3.465683 1.153597
2.366795 0.958956
2.542851 1.069395
2.850342 1.092152
3.049803 1.118379
3.233128 1.134939
3.371434 1.146848
3.519459 1.208083
3.588127 1.266517
2.466576 1.113290
2.931932 1.301555
2.970911 1.236956
3.157826 1.175483
3.316743 1.211033
3.437432 1.223805
3.600950 1.291623
3.674200 1.320210
2.673088 1.198128
2.824701 1.205369
2.931708 1.290479
3.177742 1.323330
3.360956 1.372030
3.548623 1.409107
3.695696 1.394436
3.758610 1.416436
2.631283 1.241154
2.800717 1.247654
2.989082 1.308011
3.128117 1.351671
3.306983 1.390327
3.478971 1.426206
3.622866 1.427419
3.723868 1.435204
2.545319 1.263257
2.744850 1.252253
2.943066 1.316661
3.046513 1.350584
3.279361 1.379115
3.429149 1.422144
3.568737 1.444280
0.135290 -0.254065
0.038953 -0.258998
0.136958 -0.198389
0.048409 -0.148443
0.181178 -0.467795
0.171889 -0.456501
0.153065 -0.420601
0.147927 -0.410061
0.278669 -0.653759
0.250413 -0.514335
0.232673 -0.606857
0.288558 -0.635904
0.360580 -0.906123
0.356743 -0.925818
0.324335 -0.976828
0.333418 -0.940691
0.493302 -1.194527
0.421630 -1.162926
0.422117 -1.215052
0.366553 -1.128373
0.557704 -1.438470
0.563829 -1.454104
0.505537 -1.410802
0.452996 -1.333727
0.668473 -1.595142
0.661216 -1.645284
0.640013 -1.681069
0.567200 -1.544760
0.716421 -1.816643
0.736564 -1.922017
0.770945 -2.075579
0.684757 -1.834333
0.793684 -2.041574
0.849986 -2.210604
0.860660 -2.284932
0.856850 -2.338253
0.913834 -2.671296
1.061278 -3.240819
1.089094 -3.332292
0.916175 -2.168418
0.929782 -2.237039
0.927564 -2.341293
0.963913 -2.726477
1.014608 -2.980124
1.070449 -3.286978
1.097449 -3.362570
1.117056 -3.433550
0.881340 -2.291041
0.978376 -2.525902
1.015984 -2.776599
1.039697 -2.941219
1.124226 -3.210903
1.131622 -3.345675
1.151990 -3.426188
1.187508 -3.506073
0.939957 -2.501162
1.031042 -2.624767
1.118915 -2.936961
1.140126 -3.084187
1.183422 -3.218534
1.245594 -3.420878
1.254974 -3.540340
1.328623 -3.604097
1.079292 -2.580575
1.122801 -2.761862
1.235688 -2.967416
1.253076 -3.076931
1.314269 -3.301749
1.354750 -3.471514
1.378715 -3.564310
1.423804 -3.621878
1.213733 -2.531958
1.209050 -2.720587
1.249548 -2.849019
1.328084 -3.028844
1.369498 -3.175373
1.423200 -3.338913
1.470324 -3.497822
1.460240 -3.587836
1.101993 -2.581116
1.197770 -2.685467
1.242053 -2.783045
1.333063 -2.943603
1.372990 -3.113205
1.430823 -3.302313
1.460353 -3.471089
-0.315990 -0.108001
-0.330339 -0.036388
-0.298654 -0.018560
-0.283261 -0.079112
-0.569342 -0.204324
-0.530118 -0.186404
-0.538790 -0.182147
-0.454889 -0.084221
-0.777847 -0.247265
-0.722660 -0.189135
-0.681564 -0.253827
-0.658369 -0.235389
-1.001618 -0.353832
-1.003932 -0.355974
-1.010913 -0.385212
-0.887747 -0.347677
-1.200533 -0.454423
-1.222997 -0.448225
-1.168275 -0.473914
-1.139856 -0.462435
-1.562662 -0.584276
-1.496827 -0.534238
-1.474342 -0.561674
-1.345890 -0.536239
-1.726163 -0.659465
-1.759791 -0.643173
-1.672633 -0.638402
-1.622281 -0.644977
-1.927997 -0.777298
-1.983395 -0.780113
-2.149809 -0.838679
-1.767011 -0.684861
-2.100708 -0.831498
-2.289861 -0.928046
-2.422177 -0.978154
-2.549294 -1.004300
-2.775984 -1.102905
-3.081256 -1.190014
-3.318844 -1.338959
-2.172314 -0.886348
-2.410876 -1.032889
-2.441600 -1.011382
-2.743916 -1.110041
-2.966351 -1.183156
-3.226182 -1.276780
-3.307396 -1.325863
-3.433339 -1.405727
-2.299777 -1.082984
-2.468040 -1.058085
-2.776625 -1.165869
-2.910347 -1.234477
-3.135683 -1.326313
-3.271535 -1.365359
-3.424841 -1.446187
-3.495625 -1.495005
-2.445254 -1.122854
-2.653326 -1.202960
-2.919260 -1.287744
-3.074569 -1.342710
-3.248226 -1.427920
-3.346289 -1.476438
-3.443797 -1.558699
-3.525060 -1.577101
-2.590343 -1.202395
-2.854575 -1.337635
-2.957102 -1.372048
-3.049121 -1.412965
-3.327959 -1.551389
-3.410188 -1.606197
-3.492809 -1.657726
-3.532238 -1.690346
-2.600860 -1.289672
-2.787500 -1.344461
-2.884919 -1.387444
-3.091833 -1.491152
-3.175816 -1.533500
-3.336541 -1.610500
-3.431233 -1.671500
-3.473424 -1.686507
-2.623323 -1.228073
-2.716507 -1.302517
-2.832811 -1.373402
-2.999220 -1.497904
-3.130868 -1.563210
-3.267138 -1.640304
-3.374875 -1.693108
-1.519122 3.661115
-1.473505 3.586355
-1.457826 3.446877
-1.475987 3.133424
-1.524595 2.797247
-1.741707 2.423901
-1.865679 2.137342
-1.992564 1.909530
-2.121320 1.729767
-2.282859 1.477906
-2.538792 1.012875
-1.409920 2.960113
-1.472199 2.654630
-1.510122 3.676138
-1.472931 3.636869
-1.434483 3.472531
-1.322827 3.272709
-1.043851 3.026378
-0.703515 2.883045
-0.214665 2.764875
-0.002182 2.720328
0.311524 2.669111
0.767320 2.572773
1.144361 2.445237
-1.176163 3.009935
-0.887442 2.868389
3.748532 1.413476
3.637729 1.418389
3.454362 1.402438
3.204437 1.399282
2.816487 1.488149
2.634629 1.583151
2.214902 1.769819
1.909417 1.989621
1.727917 2.132546
1.500178 2.281417
2.936602 1.352589
2.682171 1.465744
3.773619 1.452461
3.596818 1.435927
3.485464 1.405431
3.207132 1.234001
2.891937 0.828248
2.814442 0.659183
2.728101 0.261233
2.688037 -0.073641
2.629394 -0.434324
2.555705 -0.673179
2.404268 -1.036818
2.932446 1.035606
2.811832 0.783630
1.403354 -3.641130
1.386075 -3.527700
1.371336 -3.365553
1.356417 -3.094110
1.427932 -2.754610
1.534076 -2.444151
1.857209 -1.979889
1.985948 -1.822167
2.169818 -1.583601
2.262569 -1.394980
1.335433 -2.872381
1.372901 -2.576013
1.385318 -3.596106
1.359185 -3.509556
1.293558 -3.344024
1.165428 -3.123008
0.884207 -2.898349
0.722483 -2.829518
0.450368 -2.737471
-0.163093 -2.623204
-0.431138 -2.594914
-0.667965 -2.544902
-1.045484 -2.445152
1.119774 -2.975130
0.884015 -2.807230
-3.514639 -1.678550
-3.466457 -1.681248
-3.296845 -1.584966
-2.978248 -1.567232
-2.684828 -1.558313
-2.470913 -1.621967
-2.182914 -1.787809
-1.872256 -1.984028
-1.723088 -2.097060
-1.504998 -2.262942
-2.918544 -1.452586
-2.578795 -1.503904
-3.526533 -1.687919
-3.462492 -1.637919
-3.374361 -1.557323
-3.198167 -1.422817
-3.048681 -1.263287
-2.796404 -0.525511
-2.748062 -0.210418
-2.731043 0.015117
-2.653397 0.359024
-2.617313 0.586274
-3.036047 -1.323584
-2.800419 -1.082800
-0.364049 0.221124
-0.726831 0.322742
-0.378823 0.404105
-0.569061 0.203197
-0.529257 0.607547
-0.685346 0.276178
-0.382533 0.728349
-0.571538 0.591467
-0.703476 0.330821
-0.497732 1.006148
-0.644611 0.997816
-0.593223 0.511657
-0.642577 1.296717
-0.683692 1.255719
-0.701415 1.465450
-0.753950 1.473853
-0.852080 1.717707
-1.006361 1.723869
-1.015628 1.846326
-1.068772 1.834612
-1.247367 1.793286
0.023198 0.450909
0.211181 0.733166
-0.142998 0.609996
0.227132 0.602510
-0.067005 0.782757
0.144224 0.748231
-0.081561 0.777222
0.181573 0.709410
-0.305031 1.053144
-0.266997 1.181305
0.087430 0.790078
-0.429741 1.382764
-0.373394 1.370830
-0.517164 1.556127
-0.476719 1.607322
-0.585265 1.816933
-0.514512 1.858010
-0.602217 1.981703
-0.538837 2.020022
-0.364966 2.119107
0.318710 0.478831
0.485869 0.523443
0.620355 0.355715
0.458387 0.541220
0.941900 0.569824
0.839249 0.615596
0.400086 0.665767
1.274420 0.663724
1.213894 0.700160
1.494911 0.756538
1.454623 0.827805
1.649185 0.818009
1.627373 0.981953
1.855541 0.953607
1.852234 1.105610
1.776001 1.165134
0.302738 -0.063042
0.633207 -0.254212
0.515220 0.110944
0.466194 -0.085880
0.664993 0.141755
0.586089 -0.251837
0.694165 0.103848
0.646491 -0.148937
0.931283 0.360804
1.004625 0.285417
0.934593 -0.194510
1.147260 0.427279
1.121247 0.388594
1.611326 0.614462
1.551589 0.544394
1.689983 0.617239
1.781140 0.539517
1.945945 0.632705
1.959422 0.514557
2.093493 0.417386
0.285739 -0.273631
0.474082 -0.371542
0.407163 -0.573530
0.537721 -0.394341
0.492640 -0.955155
0.568654 -0.800514
0.570840 -0.345558
0.633280 -1.253694
0.616648 -1.094637
0.658703 -1.355494
0.701612 -1.372301
0.755174 -1.566398
0.808969 -1.554834
0.870483 -1.716401
0.958737 -1.677855
1.178806 -1.701936
-0.167611 -0.288860
-0.309262 -0.604354
-0.045001 -0.449737
-0.252925 -0.476243
-0.065553 -0.678754
-0.255606 -0.616688
-0.121031 -0.669105
-0.226774 -0.626121
0.289190 -0.968569
0.060822 -0.859286
-0.181359 -0.688867
0.384414 -1.202264
0.344955 -1.236545
0.442651 -1.367952
0.389491 -1.436439
0.547138 -1.650060
0.431565 -1.768451
0.523664 -1.841236
0.431880 -1.903352
0.371309 -1.947607
-0.372276 -0.313937
-0.505972 -0.426146
-0.721203 -0.275737
-0.495032 -0.423714
-0.912653 -0.441597
-0.760359 -0.512975
-0.446943 -0.539473
-1.193776 -0.531724
-1.205277 -0.628880
-1.486661 -0.704678
-1.478694 -0.722169
-1.682594 -0.777889
-1.660195 -0.892481
-1.836510 -0.869188
-1.811185 -0.948112
-1.733834 -1.053980
-0.515155 0.024078
-0.748674 -0.003733
-0.745523 0.047835
-1.019728 -0.234408
-0.972883 -0.119135
-0.766516 0.147279
-1.321738 -0.336227
-1.403860 -0.352088
-1.595434 -0.475284
-1.522372 -0.404135
-1.729540 -0.539999
-1.789187 -0.449066
-1.996238 -0.586080
-2.052297 -0.448609
-2.064853 -0.364914
-0.053014 0.099317
-0.347819 0.113614
-0.271835 0.167805
-0.204522 0.201796
-0.376799 0.465184
-0.327268 0.378179
-0.560865 0.279038
-0.488522 0.234967
-0.461944 0.559454
-0.629725 0.289851
0.109897 0.375884
0.065340 0.337815
-0.010471 0.267483
-0.109849 0.617185
-0.009966 0.475464
0.159009 0.574831
0.158908 0.486143
-0.060359 0.754517
0.144382 0.646061
0.330245 0.401529
0.285684 0.397473
0.444501 0.541020
0.277712 -0.017726
0.289513 -0.011743
0.174426 0.042792
0.463566 0.132524
0.370953 0.063694
0.448769 -0.089012
0.417340 -0.080331
0.597840 0.108673
0.509174 -0.179335
0.347252 -0.269780
0.317155 -0.289222
0.445524 -0.347817
-0.152303 -0.222824
-0.139291 -0.173773
-0.149824 -0.144281
-0.016198 -0.398485
-0.022074 -0.360575
-0.262175 -0.377088
-0.217816 -0.326603
0.020196 -0.608697
-0.290097 -0.527239
-0.357468 -0.327609
-0.315339 -0.213750
-0.477527 -0.424113
-0.515152 0.055186
-0.471818 0.106276
-0.691309 0.035759
