419 2
-0.589729 -0.862055
-0.661774 -0.812122
-0.717968 -0.739570
-0.584250 -0.856754
-0.419124 -0.995887
-0.543861 -0.922224
-0.660481 -0.719164
-0.798962 -0.513094
-0.861905 -0.706934
-0.812563 -0.776241
-0.396438 -0.842652
-0.381764 -0.851914
0.269129 -1.289139
0.110341 -1.178102
-0.070538 -1.129309
-0.223383 -1.105790
0.095080 -0.822879
0.034294 -0.992103
-0.091190 -1.114461
-0.290514 -1.060025
-1.035557 -0.669327
-1.227465 -0.525403
-1.422614 -0.333564
-1.514601 -0.225516
-1.072503 -0.666187
-1.229093 -0.537059
-1.210613 -0.396945
-1.063038 -0.251018
-0.072414 0.058383
-0.131945 0.258530
-0.892883 0.011717
-1.025532 0.070629
-1.852271 -0.070083
-1.722597 -0.158637
-0.151096 0.392275
-0.232080 0.418891
-0.516828 0.452282
-0.653518 0.448132
-0.933547 0.398124
-1.162118 0.451312
-1.326778 0.442933
-1.661427 0.259874
-1.809352 0.180642
-1.912436 0.013964
-2.063238 0.082330
-0.269385 0.941412
-0.293312 1.011181
-1.170237 0.666577
-1.372787 0.648345
-2.245639 0.221045
-2.253863 0.226933
-0.303162 1.246115
-0.464900 1.521839
-0.656262 1.616168
-0.810270 1.642088
-1.194484 1.561750
-1.342769 1.087109
-1.582216 0.968114
-1.921388 1.169564
-2.382854 1.043070
-2.460075 0.917556
-2.555865 0.669509
-2.431758 0.386287
-0.373889 1.712356
-0.401334 1.994879
-0.469149 1.910974
-0.658206 1.778583
-0.952704 1.792677
-1.310402 1.837497
-1.754272 2.020998
-2.077451 1.984365
-2.198935 1.445439
-2.365407 1.208124
-2.520355 0.919582
-2.756435 0.846890
-2.927101 0.954976
-2.640188 0.668042
-1.294116 1.717935
-1.322071 1.501477
-1.373382 1.258309
-1.683551 1.201854
-1.780078 1.225194
-2.067593 1.540594
-2.017152 1.383207
-1.991927 1.678792
-1.693611 1.874775
-1.564742 1.830320
-0.462372 2.137053
-0.481534 2.151187
-1.936250 2.199709
-2.106198 2.146382
-2.976228 1.062052
-2.958185 1.054083
-0.505862 2.235364
-0.617261 2.301443
-0.867388 2.383851
-1.142640 2.423960
-1.851194 2.331227
-2.036309 2.248078
-2.339567 2.073793
-2.590805 1.918571
-2.777918 1.713673
-2.921735 1.383454
-3.001524 1.194856
0.459717 -1.529712
0.493335 -1.542429
-0.107898 -0.879512
0.131406 -0.863937
-0.989490 -0.325627
-0.712009 -0.204916
0.814505 -1.791788
0.698494 -1.670576
0.767749 -1.528658
0.817563 -1.408760
0.858206 -1.094048
0.983406 -0.992259
0.893014 -0.850540
0.797791 -0.607028
0.732719 -0.414985
0.703210 -0.123439
0.610051 -0.034150
1.192833 -1.973155
1.221775 -1.984114
1.139224 -1.044975
1.157274 -0.916579
0.833254 -0.017944
0.871765 -0.004041
1.426597 -2.107360
1.749199 -2.238662
2.045082 -2.342816
1.639543 -2.085216
1.838795 -2.006900
1.924615 -1.782516
1.913650 -1.422114
1.634375 -1.217819
1.508126 -0.899485
1.864284 -0.577675
1.872898 -0.251348
1.826332 0.009780
1.594192 0.157268
1.230382 0.130209
1.993849 -2.259604
1.894175 -2.096374
2.002973 -1.782361
2.138365 -1.571638
2.463243 -1.100970
2.467476 -0.806511
2.113773 -0.499207
1.963274 -0.290028
1.816270 0.041550
1.861199 0.251114
1.971628 0.339700
1.784479 0.311689
2.061313 -1.408350
1.917122 -1.314227
1.852651 -1.168902
1.658106 -1.061002
1.783801 -0.848173
1.871068 -0.770233
2.049224 -0.659761
2.213558 -0.712213
2.286345 -0.826221
2.402540 -1.121886
2.257773 -1.255387
2.184821 -2.341384
2.138174 -2.331354
2.785228 -1.072412
2.728461 -0.839705
2.195754 0.318766
2.136101 0.382402
2.287591 -2.347440
2.382034 -2.282480
2.608320 -2.051545
2.765995 -1.703386
2.812514 -1.515368
2.787555 -0.965333
2.768822 -0.604386
2.725023 -0.341066
2.601753 -0.052880
2.349062 0.239899
2.229493 0.375917
-1.871842 1.903422
-1.498459 1.133349
2.391294 -0.991080
2.056224 -1.004241
-0.602875 -0.803678
-1.749126 1.606923
-1.279595 0.750287
-1.423048 0.927045
-0.529055 1.618413
-0.683625 1.689023
-1.006876 1.720902
-1.083915 1.739323
-1.967978 2.108873
-2.007436 2.144386
-2.216317 1.277589
-2.354575 1.100550
-2.552736 0.871836
-2.572677 0.811945
2.730644 -0.943682
2.650123 -0.933111
2.022138 -1.661141
1.974531 -1.776658
1.906404 -2.007842
1.795866 -2.123390
1.337327 -0.994335
1.175063 -0.995001
1.986907 -0.398240
1.897723 -0.188122
1.867254 -0.099620
1.752385 0.128914
-0.513331 -0.872193
-0.698065 -0.850057
-0.827296 -0.797263
-0.695388 -0.860675
-0.399065 -1.006804
-0.429307 -0.924155
-0.580422 -0.656439
-0.834487 -0.566222
-0.887964 -0.746370
-0.829701 -0.843654
-0.633570 -0.887404
-0.474734 -0.918918
0.269120 -1.302677
0.160849 -1.221250
-0.166787 -1.118313
-0.216194 -1.120275
0.089663 -0.750795
0.064671 -1.016466
-0.126493 -1.109735
-0.275730 -1.062332
-1.056794 -0.673206
-1.177329 -0.550978
-1.401572 -0.358242
-1.539890 -0.245140
-1.059228 -0.701545
-1.133741 -0.594884
-1.132724 -0.355639
-1.082185 -0.198746
-0.097161 0.123558
-0.047657 -0.202316
-0.964713 0.119049
-1.012621 -0.013313
-1.842155 -0.079408
-1.805370 -0.108917
-0.136142 0.345625
-0.212198 0.468916
-0.417838 0.445708
-0.654263 0.436200
-1.047609 0.476983
-1.153105 0.479465
-1.410086 0.288610
-1.534290 0.292926
-1.843752 0.165782
-2.019497 0.132008
-2.091655 0.087819
-0.230982 0.831578
-0.248335 0.965619
-1.199674 0.639428
-1.412669 0.809236
-2.213115 0.222166
-2.282995 0.252013
-0.292454 1.230559
-0.426585 1.519462
-0.704534 1.659817
-0.945910 1.668413
-1.160238 1.533437
-1.313215 1.099219
-1.711141 1.079422
-1.933934 1.173216
-2.371648 0.997661
-2.487876 0.894088
-2.513053 0.707286
-2.469643 0.476513
-0.377112 1.690931
-0.387990 1.895527
-0.486917 1.806645
-0.653472 1.745286
-0.887133 1.772988
-1.430546 1.874554
-1.806376 2.017388
-2.094445 1.768717
-2.167498 1.458071
-2.379261 1.093567
-2.532786 0.963842
-2.772955 0.890928
-2.888999 0.922548
-2.654416 0.682909
-1.302681 1.719009
-1.304052 1.484129
-1.326829 1.333568
-1.745219 1.183730
-1.846292 1.237397
-2.093437 1.549225
-2.072552 1.398839
-2.033543 1.708862
-1.629137 1.907945
-1.505632 1.889669
-0.463304 2.106625
-0.467225 2.071743
-2.002820 2.212723
-2.122198 2.132287
-2.929046 1.054836
-2.965149 1.095354
-0.532658 2.216430
-0.652661 2.291261
-0.875327 2.388659
-1.076418 2.417760
-1.873926 2.362712
-2.048960 2.241787
-2.338969 2.092939
-2.635146 1.885589
-2.796571 1.689864
-2.979791 1.327736
-2.989434 1.248328
0.461642 -1.529025
0.413694 -1.475335
0.655181 -1.008663
0.770135 -0.936473
-0.626242 -0.212499
-0.651619 -0.209919
0.764606 -1.766042
0.775393 -1.745383
0.756380 -1.529604
0.807010 -1.301275
0.847989 -1.088190
0.952323 -1.010339
0.871497 -0.887759
0.768121 -0.528809
0.682802 -0.244105
0.652547 -0.133385
0.566651 -0.065839
1.122551 -1.951357
1.060746 -1.945835
1.228342 -1.051827
1.209951 -0.986575
1.024145 0.007424
1.004975 0.062242
1.384599 -2.133971
1.814618 -2.206599
2.083487 -2.326238
1.814238 -2.101636
1.990261 -1.951566
2.056559 -1.791941
1.974284 -1.493162
1.477793 -1.153356
1.567508 -0.936128
1.854578 -0.644360
1.871026 -0.194378
1.770888 -0.060356
1.538013 0.055163
1.402851 0.139388
1.986915 -2.249553
2.065660 -1.994805
2.098934 -1.831930
2.195624 -1.511671
2.527548 -1.143095
2.454327 -0.830980
2.274207 -0.687824
1.955316 -0.252225
1.814362 -0.105241
1.832995 0.215787
1.893380 0.356671
1.675996 0.217232
2.080551 -1.406999
1.869108 -1.355525
1.806613 -1.237871
1.681504 -0.998123
1.741646 -0.857592
1.840488 -0.763209
2.060851 -0.621774
2.235124 -0.714758
2.372878 -0.836959
2.350189 -1.213883
2.335197 -1.284456
2.132116 -2.367611
2.166422 -2.330633
2.743655 -1.096079
2.740458 -0.814087
2.027939 0.328974
2.048997 0.342363
2.333052 -2.364116
2.367705 -2.281887
2.547247 -2.144916
2.746120 -1.784139
2.806432 -1.485473
2.814677 -0.932396
2.794617 -0.627251
2.732602 -0.360226
2.592677 -0.090360
2.291754 0.276268
2.185491 0.357788
-1.833066 1.920106
-1.470156 1.123716
2.452296 -0.967403
-1.304398 0.732260
-1.373806 0.938708
-0.561238 1.737184
-0.701480 1.663309
-0.948580 1.716305
-1.119151 1.710931
-1.965503 2.055922
-2.017778 2.170565
-2.260365 1.218765
-2.368558 1.055470
-2.511946 0.895785
-2.576465 0.833116
2.645414 -0.987907
2.624383 -0.922168
2.096102 -1.583511
2.022168 -1.857717
1.981622 -1.990280
1.900962 -2.161479
1.461454 -0.989616
1.227143 -1.003762
2.018076 -0.439691
1.899349 -0.231310
1.762221 -0.045543
1.759757 0.050814
