4475 2
-4.914284 1.232330
-0.387984 1.337822
-0.880537 0.584535
1.107875 -0.207652
-1.093091 -0.619317
-0.604017 0.482650
0.302416 -3.619763
2.064982 -1.152760
-2.125497 5.159062
-3.195273 -4.353687
-2.194429 0.393832
-2.737715 -0.920779
-4.718526 -0.902760
1.184356 4.600807
2.587757 5.056201
0.946587 5.340180
-0.467743 -1.127952
-1.345993 3.931070
2.973944 1.957045
1.202518 2.108246
-0.926270 0.369641
0.495014 1.129037
0.470886 3.634095
0.718743 -2.277969
1.979212 -3.013935
-1.973168 1.857195
-0.682681 3.751838
-1.247016 -2.427752
-4.950629 1.219556
-4.955493 1.200043
-4.939243 1.220180
-4.917042 1.237663
-4.952014 1.206705
-4.931236 1.215538
-4.927964 1.208428
-4.929942 1.230630
-4.938874 1.213347
-4.911207 1.214666
-4.885679 1.202202
-4.940252 1.217141
-4.958704 1.222289
-4.935948 1.227044
-4.930314 1.219690
-4.914877 1.187782
-5.142330 1.261063
-5.143543 1.262902
-5.155732 1.273583
-5.144077 1.264973
-5.148680 1.262406
-5.146733 1.265321
-5.122396 1.257231
-5.147482 1.265921
-5.134051 1.253615
-5.158240 1.258140
-4.959279 1.207428
-5.172218 1.674464
-5.171492 1.666695
-5.175284 1.676913
-5.161875 1.662039
-5.172027 1.671227
-5.172974 1.674274
-5.161691 1.652292
-5.180912 1.715313
-5.150702 1.007663
-5.159540 1.649410
-5.174105 1.670159
-5.168043 1.661697
-5.170095 1.667566
-5.149402 1.659878
-5.149306 1.642128
-5.190352 1.705362
-5.173731 1.673671
-5.185230 1.695779
-5.191724 1.690243
-5.164760 1.639031
-5.191152 1.771668
-5.198098 1.700648
-5.208921 1.714099
-5.169175 1.665862
-5.148664 1.004933
-5.174967 0.982980
-5.146468 1.013172
-5.149063 1.009902
-5.145353 1.011900
-5.157083 0.996537
-5.159639 0.995710
-5.142752 1.007663
-5.165359 0.987511
-5.171336 0.977418
-5.148645 1.008651
-5.155899 0.989623
-5.146718 1.001753
-4.939754 1.230459
-4.922233 1.249521
-4.948332 1.244724
1.112221 -5.237922
1.104630 -5.250407
1.112923 -5.245365
1.118428 -5.233943
1.108545 -5.245924
1.277317 -4.780480
1.105622 -5.248584
1.137584 -5.224525
1.115973 -5.262731
1.102325 -5.251339
1.100467 -5.254350
1.115767 -5.236533
1.100836 -5.256290
1.114416 -5.229385
1.093305 -5.272018
1.113589 -5.209444
1.108489 -5.242799
1.063412 -5.293571
1.123141 -5.230792
1.126321 -5.227574
1.040133 -5.287705
1.039469 -5.316388
1.045470 -5.314500
1.136814 -5.216730
1.128906 -5.222467
1.091958 -5.226625
1.108538 -5.244566
1.103848 -5.249316
1.114090 -5.234937
1.109478 -5.236892
1.070150 -5.323320
1.075013 -5.307971
1.042626 -5.339729
1.075033 -5.299104
1.108833 -5.243316
-0.391689 1.342236
-0.407096 1.345177
-0.393793 1.339288
-0.196710 1.728456
0.069899 0.538686
-0.599326 1.445632
-0.440233 1.142681
-0.268827 0.691114
-0.387513 1.358075
-0.307389 1.445733
-0.372575 1.343575
-0.400693 1.339378
-0.374451 1.347685
-0.393939 1.358245
-0.391803 1.357530
-0.386116 1.353517
-0.899046 0.587746
-0.762847 0.403826
-0.886045 0.592966
-0.740057 0.581988
-3.295936 -0.877383
-4.194340 -0.203412
-4.172101 -0.171874
-0.552941 0.125200
1.827607 -3.288029
1.833341 -3.280909
1.827237 -3.290002
-0.535915 0.135579
0.151772 0.782072
-3.255094 0.550416
-3.241713 0.404675
-3.225629 0.409309
-3.210942 0.428486
-3.246302 0.424867
-3.006749 0.369363
-3.308801 0.590288
-3.257589 0.436064
-3.251621 0.421018
-3.258955 0.441117
-3.246201 0.420605
-3.242940 0.421633
-3.261516 0.408479
-3.021825 0.598330
-3.009456 0.603567
-3.024489 0.595139
-3.006050 0.600409
-3.006577 0.600678
-1.923266 0.385608
-3.013676 0.602722
-3.021127 0.604022
-3.012854 0.607504
-3.014935 0.603091
-3.017086 0.601379
-3.012009 0.609219
-2.999900 0.600213
-3.314702 0.566530
-0.127898 0.451564
-0.137239 0.457674
-0.128230 0.462105
-0.124223 0.459770
-0.117046 0.457515
-0.134512 0.457171
-0.141804 0.451710
-0.123278 0.451776
-0.128106 0.471801
-0.121792 0.467070
-0.118539 0.455594
-0.494292 0.309324
-0.657797 0.072848
-0.423078 0.269749
-0.527498 0.128109
-0.524313 0.101295
-0.535658 0.105910
-0.541284 0.129152
-0.533435 0.157512
-0.567009 0.119346
-0.514844 0.122610
-0.529776 0.108778
-0.543881 0.116323
-0.509945 0.131161
-0.510331 0.136785
-0.537050 0.097183
-0.513191 0.156089
-0.489449 -0.473226
-0.515345 0.138928
-0.518551 0.155722
-0.536990 0.153778
-0.518431 0.131344
-0.523040 0.132484
-0.528471 0.118833
-0.556479 0.155109
-0.530697 0.169926
0.034117 -0.244695
0.049745 -0.255220
0.041120 -0.250226
0.041569 -0.248840
0.037662 -0.246122
0.052468 -0.259220
-0.533753 0.126753
0.046342 -0.259439
0.052292 -0.262560
0.048716 -0.259159
0.041581 -0.245017
0.054992 -0.257904
0.059692 -0.258168
0.045181 -0.250219
0.049614 -0.255692
0.049163 -0.256445
0.043994 -0.250881
-0.547464 0.118820
-0.236573 0.065351
-0.217698 0.064824
-0.221856 0.059896
-0.209707 0.055570
-0.193380 0.064874
-0.229225 0.067073
-0.206388 0.064620
-0.219906 0.071651
-0.198846 0.060842
-0.438527 0.059517
-0.575745 0.517506
-0.597201 0.532370
-0.592522 0.530098
-0.580545 0.553452
-0.593270 0.548690
-0.527721 0.119036
-0.530338 0.126734
-0.391121 0.156128
-0.698133 0.022996
-0.550953 0.157566
-0.718574 0.067140
-0.506822 0.132663
-0.722460 0.116336
-0.730754 0.050735
-0.546507 0.142125
-0.530029 0.090300
0.713339 -2.266394
0.528946 -2.374661
0.709399 -2.285518
0.539809 -2.369794
0.591146 -2.344711
0.509425 -2.370572
0.845428 -2.361986
-2.520230 -0.726715
-0.572427 0.166966
-0.696922 1.072320
-1.134423 2.009487
-0.911314 0.594670
-0.793176 0.302010
-2.283763 -0.369901
-0.903539 0.593199
-1.711110 1.700846
-0.890512 0.687070
-2.584445 -0.835001
-0.952519 0.570345
-0.915560 0.559508
-0.994921 0.672111
-1.289941 0.728880
-0.926720 0.584949
-0.935073 0.583269
-0.108061 0.603639
-0.885722 0.571389
-3.270468 1.862066
-0.929209 0.618846
-0.894624 0.632304
-0.280971 0.170391
-0.518042 0.143329
-0.517281 0.116601
-0.552491 0.127711
-0.741921 0.423360
-0.484140 0.256877
-0.587288 0.080993
-0.956398 -0.023873
1.391858 -0.318734
1.406483 -0.315777
1.405198 -0.326307
1.391863 -0.323232
1.392564 -0.331357
1.384691 -0.310753
1.408430 -0.321370
1.378959 -0.316903
1.410804 -0.326113
1.386507 -0.301736
0.999109 -0.138584
0.982579 -0.137006
0.961164 -0.108735
0.991538 -0.137543
1.572628 -0.094579
1.583230 -0.094877
1.605559 -0.072548
1.546785 -0.127867
1.596861 -0.073471
1.596817 -0.089117
1.586331 -0.089136
1.583781 -0.094061
1.587512 -0.084749
1.583986 -0.094926
1.598913 -0.076637
1.590390 -0.090957
1.584730 -0.086293
1.586445 -0.092199
1.588548 -0.091450
1.585507 -0.091996
1.116448 -0.197461
1.157619 -0.203525
1.137871 -0.223664
1.106446 -0.213053
1.079614 -0.199586
1.095910 -0.220026
1.136354 -0.185653
1.144383 -0.252615
1.123520 -0.223344
1.101371 -0.235679
1.113232 -0.207742
1.176683 -0.171305
1.128268 -0.226674
1.115775 -0.189758
1.127564 -0.220035
1.099832 -0.195802
1.107639 -0.189884
1.136126 -0.203080
1.117208 -0.210028
1.132460 -0.197026
1.718230 -0.813800
0.662616 -0.447988
1.133040 -0.146839
1.116333 -0.223685
1.105349 -0.197263
1.087454 -0.185252
1.110862 -0.202838
1.125205 -0.235762
1.135244 -0.241490
1.124283 -0.218217
1.089187 -0.209440
1.095947 -0.219210
1.107522 -0.199659
1.138445 -0.247660
1.133990 -0.227511
1.109676 -0.191834
1.087494 -0.194273
1.070647 -0.258380
1.107336 -0.210938
1.122066 -0.271786
1.074581 -0.519764
1.079916 -0.515499
1.074477 -0.513059
1.074666 -0.517801
1.070802 -0.536324
1.072287 -0.511302
1.072447 -0.528410
1.072235 -0.530526
1.072721 -0.545643
1.074241 -0.524131
1.074008 -0.527370
1.072407 -0.523708
1.076120 -0.519237
1.071795 -0.528869
1.060994 -0.545945
1.157859 -0.184970
1.131538 -0.208750
1.119523 -0.182319
1.110557 -0.215551
1.122523 -0.199447
0.367847 0.335950
0.609846 0.129885
1.106296 -0.206511
1.129765 -0.252341
1.062322 -0.197166
1.118417 -0.213631
1.073543 -0.167354
1.144551 -0.188021
1.124488 -0.226552
1.120042 -0.191333
1.109231 -0.205310
1.122643 -0.226446
1.107647 -0.200645
1.121089 -0.236702
1.182307 -0.228009
1.033907 -0.928611
1.035856 -0.917650
1.090335 -0.808041
1.054214 -0.924062
1.033510 -0.928280
1.035575 -0.927453
1.032568 -0.936598
1.033291 -0.929465
1.028086 -0.937466
1.035879 -0.910433
1.036645 -0.927770
1.056744 -0.908937
1.012531 -0.958022
1.048773 -0.925879
1.022914 -0.948985
1.029644 -0.932941
1.049295 -0.911060
1.039268 -0.922415
1.023282 -0.934774
1.037943 -0.920468
1.043923 -0.915809
1.050505 -0.908512
1.033513 -0.926484
-1.146872 -0.569535
-1.124019 -0.587485
-1.122842 -0.562884
-1.107269 -0.588710
-1.110108 -0.625669
-0.976305 -0.741166
-1.012382 -0.753798
-1.010316 -0.760576
-1.043275 -0.690400
-1.080460 -0.673371
-1.090774 -0.699328
-1.111242 -0.679915
-1.083252 -0.696310
-1.099055 -0.696300
-1.011852 -0.747955
-0.976334 -0.779870
-0.836105 -0.881651
-1.325112 -0.673719
-1.332626 -0.675916
-1.323429 -0.680047
-1.336838 -0.679918
-1.120358 -0.586658
-0.671065 -0.932603
-0.773753 -0.892626
-1.126967 -0.569438
-1.109048 -0.597653
-1.117782 -0.590294
-1.132259 -0.611313
-1.103442 -0.564549
-1.115412 -0.592426
4.734005 -0.196753
4.644475 -0.084018
4.723624 -0.192659
4.867717 0.039767
4.680968 -0.026806
4.663226 0.153075
4.774015 -0.045375
4.615525 0.188697
4.863449 0.115587
4.719736 0.031244
4.744039 -0.081258
4.743932 -0.086139
4.622556 0.052641
4.618026 -0.020748
4.797266 -0.136444
4.849434 0.152382
4.803475 -0.151301
4.851505 0.029177
4.900837 -0.061226
4.729980 0.088109
4.841188 0.000206
4.851863 0.106899
4.635343 0.101850
4.639521 0.046180
4.781840 0.155739
4.921634 0.094423
4.762578 -0.038208
4.544081 0.035426
4.804244 -0.057158
4.592305 -0.026913
4.611297 -0.070875
4.794765 0.140223
4.763293 0.076187
4.834645 0.026239
4.645980 -0.023444
4.773557 0.087573
4.530663 -0.088361
4.653937 -0.043592
4.648384 0.052292
4.866914 0.022759
4.884973 0.154824
4.649504 0.093814
4.689998 -0.035016
4.770412 -0.014178
4.757798 0.130799
4.674070 -0.142237
4.883327 0.141871
4.761613 -0.036845
4.789907 0.047708
4.702633 -0.107241
4.622292 0.129548
4.573031 -0.031103
4.584332 0.095813
4.855816 -0.031326
4.639881 0.131742
4.649498 0.097838
4.763118 0.063416
4.639037 0.106315
4.620020 -0.114065
4.560977 0.031301
4.796287 0.120949
4.726064 0.111509
4.549557 -0.105977
4.600418 0.124300
4.619816 0.019261
4.732554 0.154645
4.659906 0.142549
4.743786 -0.123888
4.603341 -0.080951
4.694126 -0.010536
4.657832 0.189318
4.778861 -0.117111
4.657159 0.001111
4.802934 0.122272
4.783673 -0.120701
4.623916 -0.077731
4.837464 0.088017
4.592508 -0.082415
4.593832 -0.040210
4.788562 -0.010510
4.576566 -0.035151
4.858720 0.148467
4.659711 -0.124271
4.605444 0.092691
4.815454 0.172991
4.609091 0.006118
4.682899 -0.069224
4.630087 -0.154229
4.608644 0.120541
4.863033 0.142192
4.617078 0.046905
4.774688 -0.123954
4.570507 0.005997
4.785105 0.196551
4.706192 0.139829
4.749193 0.230425
4.712951 -0.040959
4.909347 0.009041
4.618896 0.124548
4.722283 0.048442
4.657679 -0.050603
4.724097 0.134873
4.850083 0.003643
4.780279 -0.110826
4.763402 -0.034919
4.704925 0.133485
4.692943 0.096963
4.656831 0.223816
4.581607 0.116184
4.707391 0.118771
4.865481 -0.128600
4.677426 -0.083471
4.749163 0.097456
4.540062 -0.047289
4.644469 -0.009304
4.813654 0.059880
4.661536 -0.030115
4.769214 -0.015589
4.635910 0.075593
4.829053 0.085699
4.846814 -0.031049
4.613051 -0.062463
4.752504 0.036732
4.536210 -0.121590
4.698907 -0.116156
4.714261 -0.073208
4.814185 -0.073480
4.865100 0.007752
4.646863 0.093325
4.619405 0.071268
4.761139 -0.052106
4.759823 -0.008438
4.773541 0.062929
4.531040 0.055662
4.623642 0.070991
4.637955 0.032438
4.547456 0.042947
4.616971 -0.068568
4.744290 0.015546
4.648338 -0.016522
4.704694 0.151550
4.733646 0.069140
4.585625 0.076793
4.883271 0.225069
4.812582 -0.080206
4.922504 -0.156571
4.750317 -0.040593
4.799368 -0.009729
4.793963 0.095986
4.866596 0.291865
4.696502 -0.066455
4.684209 -0.091916
4.775630 0.032394
4.720459 -0.120245
4.685874 -0.151918
4.554978 0.078257
4.740880 -0.098181
4.616736 -0.075660
4.624708 -0.063609
4.691777 -0.037311
4.869664 0.145917
4.624014 -0.037487
4.864020 -0.100120
4.821936 -0.056639
4.670968 0.047883
4.841120 0.207698
4.633641 0.139351
4.672305 0.146744
4.618591 0.201227
4.740842 0.018671
4.778608 -0.044664
4.613346 -0.046362
4.704583 0.065212
4.698279 0.058153
4.614393 0.191036
4.598392 0.142380
4.567558 -0.035613
4.654407 -0.053514
4.582528 0.057137
4.781980 0.101336
4.669457 0.105279
4.769470 -0.054286
4.648070 0.049594
4.668484 0.044647
4.735846 -0.110156
4.517565 0.104754
4.636400 -0.136278
4.555649 0.128283
4.727659 0.039034
4.736574 0.135369
4.872324 -0.104963
4.708286 -0.016613
4.781584 0.170979
4.574564 -0.058264
4.804349 0.097845
4.787205 0.235227
4.775664 0.076293
4.861266 -0.059680
4.844902 0.151321
4.548645 -0.076325
4.859522 -0.128443
4.821143 0.045189
4.760827 -0.104456
4.782381 -0.120026
4.756088 -0.014619
4.897222 -0.101100
4.630114 0.073481
4.798417 -0.044961
4.839321 -0.042627
4.948671 -0.029059
4.676117 -0.017425
4.673788 0.066843
4.870753 0.097248
4.700203 0.187094
4.817230 0.114683
4.880547 0.030227
4.567803 0.167801
4.614883 -0.201516
4.732198 0.067373
4.558663 0.008936
4.580974 0.150341
4.542375 0.132595
4.750702 -0.056221
4.584731 -0.050851
4.775261 0.077012
4.763485 0.128799
4.650642 -0.143205
4.637917 -0.083635
4.698630 -0.173698
4.717913 0.085975
4.680223 0.023084
4.559796 -0.096079
4.764750 -0.028591
4.692662 0.067770
4.802665 -0.158401
4.566191 -0.089037
4.790436 -0.020013
4.765720 0.069619
4.681715 -0.045186
4.813148 0.089841
4.641752 0.140891
4.671317 -0.097544
4.736598 0.210589
4.752581 -0.047132
4.876930 0.054114
4.579167 0.120817
4.730930 0.207565
4.694217 0.172897
4.710308 -0.072848
4.864236 -0.030856
4.823207 0.007727
4.621515 0.096327
4.653522 0.038556
4.888773 0.082164
4.722905 -0.082494
4.748650 -0.089391
4.851651 0.066087
4.650266 -0.027502
4.884308 -0.004465
4.860208 0.012812
4.859892 0.118958
4.790470 0.029808
4.734564 0.156029
4.654042 0.194375
4.678963 0.056319
4.746575 -0.043237
4.773749 -0.046357
4.856693 -0.091463
4.564879 0.018597
4.849792 -0.017553
4.858644 0.081514
4.753547 -0.077316
4.737224 -0.005262
4.731640 -0.184487
4.856350 -0.009671
4.866629 -0.062639
4.712616 0.142505
4.790823 0.092952
4.749353 0.122590
4.643966 0.023773
4.643116 0.127154
4.851199 0.069201
4.657528 0.068667
4.717512 -0.077918
4.722072 0.076888
4.768016 -0.155258
4.684158 0.017377
4.803670 0.055103
4.726193 0.004253
4.895642 0.009929
4.711112 0.121473
4.674686 -0.026506
4.639441 -0.073465
4.498709 -0.012710
4.757695 0.125825
4.664422 0.083110
4.723005 0.000895
4.750357 -0.038136
4.638453 -0.183629
4.813429 -0.080525
4.806817 0.078011
4.739574 -0.011543
4.683695 0.097698
4.713687 -0.097584
4.595633 -0.004893
4.811683 0.070738
4.878485 0.031853
4.617044 0.037765
4.738450 0.094535
4.604267 0.144669
4.649377 -0.015569
4.789044 -0.081869
4.813892 0.008070
4.720728 0.077145
4.831790 -0.117544
4.763562 0.040647
4.606483 0.150131
4.769408 0.087454
4.848709 0.164051
4.732080 0.019772
4.770171 -0.097571
4.599823 -0.055232
4.797031 -0.022820
4.694006 -0.010694
4.652861 0.169841
4.782902 -0.072515
4.624107 -0.053104
4.795323 -0.180486
4.646394 0.092564
4.762104 0.076492
4.586272 0.017302
4.748171 -0.026552
4.735891 0.126274
4.705181 -0.053367
4.749599 -0.027602
4.810658 -0.003336
4.619602 -0.081899
4.777673 -0.017404
4.561055 -0.041813
4.672696 -0.034085
4.878258 0.129419
4.617302 0.020309
4.646506 0.027779
4.645492 0.159719
4.735421 0.151409
4.556572 0.093208
4.779940 0.168079
4.855296 0.059898
4.686709 0.081286
4.585392 -0.016763
4.777247 0.006536
4.537227 -0.046289
4.608588 0.203219
4.794361 0.176146
4.807609 0.034331
4.647857 0.013510
4.796048 0.101742
4.730467 0.145433
4.802899 0.094944
4.717953 -0.006668
4.863076 -0.099576
4.774293 0.166712
4.706747 0.005311
4.660085 0.095467
4.788428 0.138722
4.716278 -0.002732
4.873277 -0.070791
4.726990 0.088740
4.630341 -0.063981
4.706198 -0.057013
4.642054 0.092520
4.618502 -0.168234
4.714651 -0.068909
4.674571 -0.080664
4.871983 -0.082354
4.616713 -0.044065
4.793233 0.053981
4.713963 0.198426
4.805801 0.054657
4.690214 0.064930
4.843347 0.095478
4.583786 -0.033114
4.700029 0.146333
4.577596 0.095641
4.768764 0.121859
4.820973 0.098376
4.569613 0.003501
4.777267 -0.081867
4.587855 -0.010719
4.766112 -0.061401
4.829345 -0.105987
4.808534 -0.046746
4.821111 0.059245
4.745930 0.093382
4.677575 0.077361
4.592412 0.064837
4.708148 0.201581
4.764913 0.086650
4.618091 0.122143
4.553189 0.077647
4.702826 0.126736
4.637313 0.092142
4.901937 0.114557
4.516433 0.067527
4.819628 0.169826
4.805591 0.075383
4.717437 -0.133331
4.682216 -0.004657
4.677421 0.050237
4.927282 0.151331
4.599400 -0.043087
4.746141 0.198596
4.705654 0.132241
4.582425 0.132371
4.651031 -0.032418
4.802405 0.069523
4.666644 -0.023039
4.630782 0.160684
4.806715 -0.133245
4.665389 -0.018923
4.822924 0.045188
4.704126 0.085562
4.869027 0.049395
4.726206 0.094410
4.851377 0.101245
4.605252 0.158543
4.832849 -0.059043
4.676630 -0.108170
4.711040 -0.036305
4.799576 -0.020008
4.788376 -0.119125
4.835998 0.135636
4.596635 0.158652
4.634128 0.109841
4.770825 0.102377
4.776526 0.058622
3.335202 0.109336
4.873964 -0.058054
4.640262 -0.005630
4.703132 -0.039395
4.622500 0.142322
4.879355 0.049181
4.636004 -0.000606
4.759540 0.202491
4.707057 -0.082342
4.533934 0.165527
4.875514 0.121516
4.869339 0.051210
4.740444 0.145333
4.739594 -0.200325
4.828105 -0.095099
4.706396 -0.034809
4.661524 0.070708
4.691259 -0.097587
4.757150 0.069881
4.627622 0.150463
4.700984 0.157296
4.606038 -0.104821
4.718300 0.093211
4.642000 -0.007212
4.868638 0.035100
4.736389 -0.077393
4.897862 0.129260
4.875104 0.113295
4.563255 -0.117895
4.880068 -0.086916
4.683720 -0.122871
4.642442 0.080837
4.600875 0.020631
4.915542 -0.024919
4.770514 0.114522
4.650574 -0.058613
4.804416 -0.037286
4.645342 0.125506
4.746251 0.066655
4.798545 -0.083392
4.681062 0.249939
4.758675 -0.054342
4.803905 0.195360
4.824609 0.098419
4.564062 -0.093728
4.673594 0.027860
4.864113 -0.137905
4.681017 -0.071453
4.623825 0.095244
4.763874 -0.113521
4.628477 0.131799
4.599544 -0.112360
4.660636 -0.024965
4.585039 0.068264
4.811540 0.115992
4.646893 0.026622
4.704081 0.187744
4.899580 0.141040
4.715739 0.044995
4.600082 0.126864
4.527951 0.076063
4.744969 -0.013315
4.490154 0.040254
4.836653 0.017985
4.883059 0.047882
4.641631 0.175222
4.866029 0.014381
4.727701 -0.088124
4.579940 0.181516
4.675018 0.167985
4.801473 0.047888
4.642138 0.092078
4.584502 0.076840
4.782667 0.062229
4.588819 -0.165856
4.729356 0.021400
4.624271 -0.025291
4.536808 0.085928
4.827256 0.173298
4.826287 -0.030363
4.917182 -0.027551
4.834540 -0.065805
4.934936 0.052332
4.550406 -0.036158
4.735499 0.051301
4.641964 -0.076973
4.136444 0.145207
4.678862 0.159889
4.654509 0.141379
4.683096 -0.037654
4.697828 0.226655
4.722489 0.116235
4.859962 -0.053991
4.567297 -0.049821
4.835964 0.030319
4.684433 0.040671
4.643688 -0.232434
4.840456 -0.097265
4.713655 -0.114469
4.793925 0.092001
4.844781 -0.062149
4.809783 0.001911
4.794353 -0.131453
4.842710 -0.055608
4.636057 -0.127353
4.607044 -0.043329
4.771197 -0.052580
4.861592 -0.115929
4.623279 -0.105470
4.766682 -0.188697
4.478994 -0.209690
-0.610022 0.467080
-0.581516 0.475336
-0.581281 0.479534
-0.608020 0.504416
-0.577412 0.486413
-0.596476 0.512137
-0.568210 0.149482
-0.739690 0.456001
-0.584695 0.479734
-0.548726 0.515085
-0.534054 0.491673
-0.581625 0.493628
-0.534658 0.518179
-0.537001 0.516401
-0.971037 0.367831
-0.942996 0.385505
-0.933158 0.358085
-0.959008 0.332171
-0.672529 0.382880
-0.929529 0.384050
-0.933309 0.377609
-0.838372 0.365241
-0.891992 0.386299
-0.946655 0.379020
-0.981333 0.348808
-0.958679 0.371007
-0.985624 0.358224
-0.989755 0.416700
-1.035959 0.447100
-1.551546 0.371017
0.474413 -3.722965
0.495880 -3.739588
0.500076 -3.741276
0.493733 -3.731989
0.486251 -3.723794
0.490571 -3.732799
0.480180 -3.727633
0.512847 -3.755903
0.480004 -3.746811
0.473230 -3.726799
0.494265 -3.737274
0.495535 -3.731796
0.493887 -3.733914
0.493355 -3.725058
0.476216 -3.724566
0.491121 -3.729440
0.154852 -3.685087
0.147620 -3.691901
0.155384 -3.689108
0.160013 -3.683791
0.138193 -3.679369
0.161885 -3.689639
0.160594 -3.683617
0.160959 -3.688951
0.149111 -3.681544
0.147718 -3.690589
0.155480 -3.681451
0.136358 -3.700494
0.150295 -3.670728
0.152429 -3.685533
0.147375 -3.688986
0.372719 -3.521551
0.379529 -3.516755
0.376781 -3.521194
0.395527 -3.507249
0.377063 -3.516152
0.384582 -3.515194
0.371703 -3.511275
0.385907 -3.515383
0.380337 -3.518497
0.388119 -3.513951
0.376868 -3.519685
0.398420 -3.496290
0.373529 -3.525871
0.312534 -4.376095
0.305328 -4.353157
0.306800 -4.374606
0.313135 -4.377863
0.310181 -4.370944
0.319799 -4.364888
0.307129 -4.368298
0.299711 -4.386728
0.351654 -4.411153
0.303167 -4.371948
0.329318 -4.366939
0.312458 -4.367782
0.293256 -4.355390
0.300906 -4.372678
0.290329 -4.397846
0.304784 -4.369812
0.312165 -4.374873
0.321166 -4.361335
0.275876 -4.406769
0.320781 -4.399024
0.314474 -4.367459
0.309756 -4.369120
0.322542 -4.383419
0.297064 -4.401954
0.311780 -4.366637
0.316140 -4.391216
0.345318 -4.340492
0.314314 -4.385529
0.287562 -4.378895
0.368063 -4.427145
0.310138 -4.363965
0.319445 -4.354137
0.309207 -4.367877
0.289538 -4.388615
0.313146 -4.355134
0.318124 -4.406055
0.323878 -4.370932
0.307159 -4.378548
0.366057 -4.420973
0.291864 -4.394464
0.320143 -4.385701
0.313664 -4.366633
0.328409 -4.358970
0.309684 -4.363696
0.307124 -4.367812
0.350157 -4.390811
0.246487 -4.306998
0.314617 -4.346507
0.310689 -4.385692
0.309768 -4.376841
0.313947 -4.380004
0.312409 -4.374752
0.327180 -4.386216
0.279025 -3.631326
2.068182 -1.159889
2.007665 -1.083442
2.086102 -1.152145
2.072278 -1.153085
2.107822 -1.188986
2.050245 -1.134121
2.074605 -1.165863
2.067632 -1.133101
2.090693 -1.192832
2.077462 -1.159047
2.047456 -1.163164
1.984252 -1.218794
2.077446 -1.169563
2.043980 -1.117154
2.070855 -1.126773
2.043531 -1.159063
2.063957 -1.159973
2.018682 -1.131812
2.066491 -1.119587
2.029572 -1.129345
2.922111 1.766869
2.034354 -1.126529
2.065152 -1.157619
2.000034 -1.177358
2.072345 -1.153614
2.005664 -1.090878
2.034891 -1.111151
2.054520 -1.140494
2.004232 -1.122307
2.111624 -1.203487
2.074039 -1.140480
2.085394 -1.110484
2.039663 -1.126046
2.087943 -1.148897
2.111238 -1.216837
2.046664 -1.133473
2.058460 -1.140720
2.089094 -1.078148
2.042173 -1.116771
2.044178 -1.146612
2.038672 -1.125738
2.060648 -1.138244
2.030633 -1.114663
2.034492 -1.155406
2.047533 -1.135404
2.053793 -1.131786
2.042014 -1.139876
2.093786 -1.157389
2.026244 -1.078591
2.060564 -1.162015
1.974761 -1.071293
2.082497 -1.190519
2.118708 -1.212921
2.062991 -1.164533
2.091999 -1.175736
2.080049 -1.170406
2.042775 -1.143067
2.095701 -1.183920
2.022570 -1.203191
2.011970 -1.106564
2.069373 -1.168801
2.093995 -1.180652
1.997537 -1.199221
2.075997 -1.166739
2.176726 -1.046743
2.000600 -1.086035
2.084856 -1.172050
2.092403 -1.166679
2.086361 -1.161960
2.084239 -1.105010
2.033409 -1.121636
2.043856 -1.169631
-2.455200 -0.960920
1.638149 -1.153062
2.071965 -1.153832
2.027531 -1.197183
2.064110 -1.152626
2.068387 -1.149218
2.017291 -1.104836
2.044364 -1.110893
2.049043 -1.146295
2.070530 -1.152755
2.026497 -1.159993
2.083127 -1.157537
1.997634 -1.084651
2.105520 -1.178217
2.072926 -1.174582
2.043588 -1.162819
2.112921 -1.218789
2.102836 -1.188444
2.094788 -1.177643
2.054888 -1.134437
2.035598 -1.117533
2.280022 -1.287600
2.273320 -1.292512
2.295249 -1.289902
2.294752 -1.287341
2.106518 -1.186231
2.052628 -1.507714
-1.507101 1.598973
2.089226 -1.170583
2.080475 -1.164506
2.020855 -1.125826
2.086731 -1.185013
2.002980 -1.164410
2.055564 -1.147138
2.569286 -1.233595
2.588635 -1.238348
2.582892 -1.238524
2.589865 -1.241859
2.593696 -1.239506
2.588555 -1.241409
2.595807 -1.240081
2.579618 -1.237718
2.586349 -1.237631
2.595367 -1.236888
2.580693 -1.236781
2.580613 -1.236203
2.594773 -1.241484
2.603024 -1.240869
2.593467 -1.234685
2.582823 -1.236162
2.068107 -1.167017
2.052787 -1.140418
2.017502 -1.104991
2.031888 -1.114299
2.082718 -1.102247
2.080950 -1.167507
2.094908 -1.176226
2.059013 -1.169806
2.144112 -1.216364
2.043583 -1.137878
2.061643 -1.151840
2.084969 -1.178909
2.013845 -1.124920
1.988006 -1.077732
2.036658 -1.134472
2.038195 -1.181909
2.071913 -1.155131
1.980198 -1.141338
2.091338 -1.132655
2.086867 -1.105341
2.044276 -1.161960
2.012636 -1.103055
2.093412 -1.182501
2.117124 -1.208905
2.019894 -1.102244
-2.013120 5.318326
-2.006597 5.327019
-1.978136 5.359865
-1.980258 5.357996
-2.008240 5.323242
-1.987505 5.348764
-2.014503 5.314747
-2.015348 5.314500
-2.025605 5.304989
-2.151797 4.988758
-2.104515 5.174289
-2.124091 5.158573
-2.125631 5.159766
-2.157512 5.129074
-2.110143 5.155930
-2.099505 5.191659
-2.084707 5.198885
-2.131629 5.149937
-2.122962 5.165427
-2.145370 5.153580
-2.139367 5.141251
-2.125362 5.159760
-2.137614 5.144920
-2.150749 5.130665
-2.125590 5.160875
-2.127108 5.155275
-2.129709 5.166834
-2.132009 5.150138
-2.141367 5.144582
-2.122105 5.172389
-2.141464 5.140248
-2.111586 5.171924
-2.115038 5.159316
-2.122687 5.161859
-2.120020 5.168036
-2.161723 5.123744
-2.125794 5.158709
0.476894 -1.152659
-2.122699 5.164981
-2.128507 5.157548
-2.124197 5.158612
0.482035 3.641963
-3.173168 -4.337136
-3.178262 -4.371002
-3.198333 -4.344628
-3.179143 -4.311211
-3.174525 -4.330666
-3.199577 -4.341518
-3.218080 -4.314958
-3.167903 -4.302516
-3.225878 -4.303912
-3.223042 -4.344513
-3.264965 -4.353257
-3.090530 -4.480188
-3.311052 -4.245800
-3.160300 -4.293700
-3.126257 -4.277750
-3.158070 -4.371129
-3.247816 -4.411964
-3.205332 -4.369933
-3.119889 -4.280417
-3.179068 -4.380915
-3.175436 -4.304150
-3.151641 -4.278005
-3.167094 -4.315632
-3.187532 -4.385223
-3.175602 -4.326795
-3.229334 -4.325771
-3.109605 -4.408076
-3.202205 -4.356853
-3.227381 -4.376789
-3.209845 -4.359934
-3.209822 -4.364553
-3.189461 -4.338573
-3.209359 -4.321944
-3.217107 -4.366773
-3.193134 -4.370152
-3.218318 -4.364089
-3.199259 -4.347446
-3.203743 -4.354777
-3.181072 -4.356261
-3.175592 -4.324523
-3.269619 -4.423929
-3.213569 -4.350020
-3.257500 -4.270567
-3.120753 -4.247353
-3.172156 -4.306931
-3.221962 -4.345076
-3.169199 -4.307013
-3.216305 -4.322926
-3.196444 -4.343367
-3.192787 -4.345984
-3.155991 -4.386293
-3.205194 -4.348897
-3.145908 -4.356410
-3.222871 -4.320490
-3.133990 -4.278093
-3.155283 -4.362168
-3.173119 -4.341331
-3.165003 -4.369064
-3.246753 -4.425465
-3.116904 -4.272193
-3.215215 -4.339295
-3.203218 -4.319271
-3.166102 -4.313758
-3.115755 -4.247243
-3.140671 -4.313204
-3.204901 -4.358571
-3.132087 -4.266570
-3.257282 -4.323397
-3.234805 -4.379964
-3.247530 -4.339597
-3.257177 -4.385547
-3.157364 -4.370098
-3.296844 -4.449747
-3.193012 -4.329682
-3.225823 -4.352620
-3.133612 -4.252206
-3.189348 -4.350987
-3.233869 -4.377962
-3.198811 -4.344820
-3.141065 -4.375355
-3.210460 -4.355456
-3.229586 -4.374250
-3.288745 -4.438513
-3.196540 -4.356240
-3.222608 -4.349700
-3.193147 -4.376233
-3.167445 -4.392715
-3.157398 -4.283126
-3.235972 -4.282152
-3.174576 -4.336318
-3.198267 -4.345557
-3.239729 -4.371533
-3.196851 -4.369471
-3.191667 -4.373860
-3.165648 -4.352134
-3.210635 -4.342222
-3.139091 -4.284175
-3.225316 -4.327457
-3.208202 -4.316203
-3.214967 -4.346564
-3.179886 -4.355675
-3.244743 -4.381824
-3.221686 -4.300043
-3.245468 -4.402629
-3.164665 -4.307470
-2.858257 -4.311491
-2.807837 -4.302372
-2.779830 -4.305945
-2.796887 -4.301716
-2.805433 -4.295920
-2.812769 -4.302773
-2.804689 -4.302419
-2.796245 -4.301692
-2.794183 -4.301999
-3.141150 -4.387310
-3.228973 -4.323290
-3.161655 -4.281386
-3.185281 -4.355650
-3.204422 -4.351582
-3.150067 -4.379852
-3.170388 -4.320275
-3.245485 -4.349377
-3.149724 -4.308536
-3.188303 -4.320714
-3.194671 -4.339882
-3.216588 -4.284529
-3.260377 -4.409863
-3.147407 -4.418493
-3.163993 -4.291373
-3.175082 -4.369621
-3.183955 -4.314025
-3.182111 -4.323666
-3.176332 -4.325119
-3.214045 -4.379843
-3.183259 -4.319252
-3.231733 -4.314912
-3.181478 -4.369833
0.162395 2.437141
-3.176914 -4.334665
-3.259694 -4.397569
-3.266315 -4.403255
-3.145862 -4.369344
-2.473505 0.363865
-2.482967 0.336352
-2.838106 0.360576
-2.220831 0.381612
-2.196284 0.384527
-2.185979 0.360163
-2.192021 0.376180
-2.203316 0.408277
-2.175416 0.361675
-2.191643 0.359058
-2.176689 0.383807
-2.199307 0.361975
-2.194806 0.382344
-2.182758 0.371913
-2.159859 0.367737
-2.204726 0.383503
0.515902 -1.152758
0.499838 -1.149704
0.501441 -1.146417
0.365068 -1.208756
0.513771 -1.149564
0.510094 -1.145273
-2.559806 0.609424
-2.671532 0.511830
-2.566416 0.627420
-2.564116 0.624182
-2.568513 0.630037
-2.580566 0.624817
-2.556873 0.623301
-2.565990 0.614565
-2.580774 0.638067
-2.580473 0.625006
-2.601825 0.590990
-2.574589 0.616640
-2.575612 0.626856
-2.581089 0.621147
-2.544742 0.640970
-2.562800 0.631623
-2.638365 1.205972
-2.642822 1.196606
-2.666466 1.161547
-2.638181 1.202060
-2.643643 1.666169
-2.634194 1.187039
-2.631716 1.185813
-2.190435 0.388678
-1.975542 0.351067
-2.039244 0.322152
-2.204116 0.384568
-2.174252 0.385767
-2.185478 0.376372
-2.176337 0.364581
-2.189205 0.374986
-2.209692 0.390215
-2.204945 0.370534
-1.977051 0.667189
-2.174141 0.365656
-2.098756 0.206330
-2.016476 0.349905
-2.169009 0.380444
-2.131659 0.360050
-2.294647 0.305617
-2.778752 -0.939350
-2.754238 -0.923571
-2.754095 -0.908630
-2.780460 -0.941033
-2.780665 -0.917238
-2.757058 -0.923706
-2.775337 -0.943294
-2.760502 -0.895353
-2.726465 -0.884062
-2.784023 -0.944718
-2.791424 -0.903152
-2.763090 -0.929241
-2.781985 -0.946055
-2.767879 -0.901592
-2.771829 -0.931902
-2.738286 -0.937062
-2.781398 -0.937964
-2.719357 -0.891137
-2.743090 -0.919131
-2.752967 -0.938493
-2.729873 -0.919000
-2.750260 -0.927296
-2.708020 -0.883412
-2.786060 -0.963950
-2.790092 -0.899813
-2.754823 -0.918635
-2.702095 -0.884151
-2.796280 -0.946531
-2.732815 -0.899265
-2.770691 -0.924978
-2.757969 -0.905136
-2.770793 -0.908480
-2.691101 -0.867600
-2.736277 -0.940843
-2.735080 -0.906965
-2.731886 -0.900705
-2.779562 -0.967894
-2.717130 -0.890859
-2.761597 -0.926285
-2.715786 -0.874769
-2.776504 -0.899860
-2.758705 -0.939355
-2.780372 -0.944269
-2.702650 -0.881431
-2.765023 -0.948132
-2.708646 -0.956255
-2.727134 -0.967046
-2.761190 -0.919486
-2.740732 -0.929644
-2.777749 -0.943564
-2.812047 -0.976920
-2.753886 -0.921471
-2.751458 -0.918956
-2.753443 -0.924398
-2.751688 -0.926272
-2.737074 -0.933246
-2.758881 -0.928578
-2.946441 -0.750543
-2.827276 -0.977708
-2.710741 -0.917587
-2.798300 -0.977040
-2.770108 -0.937358
-2.766700 -0.936730
-2.697728 -0.908080
-2.756823 -0.920632
-2.750516 -0.925710
-2.774145 -0.932804
-2.699358 -0.867368
-2.719774 -0.892429
-2.743361 -0.901963
-2.802433 -0.883716
-2.722164 -0.946516
-2.750732 -0.910057
-2.779685 -0.944405
-2.746027 -0.916779
-2.753647 -0.919714
-2.732972 -0.938661
-2.747788 -0.927012
-2.773584 -0.927037
-2.758907 -0.932653
-2.751312 -0.922143
-2.748995 -0.919486
-2.797120 -0.937853
-2.605710 -0.848412
-2.768450 -0.913687
-2.790570 -0.945432
-2.720987 -0.878046
-4.801425 -0.948817
-4.765473 -0.923386
-4.776854 -0.948098
-4.877532 -0.982020
-4.908209 -0.999342
-4.943797 -1.012815
-4.948293 -1.009983
-4.953964 -1.012581
-4.951732 -1.009940
-4.953447 -1.010530
-4.723931 -0.895394
-4.721064 -0.899774
-4.733749 -0.898071
-4.726330 -0.891629
-4.722087 -0.889765
-4.722810 -0.896035
-4.732849 -0.972010
-4.743268 -0.995057
-4.754213 -1.003157
-4.734344 -0.962785
-4.743804 -0.952221
-4.752486 -0.840963
-4.774134 -0.793885
-4.697189 -0.911226
-4.706768 -0.906507
1.189647 4.611949
1.139391 4.561411
1.178856 4.599046
1.213352 4.647790
1.184386 4.604475
1.182501 4.618649
1.162671 4.625708
1.208298 4.626641
1.335146 4.712503
1.350755 4.726720
1.376396 4.744134
1.367874 4.734841
1.373982 4.730999
1.159127 4.549149
1.120769 4.549533
1.233418 4.607879
1.191772 4.592023
1.175375 4.590359
1.166794 4.591848
1.175443 4.582779
1.168126 4.585923
1.159430 4.625735
1.153637 4.629267
1.176934 4.596222
1.185980 4.600544
1.175704 4.589342
1.204952 4.601102
1.166032 4.586001
1.167568 4.593349
1.158065 4.579734
1.212356 4.635966
1.218598 4.561781
1.194268 4.613932
1.183757 4.601016
1.185689 4.609110
1.201037 4.621918
1.180822 4.588397
1.191080 4.618042
1.169901 4.593423
1.181839 4.592461
1.202435 4.627364
1.186912 4.612206
1.157963 4.625661
1.176282 4.611654
1.184869 4.607849
1.169097 4.600965
1.143920 4.666906
1.180278 4.596768
1.225222 4.639687
1.187342 4.608321
1.157368 4.586145
1.182383 4.632936
1.183087 4.602843
1.179119 4.602922
1.178056 4.604730
1.185751 4.596747
1.165281 4.589106
1.151306 4.568411
1.197404 4.629385
1.204546 4.631042
1.176232 4.610949
2.566666 5.042326
2.558685 5.031407
2.581186 5.057663
2.586705 5.058377
2.554298 5.095453
2.571188 5.049403
2.537128 5.106000
2.633327 5.100564
2.601330 5.042698
2.629765 5.082452
2.520904 5.121678
2.505246 4.976876
2.582239 5.055406
2.526093 5.102111
2.553356 5.043633
2.584738 5.068008
2.580872 5.056536
2.578178 5.056341
2.606751 5.037617
2.553345 5.032210
2.542282 5.068426
2.601141 5.071574
2.553273 5.018278
2.569358 5.034854
2.583236 5.057505
2.616565 5.064750
2.586918 5.063474
2.553244 5.026662
2.594652 5.060330
2.613172 5.026567
2.560169 5.054947
2.609832 5.081759
2.637750 5.024225
2.557243 5.094254
2.543968 5.098928
2.608557 5.078015
2.525565 5.087022
2.575611 5.060470
2.583603 5.042914
2.545379 5.027323
2.586270 5.054867
2.570248 5.074983
2.592147 5.040273
2.563546 5.058444
2.572991 5.042670
2.582319 5.057672
2.601790 5.046780
2.585719 5.055195
2.585473 5.065109
2.589043 5.088321
2.583256 5.055822
2.629306 4.999982
2.600983 5.030102
2.604968 5.084417
2.572992 5.065241
2.523811 4.993439
2.615630 5.093862
2.610913 5.032069
2.646417 5.116525
2.669537 5.129794
2.600477 5.052947
2.632517 5.012545
2.612278 5.074497
2.583815 5.085035
2.570904 5.044206
2.558588 5.104068
2.610319 5.062739
2.574112 5.044843
2.613327 5.090543
2.576694 5.081541
2.623018 5.094703
2.606138 5.054729
2.580555 5.026316
2.545214 5.028986
2.624633 5.097235
2.574819 5.045972
2.579005 5.057126
2.518510 5.025949
2.618454 5.078559
2.585706 5.054060
2.617537 5.051070
2.574131 5.066413
2.603378 5.081377
2.552244 5.062594
2.572912 5.052938
2.564291 5.040001
2.629262 5.075757
2.600211 5.043237
2.603006 5.063077
2.315582 4.963236
2.586306 5.058082
2.625469 5.007741
0.946992 5.349410
0.936317 5.366676
0.944569 5.353945
0.949615 5.340653
0.940363 5.358342
0.951608 5.339714
0.939740 5.360175
0.942805 5.356606
0.945231 5.349342
0.951341 5.341393
0.939411 5.373205
0.944712 5.351751
0.939487 5.357625
0.942084 5.357681
0.919403 5.381385
0.943027 5.344211
0.945481 5.350473
0.934707 5.356274
0.944381 5.352354
0.948426 5.343344
0.935059 5.364376
0.953746 5.338213
0.944169 5.354984
0.952918 5.367981
0.956395 5.333104
0.943175 5.351953
0.943867 5.352497
0.941587 5.354707
0.946410 5.349467
1.051453 4.988022
-0.399205 -1.174294
-0.317624 -1.718929
-0.320978 -1.733608
-0.316823 -1.730197
-0.323082 -1.728055
-0.321115 -1.730844
-0.318318 -1.731903
-0.320756 -1.734636
-0.318723 -1.738073
-0.320368 -1.730101
-0.768625 -1.326922
-0.806502 -1.338786
-0.502762 -1.107294
-0.786973 -1.327532
-0.784724 -1.328942
-0.774132 -1.333928
-0.442714 -1.112483
-0.806858 -1.386765
-0.851837 -1.402755
-0.859264 -1.421107
-0.844139 -1.405797
-0.851189 -1.399949
-0.838693 -1.406514
-0.494755 -1.528256
-0.509122 -1.570568
-0.504157 -1.579302
-0.501493 -1.600485
-0.492793 -1.568991
-0.509750 -1.597130
-0.498821 -1.588610
-0.512125 -1.189378
-0.456935 -1.150001
-0.677486 -0.996003
-0.430190 -1.199664
-0.491944 -1.082339
3.029289 -2.092087
3.034982 -2.094146
3.022852 -2.085024
3.025596 -2.089560
3.037498 -2.096636
3.011058 -2.076777
3.030061 -2.099879
3.028078 -2.091665
3.024977 -2.091119
3.024606 -2.088653
3.031781 -2.090888
3.029460 -2.092159
3.024297 -2.087610
3.028306 -2.090943
3.050612 -2.113358
3.023967 -2.081162
3.024341 -2.087593
3.027742 -2.091204
3.023978 -2.089558
3.015900 -2.082885
3.028008 -2.091841
3.024988 -2.088831
3.037255 -2.094565
0.210053 -1.274313
-0.703495 -0.619869
0.231033 -1.271556
0.211195 -1.277655
0.212940 -1.272058
0.208806 -1.267500
0.210028 -1.274230
0.190566 -1.277387
0.205131 -1.273301
0.213047 -1.272857
0.200445 -1.263662
0.218811 -1.269446
0.225103 -1.284008
0.206889 -1.274426
0.221677 -1.276953
0.206895 -1.269781
-1.333443 -0.680215
-1.322814 -0.668136
-1.350165 -0.679553
-0.489395 -0.468001
-0.490964 -0.467187
0.214475 -1.263660
0.217591 -1.269780
-0.629626 -2.359095
-0.415113 -1.191220
-0.463878 -1.135240
-0.628531 -2.342983
-0.629803 -2.351296
-0.502170 -1.188003
-0.536228 -1.193686
-0.627226 -2.333094
-0.629126 -2.353182
-0.631148 -2.353852
-0.629764 -2.355587
-0.628920 -2.350032
1.446761 -2.504151
-0.413779 -1.133851
-0.356785 -1.140273
-0.524212 -1.695297
-0.531074 -1.683485
-0.535691 -1.694827
-0.537458 -1.706406
-0.509008 -1.716162
-0.517552 -1.686110
-0.520945 -1.699000
-0.525144 -1.704720
-0.498965 -1.098249
-0.649643 -1.627377
-0.654476 -1.643326
-0.658679 -1.644705
-0.651557 -1.637573
-0.650768 -1.636533
-0.661248 -1.648513
-0.663104 -1.636393
-0.441641 -1.111982
-0.517300 -1.202527
-0.440797 -1.109547
-0.486217 -1.142009
-0.459449 -1.122965
-0.420365 -1.105825
-0.476066 -1.199527
-0.496844 -1.125631
-0.527904 -1.073909
-0.508698 -1.089558
-0.466838 -1.138681
-0.510135 -1.092415
-0.496744 -1.174233
-0.434892 -1.155902
-0.488122 -1.165044
-0.459244 -1.135323
-0.539241 -1.184062
-0.410878 -1.173929
-0.536127 -1.002636
-0.447584 -1.157379
-0.422318 -1.138705
-0.403348 -1.058693
-0.526886 -1.149181
-0.444172 -1.194086
-0.513471 -1.089280
-0.447433 -1.107786
-0.507560 -1.103990
-0.506407 -1.194865
-0.453838 -1.158281
-0.427806 -1.166354
-0.460618 -1.131786
-0.494472 -1.076594
-0.475245 -1.074029
-0.415778 -1.148826
-0.457878 -1.135635
-0.404535 -1.131165
-0.521929 -1.156727
-0.456364 -0.986104
-0.415705 -1.174361
-0.505349 -1.114884
-0.474288 -1.142810
-0.491713 -1.061852
-0.472217 -1.125440
-0.531488 -1.108504
-0.372177 -1.110090
-0.440045 -1.195214
-0.379553 -1.107481
-0.390243 -1.059527
-0.411117 -1.192341
-0.525600 -1.205279
-0.534780 -1.114893
-0.425156 -1.188827
-0.273418 -1.143903
-0.240633 -1.146534
-0.215846 -1.155847
-0.655992 -0.972096
-0.668178 -0.982171
-0.685114 -0.947323
-0.399939 -1.165674
-0.505283 -1.111076
-0.428492 -1.208338
-0.413841 -1.108033
-0.560189 -0.988177
-0.488714 -1.166982
-0.510972 -1.195004
-0.476646 -1.066946
-0.452053 -1.137442
-0.418169 -1.170292
-0.452514 -1.091882
-0.523201 -1.052367
-0.491396 -1.105598
-0.493618 -1.143960
-0.499687 -1.186308
-0.487875 -1.114613
-0.447476 -1.122657
-0.448619 -1.208771
-0.445739 -1.076941
-0.473488 -1.193959
-0.407462 -1.136762
-0.520053 -1.072452
-0.489454 -1.118670
-0.432449 -1.186018
-0.479362 -1.146744
-0.502472 -1.118046
-0.413737 -1.235208
-0.404581 -1.070753
-0.469473 -1.226780
-0.425334 -1.178725
-0.480932 -1.108264
-0.519090 -1.201837
-0.456032 -1.126262
-0.437805 -1.125496
-0.520618 -1.178114
-0.506064 -1.164276
-0.412799 -1.124352
-0.437567 -1.107225
-0.397805 -1.086011
-0.505837 -1.102778
-0.510988 -1.179634
-0.472549 -1.154848
-0.495221 -1.139814
-0.443341 -1.081660
-0.458062 -1.134401
-0.419029 -1.084455
-0.437250 -1.144031
-0.529521 -1.206218
-0.421294 -1.166526
-0.486812 -1.171299
-0.464396 -1.119908
-0.441331 -1.135430
-0.467122 -1.147192
-0.539291 -1.282160
-0.469629 -1.139292
-0.417812 -1.092382
-0.508180 -1.145567
-0.468287 -1.190358
-0.390911 -1.064508
-0.373966 -1.211575
-0.473259 -1.145358
-0.441943 -1.160208
-0.460176 -1.126264
-0.507636 -1.180410
-0.435710 -1.086223
-0.534270 -1.191203
-0.437394 -1.162194
-0.447967 -1.119139
-0.502451 -1.108018
-0.458189 -1.158500
-0.442287 -1.126021
-0.390206 -1.111267
-0.395159 -1.207382
-0.374780 -1.199688
-0.459012 -1.117171
-0.418466 -1.180073
-0.448964 -1.144261
-0.360681 -1.128407
-0.463097 -1.114076
-0.488810 -1.107322
-0.419096 -1.183762
-0.370094 -1.121985
-0.526625 -1.198908
-0.480359 -1.120757
-0.441164 -1.156047
-0.403177 -1.230582
-0.495952 -1.195044
-0.407401 -1.240909
-1.333132 3.948025
-1.360830 3.941600
-1.347394 3.937716
-1.339309 3.952109
-1.325099 3.960408
-1.343868 3.932000
-1.363502 3.916020
-1.367155 3.927871
-0.897597 3.832150
-1.317349 3.933798
-1.343369 3.942991
-1.343926 3.948912
-1.357622 3.930219
-1.350005 3.941039
-1.471998 3.523491
-1.342035 3.940752
-1.350312 3.943360
-1.328764 3.958966
-1.347337 3.938699
-1.343548 3.941847
-1.340192 3.948381
-1.341821 3.955360
-1.359054 3.927865
-1.341722 3.942485
-1.344324 3.948149
-1.328210 3.995186
-1.315724 4.024673
-1.402725 3.896250
-1.422731 3.882513
-1.323008 3.963858
-1.305502 3.983039
-1.333906 3.957485
-1.382950 3.905936
-1.342732 3.952290
-1.315591 3.977079
-1.352316 3.931325
-1.347788 3.935385
-1.330041 3.965180
-1.359155 3.967000
-1.345182 3.935811
-1.306903 3.972850
-1.346996 3.940005
-1.350202 3.938611
-1.340741 3.951125
2.971488 1.956260
2.973736 1.971184
-0.683918 -2.977173
-0.699431 -3.035347
-0.714313 -3.041483
-0.702680 -3.027415
-0.682373 -3.025781
-0.685998 -3.021112
-0.708295 -3.035560
-0.706041 -3.031021
-0.700884 -3.044395
-0.725896 -3.051488
-0.707035 -3.044226
-0.682503 -3.007627
-0.675198 -3.064559
-0.713807 -3.049011
-0.703206 -3.027190
-0.718616 -3.029739
-0.271084 -2.780240
-0.276256 -2.765172
-0.278156 -2.783591
-0.264520 -2.775918
-0.277190 -2.787947
-0.275936 -2.788771
-0.280238 -2.785005
-0.270306 -2.790795
-0.254854 -2.789273
-0.289081 -2.791372
-0.281299 -2.797226
-0.268069 -2.759179
-0.271075 -2.780894
-0.278826 -2.790701
-0.260137 -2.774658
-0.266842 -2.778704
-0.263252 -2.775728
-0.710139 -3.040408
-0.710736 -3.034298
-0.276565 -2.787852
0.734288 1.061659
-0.694669 -3.017912
-0.702791 -3.010531
-0.705681 -3.027633
1.203446 2.123763
1.202158 2.104328
1.187035 2.098661
1.203223 2.103607
1.280139 1.990444
1.227844 2.088443
1.266658 1.940211
1.243127 2.155168
1.201626 2.114287
1.235959 1.931705
1.202878 2.106046
1.183593 2.132433
1.239457 2.134527
1.216759 2.095228
1.196335 2.107238
1.209867 2.123397
1.203106 2.106260
1.215048 2.121000
1.217028 2.099059
1.169483 2.134851
1.267299 2.057362
1.211916 2.115667
1.177811 2.135923
1.221013 2.095006
1.225708 2.127336
1.207798 2.123014
1.188344 2.084531
1.203345 2.111898
1.192788 2.127360
1.209888 2.121797
1.229747 2.096311
1.222109 2.103055
1.175229 2.133146
1.141510 2.094223
1.204746 2.110866
1.234541 2.146095
1.218680 2.123010
1.264876 2.069722
1.205757 2.107883
1.110200 2.163778
1.168194 2.137239
1.236899 2.077360
1.215153 2.099770
1.180716 2.134894
1.178654 2.114784
1.179881 2.077351
1.209100 2.119255
1.177650 2.114330
1.203803 2.103952
1.207451 2.109314
1.248322 2.106865
1.225857 2.100175
0.913631 1.737802
1.226890 2.068710
1.209334 2.106648
1.165602 2.145778
1.173789 2.141820
1.206021 2.105299
1.210860 2.107371
1.216234 2.091269
1.209557 2.097441
0.482400 1.131538
1.207346 2.078291
1.210052 2.110138
1.195717 2.123218
1.179220 2.099241
1.193861 2.131729
1.182646 2.136142
1.235470 2.137507
1.162853 2.135515
1.192542 2.118264
1.250735 2.068368
0.470159 3.639960
0.489113 3.650747
0.479382 3.613957
0.473226 3.643563
0.468427 3.635433
0.469564 3.639056
0.468306 3.623637
0.033322 3.683006
0.460610 3.651711
0.451976 3.618241
0.457727 1.189400
0.488359 1.125693
0.448947 1.187846
0.513239 1.096824
0.475047 1.083313
0.516523 1.093270
0.501059 1.116783
0.466264 1.152599
-1.635928 0.442944
0.493690 1.124412
0.527294 1.072330
0.511991 1.147706
0.496562 1.115089
0.482954 1.143673
0.533288 1.176816
0.513072 1.131496
0.500215 1.137896
0.476892 3.634418
0.479458 3.637895
0.468498 3.642026
0.477317 3.620920
0.476165 3.644036
0.448321 3.616599
0.481811 3.640270
0.466692 3.640033
0.419547 3.585667
0.431166 3.674511
0.457256 3.645687
0.497241 3.662930
0.474127 3.629850
0.468585 3.632303
0.493706 3.658135
0.471746 3.636314
0.484349 3.665787
0.469453 3.637472
0.476679 3.645180
0.516532 3.596208
0.451455 3.612579
0.475967 3.646910
0.483702 1.419259
0.469788 3.657887
0.463016 3.652513
0.478209 3.628899
0.465686 3.624761
0.483529 3.646801
0.464221 3.650451
0.467848 3.653167
0.445682 3.646695
0.472409 3.629031
0.474410 3.642119
0.424563 3.654406
0.419911 3.651870
0.407688 3.662244
0.476735 3.643443
0.489658 3.657463
0.470408 3.634080
0.468625 3.631930
0.479620 3.651508
0.462571 3.646712
0.496339 3.596910
0.453702 3.618453
0.473083 3.625690
0.471563 3.636994
0.472163 3.613425
0.180509 2.441181
0.155939 2.418062
0.464299 3.626529
0.465219 3.641656
0.123485 2.425316
-0.207663 2.220298
-0.724254 0.591571
0.133611 2.418306
0.144456 2.424063
0.152722 2.428530
-0.376285 1.695930
2.767441 2.503297
0.238306 2.500099
0.164556 2.438919
0.535956 -2.367271
0.731155 -2.116483
0.704388 -2.266636
0.865376 -2.127632
0.697540 -2.264228
0.858648 -2.411816
0.908850 -2.408134
0.711625 -2.145253
0.828822 -2.355243
1.448779 -4.359317
1.450745 -4.364231
1.453179 -4.350019
1.453134 -4.350200
1.455091 -4.345784
1.462821 -4.335354
1.470496 -4.324981
1.442349 -4.363186
1.454790 -4.335189
1.451642 -4.354203
1.455060 -4.336801
1.454016 -4.340555
1.453606 -4.348403
1.441060 -4.370033
1.442814 -4.360998
1.456691 -4.345149
1.452942 -4.351711
1.448039 -4.366690
2.035563 -3.009582
2.260407 -3.033455
2.249881 -3.013578
2.264876 -3.021934
2.100624 -3.045311
2.249973 -3.027105
2.283903 -3.030551
2.269027 -3.013686
2.275999 -3.019487
1.627308 -2.645196
1.579917 -2.598396
1.567428 -2.585072
1.558168 -2.579307
1.576427 -2.596018
1.570468 -2.587253
1.551947 -2.553347
1.577244 -2.597966
1.569895 -2.595801
1.569922 -2.586441
1.572169 -2.592432
1.991007 -2.817046
1.975562 -2.800835
1.993834 -2.757086
1.988894 -2.789643
2.219291 -2.866629
2.241246 -2.849668
2.216915 -2.859422
2.227367 -2.864899
2.231402 -2.857148
2.233627 -2.865549
2.225421 -2.851564
1.932126 -3.119278
2.014471 -2.978298
1.976087 -3.046441
2.019018 -2.997475
2.012908 -3.003813
1.976605 -3.025053
1.980573 -3.034340
1.967434 -3.049926
1.990437 -3.038245
1.954110 -3.039426
1.955183 -3.033556
1.962929 -3.040400
1.962780 -3.055058
1.973523 -3.019400
1.997614 -3.012223
1.969390 -3.019511
1.998881 -3.034931
2.057362 -2.953669
1.996053 -3.019343
2.215704 -2.927196
2.238030 -2.918834
2.201883 -2.882912
2.226124 -2.919390
2.226356 -2.924093
2.248777 -2.914850
2.258100 -2.906568
2.242671 -2.912411
1.952923 -3.041098
1.955504 -3.049924
2.047051 -3.061650
1.977315 -3.025886
1.954525 -3.034009
1.940077 -3.031953
1.978994 -3.029191
1.974878 -3.017308
1.993511 -3.037235
1.984738 -3.013607
2.013910 -3.065088
1.979135 -3.065327
1.925726 -3.049542
1.956358 -3.026947
1.985246 -3.047953
1.966474 -3.015882
2.025027 -3.068359
1.986893 -2.998863
1.942063 -3.009554
1.969508 -3.049305
2.031178 -3.076233
1.977347 -3.006373
1.973604 -2.992319
2.003513 -3.051435
1.975641 -3.029086
1.954522 -3.006158
1.959973 -2.988645
1.940649 -2.992325
1.994994 -3.011563
1.942249 -3.005981
1.999387 -3.035969
1.959504 -3.041333
2.029615 -3.008962
1.962826 -3.060278
1.993716 -3.033569
1.984696 -3.048201
1.980775 -3.061900
1.952512 -3.025271
2.033149 -3.032442
1.982254 -3.031809
1.993478 -3.032554
1.923687 -2.964488
2.004686 -3.040849
1.958723 -3.044454
2.112115 -3.135304
1.987402 -3.057005
1.727543 -2.856504
2.783146 -4.246740
2.720617 -4.187790
2.824320 -4.177295
2.613786 -4.018096
2.825304 -4.298099
2.791672 -4.270130
2.763984 -4.221625
2.759027 -4.293648
2.795802 -4.231918
2.726671 -4.181943
2.769536 -4.265363
2.807061 -4.213300
2.795180 -4.267504
2.808895 -4.218123
2.796956 -4.283891
2.795068 -4.330963
2.820240 -4.285475
2.791577 -4.210451
2.793159 -4.247213
2.804121 -4.279495
2.819184 -4.217641
2.750175 -4.255512
2.805048 -4.268457
2.832344 -4.316080
2.809378 -4.282203
2.832940 -4.289314
2.784123 -4.226354
2.745347 -4.226408
2.777869 -4.227041
2.813861 -4.210756
2.840198 -4.292892
2.771447 -4.253496
2.757328 -4.229010
2.748376 -4.220299
2.825707 -4.291484
2.807060 -4.266937
2.425380 -3.690692
2.808425 -4.270394
2.720351 -4.258024
2.764056 -4.229207
2.726244 -4.197636
2.864334 -4.308515
2.798156 -4.323258
2.754976 -4.278372
2.768050 -4.237771
2.776964 -4.215690
2.732725 -4.313530
2.840891 -4.307605
2.811327 -4.214115
2.740385 -4.177980
2.799125 -4.276894
2.782177 -4.275443
2.808015 -4.273146
2.771162 -4.239769
2.767524 -4.226347
2.792758 -4.230517
2.813463 -4.279490
2.873536 -4.330412
2.837366 -4.310408
2.787299 -4.251782
2.737050 -4.266680
2.791606 -4.255257
2.791333 -4.235387
2.771164 -4.178353
2.718370 -4.183473
2.741056 -4.213362
2.828017 -4.285600
2.823953 -4.297100
2.794880 -4.177488
2.757525 -4.223198
2.726153 -4.185753
2.754995 -4.262784
2.826848 -4.242602
2.759164 -4.242566
2.857044 -4.176134
2.788892 -4.262405
2.767889 -4.268013
2.754215 -4.340873
2.745134 -4.216059
2.791240 -4.285872
2.823651 -4.291497
2.737921 -4.190330
2.712155 -4.185022
2.720775 -4.249581
2.693159 -4.189133
2.761865 -4.225987
2.749208 -4.214969
2.772409 -4.241572
2.807297 -4.276525
2.732710 -4.204909
2.765680 -4.219632
2.751486 -4.272922
2.763903 -4.231034
2.845075 -4.308510
2.832515 -4.287370
2.794354 -4.223775
2.791770 -4.282467
2.784803 -4.245661
2.737658 -4.250992
2.767795 -4.262802
2.834307 -4.246978
2.819904 -4.306179
2.753880 -4.224045
2.768958 -4.271839
2.754791 -4.228646
2.815983 -4.262256
2.796311 -4.231788
2.776588 -4.241640
2.718366 -4.168238
2.812776 -4.212173
2.863497 -4.314718
2.791492 -4.248194
2.757551 -4.211536
2.784623 -4.248232
2.745292 -4.247392
2.764332 -4.239796
2.798616 -4.240218
2.832430 -4.309032
2.743431 -4.274273
2.786900 -4.251987
2.719079 -4.180709
2.821718 -4.291579
2.736280 -4.286880
2.876970 -4.362623
2.755598 -4.261195
2.845641 -4.172443
2.752102 -4.262675
2.812642 -4.292650
2.721805 -4.244561
2.786993 -4.253098
2.779116 -4.248769
2.809745 -4.201647
2.860053 -4.341233
2.725985 -4.267282
2.872712 -4.207235
2.749639 -4.236216
2.759936 -4.234308
2.851542 -4.319435
2.868104 -4.160045
2.749461 -4.215760
2.792383 -4.282686
2.831450 -4.293568
2.805353 -4.228776
2.752253 -4.213401
2.806853 -4.266039
2.809648 -4.272999
2.902141 -4.369132
2.730517 -4.279160
1.829035 -3.018713
2.158756 -3.295604
1.996315 -3.043060
1.945969 -3.032626
1.991211 -3.036619
1.985660 -3.050265
-1.204690 -0.310705
-1.957135 1.839239
-1.981082 1.836037
-0.676266 3.759729
-0.671604 3.758992
-0.676543 3.759678
-0.635805 3.794106
-0.668212 3.770771
-0.673871 3.766856
-0.677539 3.758213
-0.696776 3.779466
-0.686320 3.768898
-0.703402 3.750444
-0.676016 3.762398
-0.657908 3.755251
-0.688444 3.767153
-0.671523 3.761715
-0.697630 3.757190
-0.656598 3.769266
-0.678116 3.772048
-0.661591 3.773745
-0.657311 3.785855
-0.680636 3.766478
-0.652212 3.742222
-0.667906 3.786256
-0.678790 3.763661
-0.685532 3.763447
-0.682516 3.761157
-0.687336 3.741266
-0.679582 3.757105
-0.690731 3.764281
-1.259538 -2.423802
-1.266789 -2.418671
-1.256834 -2.426278
-1.256123 -2.426005
-1.272973 -2.410842
-1.262436 -2.415167
-1.256162 -2.428811
-1.268807 -2.418441
-1.279252 -2.407619
-1.266714 -2.415278
-1.261848 -2.421769
-1.262028 -2.422080
-1.257817 -2.421823
-1.266575 -2.421596
-0.999316 -2.753356
0.096483 0.609226
-4.906897 1.261671
-4.803825 1.174722
-4.785800 1.170074
-4.793235 1.169869
-4.800845 1.167567
-4.797762 1.174150
-4.792645 1.166970
-4.789901 1.167237
-4.799672 1.172652
-4.787894 1.167645
-4.790551 1.163799
-4.910611 1.260369
-4.909901 1.260669
-4.914991 1.256138
-5.175713 1.667117
-4.946547 1.206231
-4.973205 1.223426
-4.936830 1.217229
-4.910165 1.213621
-5.161851 0.997205
-4.932390 1.214861
1.106137 -5.248480
1.109018 -5.245945
1.127522 -5.220592
1.138723 -5.217795
1.105401 -5.248538
-0.909357 0.584906
-1.018381 0.433360
-0.844148 0.444450
-0.899243 0.601844
-0.899336 0.571241
-0.903431 0.609546
-0.908494 0.591661
-0.922481 0.594233
-0.906420 0.600168
-0.830301 1.625308
-0.898427 0.586238
-0.900864 0.577954
-0.915273 0.600310
1.810984 -3.311369
1.831102 -3.280878
1.975031 -3.041675
-0.524582 0.112009
2.765746 0.130222
1.828741 -3.291507
1.829104 -3.287042
1.820294 -3.298565
1.825221 -3.293182
1.827244 -3.290836
-0.722118 0.054049
-1.354435 -1.003893
-0.516444 0.094618
-0.445193 -0.025501
0.724036 -2.124692
0.544106 -2.370407
0.829762 -2.357858
0.746257 -2.041413
0.742736 -2.048339
0.750751 -2.045575
0.748982 -2.035295
0.711517 -2.137859
0.715843 -2.149298
0.702335 -2.088514
0.499663 -2.387478
0.483167 -2.396815
0.456923 -2.403069
0.782712 -2.323084
0.908497 -2.411748
0.715269 -2.257675
0.736788 -2.251224
0.676299 -2.265542
0.704675 -2.279216
0.708278 -2.291988
0.700845 -2.268006
0.704653 -2.281032
0.717358 -2.306190
0.720134 -2.275625
0.701942 -2.276422
0.736055 -2.288517
0.685092 -2.262926
0.714032 -2.264761
-3.013371 0.601594
-3.019158 0.603967
-3.006124 0.612074
-2.977403 0.597003
-2.995525 0.604838
-3.018680 0.600207
-3.239713 0.424251
-3.011797 0.598479
-3.021137 0.607366
-0.136298 0.448666
0.700941 1.077648
0.710780 1.071533
0.751113 1.074746
0.740126 1.057965
0.746583 1.060992
0.484809 1.148704
0.452197 1.109637
0.497843 1.133108
0.519958 1.001306
0.517955 1.121794
0.509493 1.153330
0.517997 1.132230
0.530932 1.121573
0.477950 1.092767
0.495947 1.062902
0.471549 1.100258
0.458240 1.075182
0.495193 1.152333
0.498845 1.092767
0.453515 1.094819
0.508108 1.171081
0.457316 1.101939
0.568429 1.167704
0.486039 1.107702
0.463793 1.129865
0.480427 1.088292
0.600677 0.867705
0.797455 1.105692
0.523189 1.289520
0.425871 1.173627
0.637452 1.233349
0.388398 1.027253
0.366378 0.975936
0.536324 1.078398
0.591484 1.164549
0.159931 0.565708
0.599341 0.875651
0.808934 1.095147
0.507419 1.198981
0.426966 1.123968
0.613824 1.216233
0.505279 1.160319
0.440186 1.067386
0.400315 0.982494
0.518879 1.083160
0.576735 1.160391
0.159106 0.572044
0.469137 1.108638
0.521236 1.130359
0.506860 1.126303
0.561505 1.148861
0.543909 1.172634
0.489941 1.126711
0.520754 1.126404
0.500772 1.105134
0.501896 1.090070
0.508790 1.104582
0.465221 1.135472
0.448428 1.054736
0.554637 1.166178
0.965477 1.101359
0.494094 1.099853
0.492545 1.143581
0.523027 1.169177
0.505996 1.127846
0.527130 1.089577
1.074660 1.389889
1.074947 1.383777
1.074876 1.386346
1.071825 1.386492
1.091387 1.388397
1.088068 1.389532
1.082798 1.389793
1.078921 1.380462
1.075048 1.394380
1.074462 1.386600
1.135434 1.428545
1.149179 1.440080
1.155768 1.442777
1.143876 1.433505
1.088395 1.385533
1.141532 1.430829
1.150982 1.438287
1.155165 1.437444
0.630520 1.018838
0.646880 1.013916
0.653266 1.002699
0.650780 0.997815
0.602017 1.014109
0.626401 0.980996
0.514852 1.136031
0.448991 1.059343
0.493879 1.120966
0.554527 1.175531
0.486448 1.115735
0.484759 1.099935
0.388041 1.298491
0.376972 1.318407
0.382923 1.354452
0.375494 1.342933
0.467507 1.173976
0.509648 1.136909
0.494975 1.115608
0.548112 1.373293
0.554798 1.393499
0.566947 1.379671
0.562731 1.408326
0.568111 1.382551
0.420451 1.044858
0.520339 1.118338
0.448242 1.091153
0.496138 1.145869
0.484159 1.126054
0.556370 1.176184
0.525074 1.144857
0.479441 1.152863
0.496422 1.099228
0.514806 1.120375
0.547598 1.095645
-1.726681 3.064406
-1.730565 3.091166
-1.724186 3.065899
-1.695813 3.097682
-1.723650 3.071241
-1.736227 3.050176
-1.741862 3.041768
-1.721347 3.070709
-1.718215 3.038613
-1.720895 3.069093
-1.741573 3.078288
-1.688352 3.104222
-1.708967 3.081896
-1.702213 3.055076
-1.725765 3.067515
-1.721901 3.066600
-1.727242 3.067551
-1.714364 3.057038
-1.699076 3.065005
-1.723965 3.067560
-1.709267 3.097121
-1.719899 3.073810
-1.733154 3.056860
-1.738519 3.055571
-1.698486 3.043820
-1.727442 3.068589
-1.722354 3.061442
-1.690010 3.057541
-1.721210 3.055136
-1.695557 3.088993
-1.716754 3.081435
-1.877471 2.630895
-1.720219 3.080985
-1.721011 3.068144
-1.744272 3.066365
-1.718983 3.071520
-1.693488 3.096359
-1.709084 3.052814
-1.722935 3.076603
-1.726941 3.065389
-1.719236 3.068938
-1.707239 3.086528
-1.714242 3.067672
-1.728457 3.077193
-1.790773 3.182194
-1.724285 3.062252
-1.678855 3.119025
-1.745961 3.095443
-1.757337 3.100968
-1.737750 3.046244
-1.721265 3.060708
0.570886 1.205737
0.475856 1.107579
0.554469 1.172151
0.406511 1.035386
1.429068 1.086186
1.451308 1.085442
1.451037 1.090037
1.455416 1.093106
1.454995 1.085026
1.409077 1.125254
1.443201 1.074490
1.455835 1.070925
1.446484 1.086552
1.284587 1.091392
1.427210 1.065619
1.432482 1.080688
1.448226 1.092954
1.439282 1.084406
1.484340 1.107483
1.445465 1.093118
1.439169 1.085937
1.420971 1.100158
1.468301 1.086965
1.451410 1.088554
1.430437 1.086398
1.446200 1.074925
1.482810 1.103688
1.460468 1.078744
1.125757 -0.229893
-0.710949 -3.051412
4.719512 0.024519
-0.908263 0.364733
-2.487770 -0.963730
-2.442158 -0.966081
2.790749 0.156892
2.764492 0.131404
2.764103 0.123461
2.752129 0.115634
2.753492 0.134301
2.761314 0.128239
2.770884 0.135448
2.765047 0.129142
2.766001 0.126832
2.740822 0.105898
2.770667 0.135872
2.789298 0.150916
2.738264 0.104718
2.761682 0.128557
2.770401 0.138071
2.781394 0.148788
2.752388 0.116745
2.798373 0.160652
2.761198 0.123781
2.788867 0.148090
2.751770 0.118516
2.766596 0.132939
2.764794 0.126965
2.816652 0.181176
2.797983 0.162964
2.791988 0.132530
2.765103 0.129626
2.757015 0.116878
2.756445 0.128869
2.779144 0.143349
2.763692 0.124214
2.766910 0.129157
2.735284 0.102595
2.773629 0.135593
2.780612 0.148096
2.795716 0.160544
-1.034037 -0.697141
0.513630 -1.149595
-1.693533 0.618091
-2.737846 -0.908791
0.957243 4.047516
4.316663 -3.800472
4.352931 -3.785808
4.300742 -3.803823
4.300495 -3.796100
4.314194 -3.797381
4.317615 -3.802177
4.309100 -3.804085
4.321380 -3.791454
4.317653 -3.798088
4.314704 -3.800001
4.317646 -3.798695
4.287384 -3.815812
4.480979 -3.794534
4.485683 -3.796147
4.478639 -3.793380
4.339442 -3.778589
4.277484 -3.836955
4.319948 -3.802323
4.303261 -3.809301
4.318717 -3.796964
4.311253 -3.816305
4.345481 -3.788864
4.316021 -3.797833
4.317311 -3.801390
4.283340 -3.832841
4.315006 -3.800786
4.338067 -3.765770
4.291205 -3.801435
4.326530 -3.787504
4.331537 -3.786471
4.398810 -3.688767
4.317222 -3.795060
4.320967 -3.794750
4.321074 -3.797989
4.323098 -3.796219
4.332507 -3.782912
4.304604 -3.805230
4.311633 -3.802285
4.337178 -3.795208
4.319939 -3.799406
4.341758 -3.777060
4.349656 -3.770781
0.370882 -3.616913
4.243004 -3.881578
4.243810 -3.888368
4.240010 -3.893221
4.227939 -3.904932
-4.165719 -0.171060
-4.164132 -0.172130
-4.151202 -0.162305
-4.185219 -0.191599
-4.181531 -0.188590
-4.201029 -0.198033
-4.177118 -0.181663
-4.156101 -0.160184
-4.197636 -0.204924
-4.151551 -0.165891
-4.174827 -0.185017
-4.206653 -0.211206
-4.182785 -0.197796
-4.200120 -0.206325
-4.128853 -0.137471
-4.184151 -0.195380
-4.145988 -0.157163
-4.179947 -0.186650
-4.177559 -0.192853
-4.194967 -0.164379
-4.195061 -0.202557
-4.178926 -0.190375
-4.174908 -0.187736
-4.200762 -0.197995
-4.176370 -0.182555
-4.159265 -0.163240
-4.135498 -0.238061
-4.216957 -0.225976
-4.175347 -0.183034
-4.188579 -0.195959
-4.122748 -0.132393
-4.200966 -0.155213
-4.185507 -0.191971
-4.236936 -0.245367
-4.161856 -0.175450
-4.180580 -0.188850
-4.164739 -0.165943
-4.184812 -0.199212
-4.160783 -0.187362
-4.175366 -0.184048
-4.176256 -0.184253
-4.169810 -0.175716
-4.179499 -0.186901
-4.176334 -0.183548
-4.192376 -0.201128
-4.177831 -0.182971
-4.173749 -0.179200
-4.208302 -0.154388
-4.181457 -0.190496
-4.174225 -0.180784
-4.200100 -0.210359
-4.181487 -0.179795
-4.189769 -0.192814
-4.180593 -0.185838
-4.179912 -0.176357
-4.175524 -0.185427
-4.170500 -0.171024
-4.137625 -0.141571
-4.172265 -0.179940
-4.205106 -0.210361
-4.191686 -0.200208
-4.200933 -0.227194
3.016414 -2.087004
-0.709700 -0.632858
4.204569 3.047597
1.662847 -2.817572
1.653865 -2.811970
5.204162 3.072014
5.203772 3.081328
5.222657 3.063084
5.186970 3.100382
5.212741 3.075183
5.210514 3.077031
5.224453 3.057673
5.200025 3.064026
5.211660 3.078835
5.260890 3.023072
5.249626 3.038883
5.195047 3.086738
5.174952 3.108236
5.224668 3.058190
5.229311 3.058095
5.161376 3.033495
5.236959 3.049309
5.190199 3.098222
5.198598 3.061965
5.261324 3.024770
5.191988 3.082455
5.217427 3.067857
5.189859 3.092509
5.208560 3.073447
5.238212 3.048464
5.253552 3.033710
5.229549 3.050545
5.232057 3.092969
5.218608 3.065449
5.216652 3.070691
5.203946 3.101060
5.213251 3.059248
5.227178 3.059706
5.208595 3.062230
5.198020 3.049235
5.220926 3.088233
5.182322 3.098912
5.247710 3.035647
5.221418 3.057266
5.195438 3.077770
5.213880 3.068142
5.216941 3.069482
5.196565 3.086999
5.236175 3.045832
5.260437 3.105500
5.235160 3.050764
5.224442 3.062150
5.240779 3.042411
5.168285 3.120896
5.208091 3.085694
5.237361 3.046067
5.209807 3.078345
5.170361 3.095410
5.224016 3.064606
5.204757 3.080464
5.227958 3.055380
5.209554 3.066825
5.212411 3.070654
5.208526 3.075766
5.281669 3.008572
5.240136 3.038752
5.230217 3.055788
5.173698 3.119074
5.197166 3.087201
5.198358 3.082337
5.191315 3.098025
5.241772 3.085456
5.204823 3.051819
5.207474 3.071637
5.238091 3.043352
5.248827 3.032064
5.218572 3.061008
5.222819 3.063639
5.217053 3.051860
5.213995 3.065710
5.273395 3.007074
5.375484 2.831004
5.389489 2.806332
5.387751 2.812024
5.387279 2.810329
5.383077 2.819590
5.388932 2.809944
5.395873 2.802398
5.384607 2.816586
4.197428 3.046461
4.197163 3.032821
4.232515 3.032876
4.207052 3.047951
4.188452 3.028315
4.216264 3.051788
4.205468 3.051866
4.195728 3.035013
4.196178 3.046371
4.241316 3.025374
4.198720 3.045982
4.166977 3.079632
4.238068 3.030362
4.198293 3.042492
4.165994 3.069434
4.197004 3.043889
4.195303 3.056160
4.224848 3.021399
4.205791 3.045711
4.167881 3.071039
4.204846 3.048499
4.189909 3.060035
4.202260 3.046921
4.134477 3.630398
4.130469 3.635985
4.149590 3.640862
4.119261 3.609558
4.130463 3.620622
4.132856 3.608434
4.133457 3.636983
4.123209 3.627599
4.134771 3.629405
4.120977 3.622245
4.134966 3.633215
4.129343 3.630713
4.138827 3.624376
4.115703 3.643813
4.149230 3.617077
4.132656 3.628627
4.128656 3.615756
4.102559 3.665859
4.132777 3.616554
4.121697 3.650992
4.134490 3.632033
4.113701 3.658262
4.131958 3.634869
4.141196 3.623569
4.138952 3.640109
4.137038 3.649623
4.147335 3.662779
4.144107 3.624247
4.139672 3.646383
4.134462 3.633811
4.113152 3.599867
4.133129 3.628975
4.121411 3.644259
4.129976 3.625895
4.135424 3.627237
4.114628 3.665926
4.131593 3.628169
4.134081 3.646417
4.142748 3.624183
4.133159 3.629596
4.221427 3.020881
4.205149 3.032864
4.243674 2.989855
3.460293 2.785944
3.427373 2.770286
3.433682 2.773515
3.446108 2.780732
3.430773 2.771286
3.436428 2.773834
3.427505 2.767281
3.430028 2.770564
4.227357 3.011994
4.225559 3.012767
4.238986 3.009381
4.144972 3.122197
4.149028 3.123016
4.144968 3.120955
4.211532 3.038746
-3.270836 1.856164
-3.290384 1.872583
-3.262401 1.847757
-3.295218 1.901292
-3.291007 1.885057
-3.287045 1.871967
-3.316205 1.880859
-3.212958 1.809881
-3.598341 1.996190
-3.605346 1.999338
-3.626122 2.008714
-3.619490 2.009675
-3.641144 2.012199
-3.632591 2.010605
-3.623159 2.007799
-3.619275 2.007651
-3.615168 2.007548
-3.639258 2.010805
-3.622146 2.007752
-3.265589 1.893894
-3.328743 1.922530
-3.296116 1.864730
-3.181109 1.785098
-3.307154 1.835705
-3.309602 1.828891
-3.325510 1.896916
-3.264927 1.846277
-3.207056 1.791127
-3.348247 1.934931
-3.247892 1.848999
-3.269095 1.849274
-3.274063 1.866302
-3.274705 1.880621
-3.192772 1.918617
-3.255450 1.874288
-3.334711 1.875189
-3.235876 1.849071
-3.270116 1.964415
-3.249770 1.863082
-3.274863 1.860530
-3.318653 1.904915
-3.278744 1.872415
-3.328918 1.947804
-3.258551 1.881066
-3.271970 1.855701
-3.316534 1.926624
-3.318799 1.838679
-3.257815 1.859649
-3.279648 1.912567
-3.229660 1.831917
-3.265771 1.854920
-3.195701 1.760142
-3.280152 1.858657
-3.260556 1.883198
-3.224260 1.803384
-3.198490 1.793638
-3.287113 1.831713
-3.311309 1.901114
-3.301297 1.867208
-3.221654 1.815059
-3.209298 1.883294
-3.273272 1.851251
-3.309186 1.846299
-3.253696 1.808300
-3.267716 1.860264
-3.308375 1.926360
-3.279771 1.888781
-3.310357 1.835484
-3.279201 1.880109
-3.275166 1.860606
-3.261310 1.868405
-3.248303 1.861101
-3.308712 1.904202
-3.301759 1.867758
-3.269398 1.862843
-3.282180 1.885922
-3.271357 1.866424
-3.236247 1.806941
-3.261964 1.883485
-3.361433 1.812286
-3.255039 1.860506
-3.278367 1.881546
-3.250369 1.886059
-3.274779 1.850411
-3.282609 1.836235
-3.246986 1.838456
-3.261510 1.856934
-3.302915 1.891263
-3.238531 1.956600
-3.255480 1.858333
-3.311427 1.846058
-3.311378 1.938155
-3.296564 1.882708
-3.276881 1.864622
-3.265657 1.849418
-3.281065 1.856573
-3.236391 1.869344
-3.263536 1.851872
-3.212330 1.795943
-3.196049 1.828825
-3.274886 1.793812
-3.337764 1.808797
-3.279958 1.889636
-3.304292 1.895607
-3.266233 1.861352
-3.254555 1.854456
-3.259705 1.888468
-3.214629 1.787239
-3.339506 1.804479
-3.213783 1.955676
-3.256737 1.866851
-3.351985 1.804879
-3.231737 1.817482
-3.280270 1.886424
-3.296617 1.876486
-3.281536 2.064021
-3.308938 1.890148
-3.237528 1.826427
-3.285475 1.825654
-3.227318 1.821382
-3.275927 1.894454
-2.711655 1.821381
-3.356556 1.903018
-3.269955 1.877489
-3.253950 1.864318
-3.287373 1.871833
-3.243009 1.919058
-3.301980 1.911225
-3.264213 1.847550
-3.327633 1.797628
3.002850 1.994410
2.944821 1.944669
2.877449 1.907428
2.973835 1.967566
2.966618 1.945585
3.081921 2.062482
2.981228 1.952911
2.950595 1.931985
3.046422 2.017653
3.071118 2.036307
3.047269 2.015354
2.967243 1.968381
2.876256 1.859485
2.973131 1.952227
2.980403 1.966018
2.972054 1.962826
2.981382 1.986737
2.977859 1.961886
2.976340 1.958179
2.975822 1.963505
2.979009 1.958649
2.984409 1.964940
2.971958 1.963437
2.970006 1.929820
2.983320 1.953407
2.961661 1.943878
2.973820 1.951777
2.974709 1.961712
2.976958 1.960901
3.005400 1.937067
2.971651 1.958031
2.956813 1.942133
3.054870 1.834269
3.078427 1.787707
3.067502 1.815191
3.059178 1.827352
3.073385 1.804681
3.083425 1.785760
3.065482 1.816471
2.971653 1.950683
2.974727 1.959947
2.976175 1.954006
2.978507 1.955775
3.016772 1.994527
1.213756 2.112883
1.200684 2.100714
1.978010 -3.032342
1.923187 -3.110222
2.183181 -3.177043
1.755589 -3.020418
-0.693000 -3.040531
-1.011905 -3.230599
-1.017344 -3.240756
-1.008063 -3.227914
-1.021381 -3.244212
-1.021166 -3.240823
-0.955296 -3.309935
-1.026549 -3.247194
-1.041004 -3.241217
-1.019784 -3.250072
-1.033473 -3.236943
-1.106570 -3.271738
-1.033864 -3.240764
-1.030810 -3.241481
-1.012210 -3.232204
-1.025810 -3.246669
-1.048424 -3.264195
-1.021935 -3.241079
-1.018860 -3.234965
-1.016434 -3.627684
-1.065145 -3.658420
-1.092783 -3.664491
-1.095510 -3.684760
-1.113699 -3.686594
-1.159976 -3.672635
-1.105346 -3.694103
-1.104943 -3.694020
-1.109738 -3.686254
-0.892780 -3.776708
-0.869429 -3.733225
-0.892583 -3.785649
-0.925425 -3.821014
-0.902151 -3.789382
-0.918809 -3.787925
-0.887665 -3.789120
-0.872788 -3.743381
-0.908087 -3.793659
-0.875605 -3.725061
-0.905382 -3.783145
-0.893924 -3.802886
-1.159773 -3.799743
-1.170990 -3.815804
-1.170349 -3.816434
-1.173311 -3.820083
-1.178363 -3.826968
-1.175271 -3.826268
-1.170063 -3.815644
-1.170185 -3.816689
-1.175232 -3.816625
-0.813278 -3.421056
-0.855822 -3.670373
-0.853158 -3.686594
-0.853421 -3.674969
-0.854123 -3.674414
-0.859453 -3.692026
-0.862881 -3.688998
-0.857283 -3.677634
-0.812664 -3.458774
-0.811751 -3.469035
-0.870193 -3.396388
-0.881194 -3.383338
-0.881174 -3.382210
-0.886372 -3.378480
-0.711215 -3.034997
-0.718063 -3.035297
-0.705968 -3.036366
-0.880567 -2.872927
-0.684473 -3.001851
-0.712569 -3.041922
-0.318800 -3.251374
-0.276657 -2.797348
-0.735402 -3.061946
-0.704757 -3.030706
-0.704686 -3.029239
-1.512172 1.617110
-1.990504 1.839444
-1.997148 1.851464
-1.985706 1.860661
-1.973728 1.851163
-1.979919 1.850332
-2.044616 0.012558
-2.048226 2.085929
-1.973821 1.861030
-2.014067 1.903908
-1.969607 1.845037
-1.969146 1.856453
-2.617950 1.857367
-1.967220 1.855630
-2.074778 2.204840
-1.970085 1.846559
-1.965671 1.849807
-1.976602 1.845453
-1.987319 1.858821
-1.972391 1.849346
-1.960417 1.849415
-2.025330 1.851914
-2.004952 1.873597
-1.964093 1.820318
-1.989433 1.868805
-0.968468 1.589116
-1.948806 1.851591
-1.972103 1.850589
-1.995054 2.182816
-1.948737 1.848130
-2.042763 0.001258
1.962163 -3.036978
4.740675 -0.032212
1.114140 1.097814
1.512320 -2.698847
0.855097 -2.408288
1.991861 -3.011131
-1.886672 1.950870
-1.577687 2.218386
-1.559877 2.218173
-0.407653 2.622353
-0.919626 0.608067
-0.893836 0.612285
-0.667104 0.490298
-0.908162 0.607222
-0.494452 -0.517799
-1.315318 1.083793
-0.124189 0.209073
-0.781186 0.378536
-0.790935 0.447948
-1.513563 1.585141
-1.098957 -0.341440
-0.593329 0.503601
2.293927 2.377402
2.297653 2.383941
-0.661792 2.845691
-0.665040 2.838805
-0.748058 0.097487
-0.557512 2.393189
-0.563786 2.386241
-0.568846 2.388462
-0.553704 2.402215
-1.569244 2.549660
4.666173 0.385931
-1.934929 2.826555
-1.560119 2.553129
3.051218 -2.111125
-1.777700 -1.732213
-1.782173 -1.730196
-0.833695 1.595805
-0.822697 0.498168
-1.685473 -1.274088
0.734694 0.370251
1.167834 -0.068631
-1.133069 1.657038
-0.887008 2.346607
0.742058 0.374660
0.781584 0.390697
2.238958 2.303701
2.241496 2.306593
-1.460914 1.036457
-1.434750 0.949050
-1.379057 0.950875
-1.681739 -1.271250
-0.643277 2.830230
-0.608524 2.916937
-3.316747 -0.763998
-1.377716 -0.178460
-1.061871 -0.070662
-0.244053 1.996031
-1.554037 2.210248
-3.340356 1.799150
-0.891030 1.581845
-0.822321 1.609713
-2.375113 3.277036
2.257189 2.631111
-0.342696 1.251522
-2.332358 3.213719
-2.370856 3.281875
-0.414308 1.370808
-1.824457 3.232390
-1.841036 3.258324
-1.824575 3.232122
-2.185049 2.325766
-1.149678 0.101845
-1.172999 0.102660
-1.299532 1.267345
-1.117082 1.492694
-1.124336 1.487230
-2.055133 -0.018944
-0.500569 2.209536
-1.007176 1.537369
2.285868 -3.486803
-1.444638 -1.074130
-2.300200 2.449006
-2.315978 2.460572
-2.325202 2.460699
0.752090 0.373188
0.753871 0.370265
-2.376607 3.299502
-3.934551 -2.553149
-3.935680 -2.573701
2.493191 2.709714
2.499793 2.725488
-0.459050 -0.067313
-3.070865 3.363942
-3.068012 3.360407
-0.779989 0.238158
-0.522385 0.136022
-1.678087 -1.266504
-0.356982 -0.139819
0.860490 -2.416292
0.707035 -2.297699
0.884410 -2.438682
-0.168634 0.907590
-0.102414 0.177604
-1.575088 1.325565
-2.683858 1.132370
2.274595 -3.467664
2.280727 -3.476787
-2.296486 3.140841
2.221049 -3.205930
-2.324346 3.133412
-3.688446 -2.220211
-2.560503 2.770447
-2.526424 2.719290
2.319074 2.514897
-1.505235 1.603454
-2.067820 -0.071930
0.461193 1.093519
-2.896736 3.234610
-2.872272 3.221046
-1.680166 -1.269428
-0.795888 0.443305
-2.921057 3.244519
-2.901189 3.232740
2.437575 2.624126
-3.920547 -1.312637
-1.125789 -0.580231
-0.583128 2.394743
-0.676903 2.126079
-1.512670 -1.141250
-1.492605 -1.127272
-3.185837 3.453180
4.728199 0.010553
-2.051138 0.004729
4.653253 0.474662
-0.573801 0.526791
-3.900775 -1.327688
-0.606133 0.066201
-2.314989 3.154550
-1.093624 -0.091955
-1.106475 -0.120920
-0.811504 1.096555
-1.720199 -1.289356
-2.379879 3.296093
-1.120564 1.555120
0.737922 0.368880
-2.284369 3.125217
2.129026 -3.133208
-1.818564 -1.793726
-3.924989 -2.481524
-3.933520 -2.494997
2.449159 2.609603
-1.854506 1.583048
4.541985 -3.770415
-1.496027 1.607788
-1.483975 1.579473
-1.677090 -1.270227
-3.443539 -0.975194
-0.982378 -0.033222
-0.893967 2.320663
0.532638 0.373886
2.270182 2.341120
-0.584491 0.095435
2.443060 2.614796
-0.598735 2.901819
5.074317 -0.221152
-1.388212 -0.207400
-0.259519 1.970726
2.288526 -3.486869
-0.878035 2.212595
-3.097582 3.382933
-3.106330 3.388351
-1.815791 -0.308801
-1.790527 -1.571326
0.363904 0.362240
-1.509566 1.624510
2.315915 2.585786
-1.001478 -0.771065
-1.542263 1.609501
-5.202902 1.824423
-5.206992 1.842226
-0.571622 2.919409
-1.158364 0.085941
-0.901420 -0.126848
-1.290087 1.265536
-2.070316 -0.064054
-2.697676 0.483263
1.949079 -3.075778
-1.672442 -1.262393
2.465770 2.614713
2.440856 2.611457
-2.374614 3.291111
1.799815 2.832149
1.782826 2.800310
-0.893620 0.792139
-1.183874 -3.305334
-0.460246 0.012454
-1.439112 0.943315
-1.798967 0.523324
-1.814123 0.517332
-1.783408 0.536477
0.924532 -2.431829
-0.085294 0.180415
-0.302507 -0.194359
-2.444484 2.570475
-1.634611 1.303921
1.974629 -3.026325
-0.496842 0.024083
1.730029 -3.017600
-1.176810 -0.075215
-1.143335 -0.071496
-0.887768 -2.876003
-0.672533 2.164119
-1.479601 1.729515
-2.317731 3.161781
-3.677435 -2.213973
-3.624608 -2.115169
-3.684499 -2.219490
-3.705383 -2.239682
-3.685424 -2.218097
-3.684948 -2.217637
-3.655544 -2.200286
-3.800933 -2.348283
-3.685656 -2.218482
-3.689093 -2.223610
-2.070354 -0.033174
-2.074875 -0.048741
-1.796073 -1.721718
-1.780017 -1.739944
-1.123558 0.463604
-5.206744 1.847871
-0.653538 2.829189
-0.239861 0.679860
-1.463581 1.671482
-0.999429 -2.758216
-4.075089 -1.396190
-4.093801 -1.404542
-1.115600 1.500512
-0.527272 0.551609
1.935738 -3.102378
-0.913711 -0.158910
-0.997408 -2.758064
-4.096198 -1.406135
-0.488331 2.594545
-1.502927 1.598935
0.789015 -2.319196
-0.313215 1.348533
-0.305460 1.343061
2.999603 1.997941
-1.178625 0.482287
-1.145180 1.995284
-0.335298 1.365386
2.164128 2.720352
2.193213 2.719326
2.336758 2.427480
2.298979 2.389021
-1.774446 1.279381
-1.761050 1.258958
-0.584573 2.905687
-0.579136 2.915928
-3.659293 -2.205885
-2.023070 0.156686
4.437263 -0.237034
-1.649396 0.652096
-2.877700 3.211116
-1.508504 -0.244115
-1.502177 -0.252303
-1.779757 1.276584
-1.765983 1.278217
-3.945509 -1.417034
-3.950981 -1.427725
-0.594543 2.397393
-0.191932 2.212469
-0.338906 -1.084744
-0.589253 2.389642
-4.810875 -0.736577
-4.798667 -0.755202
-0.938445 1.627301
-0.944605 1.629329
-1.864968 2.575512
-3.584237 -1.076490
-3.584757 -1.073713
-1.797695 0.858682
-1.797911 0.856406
-0.315273 -1.114034
-0.427076 0.296132
-3.604917 -1.087889
-3.620649 -1.092521
-0.556636 2.399921
-1.634871 1.315266
-1.647899 1.317502
-0.423338 2.549411
-0.262958 2.707414
-0.426010 2.594277
0.036013 2.648676
-0.315900 2.623505
-0.697405 2.335087
-0.352819 2.588858
-1.990908 1.851908
-1.997405 1.853117
-0.346931 -0.962197
-0.324061 -0.896773
-0.262214 -1.107632
-3.275089 1.914997
-0.651574 2.830463
-1.822301 -1.804695
-1.834348 -1.821792
-3.797550 -2.343997
-3.797628 -2.344121
-4.035234 -2.561638
-4.040795 -2.547516
-0.569238 1.248060
-0.709681 1.169587
-0.411491 1.349107
-0.385390 1.354861
-0.399888 1.321246
-4.055848 -2.575117
-2.435497 0.218186
-2.435453 0.214513
-2.460779 0.204897
-4.057648 -2.575909
-4.053350 -2.573686
-2.461302 0.199635
-0.262573 0.688963
-0.282491 0.675797
-4.071005 -2.588811
0.367700 0.356664
-1.504716 1.096902
-1.729373 -1.293586
-2.656566 1.663841
3.059781 -2.118579
-0.344425 1.359266
-0.075951 2.896658
-1.633492 1.315022
-1.652581 1.307664
-0.640429 2.831895
-1.760300 -1.751687
-1.747378 -1.757293
2.445465 2.599433
-1.012581 0.687579
-1.011786 0.686236
4.565388 -3.763511
4.567052 -3.761347
2.308974 2.502303
-1.548018 -0.257553
-1.565347 -0.263969
-1.494529 1.621905
-1.492342 1.118158
-3.913554 -1.354133
-1.514386 1.633876
-1.531188 1.640908
-3.917002 -1.324001
-3.911462 -1.320570
-0.254415 1.976033
-3.646835 -2.196121
-3.346858 1.788839
0.894448 1.090793
-3.705972 -1.173858
-3.581285 -1.072227
-2.452006 3.459323
-2.450690 3.470459
-2.448448 3.462204
0.737108 0.376535
-3.927021 -1.429541
-2.452036 3.461912
-2.457751 3.464514
-0.997909 0.680132
-0.296059 1.202560
-2.441192 3.458714
-2.443833 3.472524
-2.453583 3.466500
-2.658284 1.663022
-2.446279 3.465202
-5.203210 1.829325
-1.704129 2.100454
0.907067 0.964660
1.112603 -0.208044
1.123304 -0.222687
-0.806634 0.279652
-0.006778 -2.383301
-2.941576 3.251665
-1.802134 1.270538
-1.818264 1.254862
-1.821509 1.260794
-1.828804 1.275831
1.644229 -2.800208
-1.173269 0.907583
-3.367814 1.777101
-2.324762 2.475502
2.446749 2.608462
-3.928784 -1.307037
-0.671141 2.849408
-0.659995 2.827291
-0.310182 2.640538
-2.803888 1.823012
-2.816414 1.815842
-0.383588 1.365096
-0.786611 0.252332
-3.171984 2.018339
2.268299 2.338925
-0.775719 0.222203
-0.734305 0.420083
-3.641541 -2.187390
-2.879691 3.231389
-4.708754 -0.912255
-4.688748 -0.909853
-1.730828 1.035944
-1.875321 0.982481
-3.925452 -2.479162
-2.627869 1.180642
-0.419190 1.370940
-0.448457 1.382356
-0.836511 0.499110
-0.054521 -3.427409
-0.991535 -2.769192
-1.995089 0.984551
-2.025666 0.990924
-0.129113 0.936744
0.575743 0.368234
-2.032584 1.927956
-2.022984 1.913936
-3.285733 2.103108
-3.290463 2.079803
-3.286965 2.069489
1.530397 -2.723634
1.516070 -2.710703
1.525823 -2.715636
-0.279029 1.961448
-0.262357 1.962497
-1.936702 2.830803
-0.643447 2.839496
-0.195847 2.227810
-0.923693 -0.110338
-0.059781 2.906124
-0.043506 2.922261
-1.448656 0.919504
-0.413462 1.680845
-2.875247 3.229241
-2.881881 3.225447
-2.892572 3.229505
-2.880702 3.239417
-2.884801 3.231022
-2.880399 3.227290
-2.876582 3.227366
-2.877161 3.224418
-2.891459 3.226980
-2.886438 3.226655
-2.336143 3.031125
-2.875203 3.222296
-2.871946 3.220923
-2.882247 3.227519
-2.871725 3.218905
-2.875059 3.221393
-2.884057 3.229502
-2.875783 3.226031
-2.876310 3.224177
-2.879369 3.221838
-2.056612 2.100618
-2.044269 0.012404
-2.021759 0.029586
-2.059895 0.023841
-2.044200 0.011303
-2.046929 0.007299
-2.044947 0.007535
-2.043347 -0.000649
-2.062585 -0.022900
-2.048445 0.006333
-2.047711 0.003807
-2.058285 0.027837
-2.048523 -0.019825
-2.046436 -0.029259
-2.041570 0.013051
-0.781779 2.274213
-1.827309 2.390769
-1.829668 2.389584
-1.799666 0.890593
-0.589326 0.515712
-3.227678 3.483960
-3.213376 3.473135
2.314891 2.500981
2.525522 2.682082
2.765731 0.129621
-1.707132 2.265942
-1.770013 -1.735373
-1.762245 -1.726956
-1.757967 1.015432
-1.568765 1.449282
1.406356 1.991229
-1.678701 0.641297
0.930819 1.092195
0.743145 -2.046975
-2.314837 -0.384350
-1.562559 1.317929
-1.570111 1.328404
-3.318542 0.579418
1.807938 2.803352
1.801090 2.809740
1.177526 2.810996
2.438767 2.620913
2.438651 2.614303
2.436714 2.609905
2.443855 2.624198
2.465342 2.604311
2.447497 2.621003
2.442912 2.618171
2.468866 2.643507
-1.760388 1.282430
-4.093428 -1.404812
1.297024 1.983876
-0.289134 1.462268
-0.300794 1.458988
-0.290522 1.476416
-1.562479 1.758461
-1.536759 1.688268
-1.541583 1.696994
-0.934728 1.636736
-0.937956 1.635728
0.827513 0.401852
0.848830 0.422290
-0.065262 2.905476
-0.032921 2.949464
-0.049477 2.922619
-3.413544 -0.945414
-1.159152 0.107273
-2.200791 0.381611
-2.198903 0.387290
-1.506176 1.612710
-2.461854 2.573858
-2.459409 2.577945
-2.378234 2.517915
-2.457150 2.578292
-2.466631 2.565995
2.540341 2.668823
2.546871 2.669027
2.562482 2.693635
2.542910 2.677616
-1.955092 0.986100
1.061482 -0.206131
-1.958610 0.988237
-1.297235 1.266198
-3.329408 0.584260
-1.512644 -1.148293
1.067751 -0.526172
-0.248532 1.992715
-1.799063 0.857949
2.448862 2.605258
1.420507 1.994105
1.418317 1.994633
-0.580843 2.392018
-0.592526 2.388237
-4.806178 -0.744305
-3.128903 -4.096327
-1.518415 -0.251991
-0.634951 0.055632
-2.459391 0.208083
-2.445915 0.208660
-2.679348 1.144683
-0.652129 2.820727
-3.951659 -1.422681
1.138104 -0.248233
-1.264308 0.769522
-1.427022 1.689248
-1.792639 -1.732502
-1.793190 0.859678
-1.480700 1.736410
-3.996496 -1.365132
2.540121 2.695963
-4.677746 -0.916188
1.804959 2.833270
1.796259 2.838932
-0.636929 2.832494
2.450767 2.610165
2.438589 2.603190
2.228807 2.640217
-1.691492 0.640221
-3.196476 3.462330
-0.896525 -2.878670
-1.200381 -3.311214
-1.182751 -3.301424
-0.251871 1.968764
-0.249920 1.981799
-0.254452 1.968581
-0.254789 1.973545
-0.253301 1.972679
-1.776818 1.279473
-3.949177 -2.578161
-3.270971 1.829973
-3.329636 1.893199
-0.663630 2.839645
-0.642669 2.847987
-0.619566 2.840347
-0.643447 2.833661
-0.648017 2.838815
-0.635180 2.853841
-0.650873 2.831920
-0.618396 2.862941
-0.614750 2.900912
-0.639310 2.843517
-0.644901 2.843341
-0.644991 2.834132
5.212430 -0.307983
5.268153 -0.336470
-1.848237 1.489972
-1.856966 1.530047
-3.956579 -1.428687
-0.410971 2.624598
-3.059658 3.356089
-3.062690 3.357821
-1.709895 0.829715
-4.076506 -2.593905
-0.294313 2.627375
-3.675797 -2.211576
-4.107555 -1.402513
5.277991 -0.343226
-1.434471 1.647741
-1.444029 1.637626
-3.924732 -2.488003
-1.756947 0.599060
-1.991372 0.331761
-2.010759 0.335427
-1.673086 0.641944
-2.696904 0.484857
-1.138645 -0.144088
-0.038244 2.927876
-0.638816 2.842390
1.301881 1.081808
-0.640007 2.836682
0.794250 4.048080
-0.901244 0.476271
-0.868299 2.340276
-0.290829 -2.821261
-0.270793 -2.821405
1.175701 -0.059208
-1.802048 0.904709
-3.910484 -2.478685
-3.921078 -2.484220
-3.925389 -2.476344
-3.926294 -2.488413
-3.926352 -2.490973
-3.928459 -2.483448
-3.919150 -2.483643
0.738502 0.368642
-0.483104 2.602373
0.954713 1.088867
2.777822 2.511781
-1.694691 3.111896
-3.915555 -2.498493
-2.052440 1.860835
-1.510899 -0.254577
0.254874 2.502761
0.256493 2.508240
-3.596131 -1.076933
-3.597836 -1.076228
-1.511403 -1.148110
-1.514956 -1.147532
-1.517084 -1.148967
-2.881216 3.237060
-3.245972 1.842315
-1.244878 0.767377
1.960968 -3.043812
-0.035041 2.950843
1.585864 -0.088668
0.867374 2.796867
0.843509 2.804281
0.857833 2.805478
0.860816 2.809041
-2.450928 3.459998
-1.639211 -0.240461
2.306591 -3.513639
-1.563489 2.218863
1.297325 1.083836
-3.954707 -2.577373
-3.966430 -2.576355
-0.706039 -3.032876
0.955240 1.087327
2.422332 2.588533
-1.005667 -2.752435
-0.998192 -2.758021
-0.999167 -2.748863
-0.418787 1.348271
-3.119156 -4.051995
-3.119381 -4.050149
-0.503333 0.567770
0.331094 0.359842
0.341378 0.354836
-1.561950 1.776288
-3.950519 -1.419406
-3.950175 -1.424109
-2.647657 1.655683
-2.668383 1.664336
-2.656734 1.673821
-2.642165 1.669664
-1.509619 1.608675
-1.479188 1.761393
-2.456412 2.573083
-3.962893 -1.443607
-1.984537 0.666696
-1.980225 0.662931
-0.415426 -0.043681
-0.885842 2.342325
-0.886630 2.345719
-1.857285 -1.857347
-1.966988 0.988513
-1.966222 0.992114
-1.791066 -1.740178
-1.791131 -1.727565
-1.509548 1.664423
-1.824857 2.388990
-1.842511 2.371650
0.931707 -2.393578
0.991105 -2.485412
0.959980 -2.451531
0.883682 -2.400382
1.011228 -2.499142
0.523466 1.184014
2.563690 2.713677
-3.189044 3.453065
-0.644913 2.829929
-0.747560 0.065523
-0.702381 -3.042133
-0.293332 -0.207351
-0.289419 -0.208202
-1.585240 1.343706
-1.564790 1.332849
-1.597653 1.328514
-1.202173 -0.089917
-3.203434 3.466697
-1.480453 1.734282
-1.495962 1.744584
-1.475244 1.728194
-1.471618 1.726342
2.464417 2.603579
0.981985 1.086957
-1.503394 1.623899
-2.302770 3.136953
-2.556449 -0.828555
-0.582054 2.909244
-1.256383 -2.424456
-1.257513 -2.425211
-1.568381 2.229651
-1.567925 2.234313
-1.693839 2.122789
-1.936087 2.818877
0.279195 -3.607644
0.281931 -3.617240
0.289280 -3.617137
-1.549857 1.753280
-0.689949 -0.622795
-1.796316 0.866482
-1.824280 0.505577
-0.064017 -2.474461
-0.491813 2.573537
-0.646564 2.834723
-1.872507 2.570548
-2.396021 3.088258
-1.506142 -1.142822
-0.042101 2.929317
-0.692396 -0.640307
-3.912243 -2.479462
-0.171067 0.907148
-0.567321 2.365038
-0.558123 2.394099
-0.566054 2.385269
-0.562552 2.390461
4.648980 0.526280
4.755013 -0.160343
-1.640827 1.305471
-1.145159 -0.608822
-1.110891 -0.593134
-1.108518 -0.600588
-1.111484 -0.604882
-1.129615 -0.612375
-1.108675 -0.604921
-1.101635 -0.617768
-1.101076 -0.598167
2.765736 2.508751
2.782742 2.496288
-0.578537 0.486563
-0.595280 0.498691
-0.580078 0.499819
-0.543041 0.488847
-1.559086 2.560468
-1.785195 -1.738891
-1.771086 -1.728783
-0.551676 0.116209
-1.859029 1.549529
-1.852672 1.525515
-1.849496 1.564373
-1.839816 1.535507
-1.845557 3.264096
-1.170065 0.077022
-1.160211 0.090602
2.698607 0.064648
2.768616 0.131003
2.743011 0.106176
2.788691 0.152317
2.767674 0.133061
2.764513 0.102432
2.751868 0.130108
2.770284 0.133191
-0.385158 -0.073755
-0.599427 0.112782
-0.945399 -0.041746
-2.068881 2.199656
-2.068239 2.193153
-2.077276 2.202843
-2.079070 2.186404
-2.077041 2.203745
-2.072614 2.188479
-2.067311 2.198611
-2.065474 2.194734
-2.032387 2.192195
-2.078303 2.165359
-2.059477 2.224722
-2.029105 2.185619
-2.073857 2.200325
-2.684261 0.491342
-2.683137 0.492182
-2.673380 0.501751
-1.372200 -1.007285
2.312921 -3.517814
2.312702 -3.512748
-2.330173 2.481803
-2.331263 2.470839
-2.319693 2.463405
-2.318244 2.467555
-0.893660 0.790608
-0.262907 1.970654
-3.931814 -2.566933
2.510296 2.741642
2.486148 2.720821
2.503129 2.718509
-0.446231 -0.106078
-0.450532 -0.083823
-0.440263 -0.090180
-0.458902 -0.081733
-0.444806 -0.100935
-0.504972 0.195201
-0.714150 0.233824
-0.547542 0.136046
-1.729361 -1.294355
2.803550 0.168816
-0.603098 2.923975
-0.985004 -0.787934
2.252852 2.631488
2.242156 2.644578
2.275159 2.623361
-2.703950 0.471251
-0.152045 0.922428
-1.160601 1.603980
-1.159674 1.608340
-1.159588 1.595756
0.755245 0.365232
0.743075 0.362797
0.741786 0.369153
0.741783 0.369171
0.746983 0.356361
2.229049 2.288042
2.235842 2.305490
2.785311 2.497571
2.775575 2.505182
-3.200782 3.465113
-2.825152 0.353444
-0.855883 -0.884750
-1.576018 2.214249
-1.579240 2.219100
2.039596 -3.100390
-3.116573 3.395409
-0.717146 0.203634
-0.768100 0.200591
-0.814475 1.606691
1.233891 1.943333
0.850274 -2.433410
0.853420 -2.408170
0.883421 -2.450111
0.879649 -2.417086
0.876729 -2.428239
0.878883 -2.431141
0.897963 -2.418540
0.881314 -2.435773
0.896569 -2.450598
0.885201 -2.429949
0.880290 -2.452898
0.497401 1.095637
-0.147286 0.917262
-0.465461 -0.096818
-1.191332 0.062302
-0.090473 0.194984
-0.110653 0.210480
-0.107376 0.205986
-0.087171 0.207012
-0.104750 0.208370
-0.097090 0.218503
-0.099231 0.223039
-0.108649 0.208849
-0.095001 0.201797
-0.102271 0.211484
-0.109667 0.211450
-0.110183 0.197584
-0.076414 0.220919
-0.119502 0.204007
-0.091127 0.198521
-0.109257 0.212364
-0.109910 0.212257
-0.787610 0.104036
2.271149 2.346833
-1.436915 0.952611
-1.998957 2.172880
2.316708 -3.518999
2.319108 -3.518855
-2.036486 0.315118
-1.100252 1.504092
-1.098285 1.493014
