347 2
-0.566198 1.185776
2.885070 -1.246724
-0.451803 -0.013187
-4.316061 -1.577949
-0.666191 1.210661
3.579125 -1.151420
-1.102547 0.960258
2.049396 -0.121987
-0.714620 0.263247
-0.831734 0.590428
0.690250 0.087680
0.249841 -0.117096
-1.407903 0.109951
2.871646 -1.364431
0.862485 0.497009
-1.565044 0.497081
2.691385 -1.414050
-0.140563 -0.557427
2.535053 -1.412562
2.873653 -1.372850
-0.674901 0.152375
-1.142632 1.047621
1.213904 -0.751094
-0.474913 1.754915
-0.558031 0.325510
-0.976965 -0.037095
-0.989654 0.978249
2.808599 -1.384921
-1.318967 0.057111
-0.587256 0.923043
-0.374989 0.291870
2.914220 -1.634535
2.304364 2.004684
-0.294245 1.995455
1.388870 -1.510542
0.141368 1.031046
0.443866 -0.237801
-0.900236 0.854345
-0.652229 0.279030
-0.833543 0.143411
2.827168 -1.412342
2.305125 2.004770
0.488226 -0.409548
2.726599 -1.326611
-0.584754 0.368070
1.428353 -1.410881
-1.905911 0.977734
-0.643862 1.192669
2.559476 -2.071361
-1.433691 0.521240
0.033441 -0.060919
2.594419 -1.992989
-0.573000 1.551852
-0.679248 1.215129
-1.047679 0.001532
-1.062157 0.293083
-0.409860 1.489514
-1.630704 1.466979
-1.424977 -0.076946
-1.099025 0.592377
1.503756 -0.511119
-0.763575 -0.191269
-1.521743 0.001236
-1.524926 1.492256
-1.550448 0.279763
-0.777177 0.060646
-1.020359 0.238933
1.418587 -1.482524
-0.565186 -0.025063
1.638113 -0.873284
1.575292 -0.854222
-0.671701 -0.114521
-0.611111 1.165012
0.926779 -0.742023
-0.444966 0.095027
-1.854356 0.269587
-1.220979 0.800060
-4.340707 -1.601963
-0.644635 0.153253
-0.381923 1.601454
-1.924254 1.444487
-1.478972 -0.011371
0.009448 -0.081642
-0.169126 -0.062582
-0.357714 -0.011953
1.523593 -1.418266
-1.045390 1.017697
-0.575152 0.992210
3.554382 -1.162559
-1.476527 -2.955523
2.054997 -0.134290
-0.447389 1.712193
2.891332 -1.577623
-0.416437 1.776268
3.560596 -1.161139
-0.473012 -0.179220
1.727759 -0.970829
-1.082002 -0.157379
1.412158 -1.443188
-1.408011 1.508973
-0.483193 1.760991
1.396719 -1.466958
-1.343536 0.479538
-0.989596 0.037426
-0.459064 0.209701
-0.790090 0.786633
-1.661860 1.478535
0.089465 0.934981
-1.276516 0.413572
2.089100 -0.096805
2.795992 -1.475608
2.473705 -1.523084
-0.936794 0.290740
0.291313 -0.140983
2.705714 -1.271215
2.710085 -1.284313
-1.113757 0.833583
-1.366097 -0.139157
-1.146785 0.522588
-0.887160 0.631562
-0.753951 0.453988
-0.555933 0.393094
-1.006849 -0.266466
1.123096 -0.738173
-1.051069 0.628581
-0.682197 1.205281
0.113126 1.059019
-1.339819 0.307790
-1.041692 1.038482
-0.591909 1.118109
1.464366 -1.519958
-0.890881 0.733135
-0.538725 -0.050468
-1.213675 0.042236
0.104641 1.034772
-1.070768 0.764888
2.830043 -1.517207
2.534214 -1.434504
0.094986 1.068942
2.765972 -1.387211
-0.665661 0.058726
-0.914273 0.227718
1.448576 -1.453773
2.676486 -1.339543
-1.478615 -2.960167
-1.265532 0.830589
3.562842 -1.160908
-1.413460 0.306552
2.848801 -1.346170
-1.362617 1.433083
2.893644 -1.358667
-4.252298 -1.523911
-0.719429 -0.303063
3.576695 -1.145802
1.225764 -0.826041
-0.258512 0.228589
1.116163 -0.789813
-0.878826 0.813079
0.002718 0.922186
-0.915279 1.304182
-1.264248 0.348754
2.663166 -1.376721
-1.187295 1.627675
-1.134681 1.192307
-0.717975 -0.060892
-0.033835 1.995243
2.920774 -1.606290
-1.028839 1.064931
-0.873397 0.440255
-0.952758 0.026427
-1.563985 1.500829
-1.465315 0.091838
-0.156669 1.937646
2.466110 -1.493255
1.436576 -1.404213
-1.151368 0.238497
1.472705 -1.422984
-0.707725 0.917960
-1.478687 -2.960025
-0.514772 1.745100
-4.315682 -1.577898
1.778393 -0.990094
-0.693164 -0.372960
-0.000034 1.029991
-0.936733 0.153756
-0.889295 0.346911
-0.491677 1.753310
-0.674012 0.064621
-1.438916 1.484917
0.618892 -0.526169
-0.572472 1.467651
2.586989 -1.991732
2.005825 -0.186319
-0.481696 1.742753
-4.329197 -1.590510
-0.567480 1.741238
0.089995 0.977848
0.026364 2.038113
-1.268750 -0.011916
-0.835352 0.042120
2.115859 -0.086915
-0.128899 1.846034
-1.314194 0.298023
-0.430904 1.677436
2.586795 -2.004745
-0.872325 1.232266
-1.004147 0.497130
-0.849128 0.660766
0.549273 0.303955
0.289537 -0.029714
-1.472724 0.112812
-0.917179 -0.198486
-0.825220 0.974672
2.684661 -1.393875
0.631995 -0.089483
2.752502 -1.580315
-1.433933 1.477502
-4.332844 -1.594069
3.568459 -1.155435
2.723722 -1.174556
-0.764022 0.314488
-1.351382 -0.122796
-1.237365 -0.024619
-0.687139 -0.006726
1.419585 -1.497449
2.841421 -1.281945
1.499232 -1.385064
-0.481971 -0.177463
-1.355933 0.604720
1.692633 -0.908786
-0.963767 0.752147
-0.772850 -0.136069
0.916391 -1.456753
-1.913521 -0.270711
-0.350224 0.653635
-0.613272 0.238120
0.015636 -0.095684
-1.594442 -0.141378
-0.919445 -0.057014
0.235803 -0.614899
2.547496 -2.104134
-0.510423 1.613172
2.855736 -1.603982
1.886322 0.054108
1.894683 -0.166524
-1.162719 0.890306
-0.235767 0.091348
-0.923027 0.553047
-0.514231 1.723879
-1.283832 -0.200169
0.044213 0.973515
-1.203916 0.090308
1.745998 -0.978170
-0.580576 1.803427
2.552221 -2.094456
0.907459 -1.455933
-0.557857 0.357453
-0.314650 0.124692
2.074096 -0.101971
-0.844743 1.285131
-1.422961 -0.138112
2.809551 -1.223547
1.413609 -1.448237
2.128994 -0.066304
-1.380729 0.010977
-0.433018 1.765845
1.227088 -0.767053
-1.575592 -0.080994
-1.566338 1.387646
-1.797150 0.285265
-1.128608 0.054126
-0.540669 0.458447
-4.341051 -1.602256
-0.462976 0.015068
-4.344936 -1.606102
-0.740471 -0.229429
-0.977065 0.396261
1.449941 -1.411721
2.826810 -1.715078
-0.455900 0.215182
0.098672 0.936951
1.896859 0.042261
-0.445249 -0.066077
0.095592 0.932812
-1.084262 0.560354
-1.974786 1.448889
0.232298 -0.288585
-0.746797 0.679974
2.636844 -1.455484
-0.500825 0.053445
-0.867317 0.671759
0.549365 0.163578
2.453114 -1.505542
-1.491409 0.815839
-0.630426 -0.118783
1.396710 -1.440249
-0.961604 0.136496
-1.121629 -0.219822
-0.572024 1.683639
-0.334893 1.534991
-1.836286 0.928044
-0.547992 1.698871
-0.649507 0.573259
-0.839182 0.300609
2.706737 -1.326686
-4.314231 -1.576047
1.589658 -0.864223
-1.133484 0.691194
0.231498 0.984205
2.905169 -1.538755
-1.089953 0.387191
2.800382 -1.255642
-1.306413 -0.050765
-1.495980 0.052195
-0.777046 0.717465
-0.953339 1.173109
-0.763869 1.037253
-1.063417 -0.245243
3.541309 -1.167760
0.037983 1.157264
1.402834 -1.540077
-0.724582 0.510731
-0.632636 0.204559
-1.292535 0.623336
-1.346703 0.096084
2.791824 -1.350548
3.560738 -1.160698
-4.311353 -1.572977
-0.653474 0.980511
-0.465745 1.660163
-1.436942 0.504218
-0.988671 0.610848
2.840551 -1.284454
-1.037511 0.419568
0.362782 -0.437640
-0.365669 0.771514
2.888280 -1.559958
-0.536975 -0.201735
-1.183410 0.830160
-1.152566 0.945009
-0.647246 0.240800
-1.372356 0.112202
2.739300 -1.354457
-0.883317 -0.142322
-0.618522 0.629317
-0.315818 1.615969
-1.168250 1.085400
