289 2
-2.569232 0.734858
-2.547627 0.610013
-2.541955 0.453503
-2.466155 0.270147
-2.326447 -0.070660
-2.238030 -0.224969
-2.050493 -0.501390
-1.899671 -0.780155
-1.738153 -1.104921
-1.557465 -1.340114
-1.350370 -1.647850
-1.276540 -1.784100
-1.138758 -2.005520
-1.011328 -2.192616
-0.851374 -2.450443
-0.751576 -2.564007
-0.708320 -2.619610
-2.509052 0.777738
-2.482112 0.697996
-2.471044 0.469274
-2.369380 0.232904
-2.287971 0.037455
-2.130038 -0.202561
-1.977355 -0.470744
-1.825472 -0.758032
-1.683688 -1.002401
-1.546235 -1.219743
-1.296312 -1.587906
-1.207366 -1.801577
-1.067393 -1.974664
-0.892584 -2.164568
-0.815766 -2.430103
-0.704166 -2.535159
-0.668597 -2.580075
-2.353634 0.893383
-2.346082 0.779056
-2.297022 0.637769
-2.149387 0.400065
-2.065071 0.215006
-1.913812 -0.182327
-1.847176 -0.389283
-1.671724 -0.695466
-1.495677 -0.914407
-1.347748 -1.151999
-1.168693 -1.387922
-0.972823 -1.609265
-0.841834 -1.861189
-0.734709 -2.097339
-0.589733 -2.281372
-0.452520 -2.413108
-0.381315 -2.446648
-2.253775 0.969395
-2.208821 0.890558
-2.110066 0.767764
-1.988556 0.469081
-1.926839 0.253493
-1.817510 -0.105504
-1.706213 -0.261614
-1.482799 -0.604760
-1.364581 -0.797108
-1.165160 -0.989468
-0.958268 -1.324861
-0.842361 -1.586896
-0.740473 -1.757731
-0.541585 -2.016014
-0.387491 -2.185271
-0.320383 -2.312023
-0.278121 -2.371231
-2.004534 1.104724
-1.943704 1.060007
-1.942026 0.825037
-1.796383 0.612551
-1.609123 0.378931
-1.518405 0.172663
-1.364947 -0.155288
-1.283041 -0.349999
-0.985708 -0.619410
-0.906789 -0.823553
-0.738689 -1.117079
-0.473382 -1.411592
-0.376028 -1.523606
-0.245693 -1.805280
-0.152179 -2.034775
-0.036710 -2.153786
-0.006801 -2.256421
-1.714908 1.236995
-1.661832 1.131925
-1.606009 1.017721
-1.544217 0.724275
-1.441233 0.505247
-1.283589 0.253004
-1.121323 0.031198
-0.914430 -0.206999
-0.801373 -0.495391
-0.698118 -0.651116
-0.426024 -1.103353
-0.301792 -1.230680
-0.190667 -1.464553
-0.092716 -1.642212
0.174917 -1.884239
0.223326 -1.980016
0.241970 -2.069061
-1.511400 1.380065
-1.445536 1.237804
-1.392466 1.112661
-1.289702 0.908931
-1.200528 0.669996
-1.096530 0.459735
-0.911654 0.088562
-0.813935 -0.111826
-0.632645 -0.337195
-0.433657 -0.575991
-0.199069 -0.892153
-0.066702 -1.093255
0.085291 -1.288750
0.246694 -1.534460
0.319215 -1.755850
0.358956 -1.892659
0.464202 -1.909148
-1.307847 1.511952
-1.309431 1.419253
-1.167022 1.195999
-1.044972 1.000569
-0.988306 0.846475
-0.809771 0.592189
-0.617634 0.331064
-0.434073 0.238693
-0.209138 -0.115335
-0.117329 -0.368699
0.054247 -0.754229
0.118035 -0.924840
0.247752 -1.248999
0.372573 -1.370558
0.695331 -1.543048
0.721927 -1.611327
0.700660 -1.724450
-1.068142 1.662806
-1.061063 1.536905
-0.839357 1.401793
-0.736765 1.238157
-0.592313 1.012005
-0.476104 0.750718
-0.387692 0.508563
-0.248350 0.362213
-0.048426 -0.059442
0.152083 -0.256052
0.306474 -0.450518
0.484641 -0.705168
0.558831 -0.934171
0.789067 -1.207510
0.839043 -1.418311
0.931872 -1.521930
0.995959 -1.552170
-0.789304 1.811219
-0.718402 1.792165
-0.644830 1.641624
-0.554790 1.293028
-0.371661 1.148336
-0.260786 0.915980
-0.095834 0.692746
0.055389 0.448785
0.170898 0.180858
0.330412 -0.114291
0.522480 -0.344379
0.750095 -0.603614
0.856100 -0.779380
0.989446 -1.074903
1.086977 -1.283209
1.187472 -1.351835
1.317149 -1.415344
-0.577789 1.948691
-0.497564 1.891176
-0.367857 1.744419
-0.162412 1.606414
-0.067119 1.326857
0.056725 1.140452
0.246546 0.856013
0.336929 0.572633
0.514047 0.365461
0.746545 0.138613
0.838347 -0.159495
0.983900 -0.500617
1.070712 -0.655612
1.196175 -0.894247
1.402474 -1.079821
1.404183 -1.251801
1.529920 -1.331805
-0.303992 2.125183
-0.275936 2.015747
-0.082869 1.901333
0.071009 1.647266
0.175379 1.506939
0.343272 1.291050
0.424827 1.012355
0.615404 0.668413
0.758074 0.467869
0.867254 0.252397
1.084891 -0.055857
1.264237 -0.294858
1.362219 -0.489586
1.554276 -0.753680
1.673436 -0.922605
1.820567 -1.088094
1.827215 -1.166300
-0.087629 2.230718
0.040081 2.180181
0.056479 2.026732
0.261466 1.818628
0.403645 1.595385
0.497660 1.323798
0.709481 1.146813
0.856641 0.810378
0.993388 0.632446
1.133825 0.395480
1.249120 0.049268
1.427503 -0.185123
1.629321 -0.416507
1.763105 -0.609702
1.832239 -0.841373
2.005725 -0.964363
2.091510 -1.036216
0.265330 2.431215
0.262547 2.315855
0.366878 2.195141
0.520353 1.938848
0.680467 1.721766
0.852364 1.485552
0.945521 1.237337
1.112340 0.951884
1.222397 0.743895
1.392783 0.521680
1.553315 0.347454
1.641544 -0.135270
1.795416 -0.306142
1.931902 -0.501674
2.039435 -0.631995
2.140028 -0.866530
2.241280 -0.953070
0.421735 2.486660
0.458028 2.397713
0.511399 2.297431
0.671540 1.976898
0.824479 1.783341
0.954515 1.576026
1.193199 1.331603
1.291640 1.058434
1.455786 0.809721
1.550743 0.636546
1.662639 0.426185
1.892881 0.050533
1.982526 -0.141097
2.077110 -0.356844
2.249532 -0.590035
2.367450 -0.736979
2.409661 -0.801291
0.560813 2.539082
0.638481 2.452003
0.710427 2.396846
0.880126 2.157408
1.025762 1.828510
1.164398 1.703339
1.273791 1.435215
1.507393 1.145984
1.615754 0.944814
1.701919 0.708964
1.826509 0.474163
1.976983 0.168172
2.156977 -0.090348
2.270854 -0.221626
2.388329 -0.491407
2.493259 -0.636872
2.481102 -0.742935
0.641249 2.580891
0.712732 2.491288
0.767289 2.408776
0.947110 2.147866
1.112774 1.937580
1.220756 1.737022
1.355995 1.469604
1.543426 1.199189
1.688154 0.980362
1.811408 0.767540
1.907382 0.626849
2.144745 0.138722
2.238552 0.002325
2.318201 -0.160558
2.463069 -0.401813
2.522440 -0.554424
2.555070 -0.583342
