198 2
-0.122594 1.037719
0.228853 -0.227175
-0.219133 -1.176198
-0.222399 -1.351471
-0.003256 -1.007774
-0.009843 -2.009358
0.343246 0.130083
-0.141963 0.860468
-0.293605 0.728918
0.369941 0.087547
0.106939 0.467491
0.709559 0.157391
-0.244037 -1.310918
0.433827 -0.091622
-0.477276 1.241907
-0.522266 1.159425
-0.394314 1.590124
0.352510 -0.558313
0.610226 -0.236293
-0.353485 0.532687
-0.468534 -1.563070
0.324631 0.645164
-0.256606 0.765145
-0.177068 0.929319
-0.086127 -1.520930
-0.192945 -1.212358
-0.258367 -0.900656
0.095253 -1.195657
-0.009370 -1.098624
1.200411 0.315328
0.677523 0.472420
-0.100846 1.185173
0.209386 1.140166
1.153055 0.327616
0.095500 1.247856
0.648380 0.213065
0.181311 -1.365843
-0.350789 0.943625
-0.420375 -0.881071
0.044532 1.244330
0.054187 -0.771860
-0.220769 1.016026
0.071922 0.759274
0.214815 1.255591
0.108392 -0.832253
0.115404 0.904880
-0.309720 -1.297045
-0.537852 1.161550
0.549285 -0.190273
0.020367 0.687484
-0.256742 -0.761564
0.629076 0.456807
0.765232 0.241986
0.407532 -0.075044
0.815235 0.266796
0.670335 0.386552
0.597326 0.081993
0.113221 1.352566
-0.224253 0.576805
0.257634 0.547291
0.193419 -0.050095
0.231108 1.270080
0.034953 1.325466
0.143199 1.231490
0.095461 1.035827
0.098126 1.323691
0.689654 0.272221
0.296633 0.857399
0.005314 0.122110
0.132552 0.069256
0.392066 0.209932
0.465766 0.249112
0.120749 -0.890303
-0.014675 0.504870
0.024470 -0.939497
-0.157206 -0.884781
0.035984 -1.186578
-0.279121 0.717767
0.086027 -0.754096
-0.374950 0.825759
0.209030 0.803561
-0.364872 0.368840
0.610687 0.577014
0.111570 0.290005
-0.267398 -1.256504
0.137357 -1.074736
0.447138 0.191637
0.146232 -0.646197
0.325066 0.138126
0.068690 -0.977450
-0.380995 1.203019
-0.121793 -1.458778
-0.239686 0.092241
-0.234577 0.140151
-0.120103 0.483837
0.148397 -0.891443
0.099214 -1.081347
0.134720 1.118548
0.217786 0.938280
0.251908 0.950271
0.118702 0.930938
-0.167046 -1.302565
0.158025 0.332267
-0.390110 1.037410
0.044474 1.091454
0.255860 1.077016
-0.106279 1.320875
0.017583 0.843976
0.267244 1.270207
0.329830 1.118262
-0.213138 0.432830
0.355506 -0.013101
0.455072 0.001631
0.317854 0.021293
-0.042622 -1.787215
-0.548371 0.790723
-0.406139 0.480632
-0.188482 0.353615
-0.428629 1.146298
-0.307616 1.726916
-0.290574 0.242329
-0.100601 0.931180
-0.042816 1.102358
-0.218883 -1.296683
-0.160973 0.046277
-0.112584 -0.762562
0.225115 -0.129525
-0.130231 -0.974944
0.658032 0.263351
0.196680 -0.123521
0.395336 1.019179
0.160492 0.764347
0.194033 -1.509786
-0.399271 0.940039
-0.177311 1.250229
-0.065335 0.049226
-0.427279 0.509297
-0.042099 -1.164659
0.077578 1.144410
-0.047060 -1.251883
0.201399 -0.096460
0.056984 0.028364
0.068703 -0.169575
-0.154724 -0.849662
-0.415675 -1.241748
-0.214316 0.222329
-0.055865 -1.092793
-0.052421 -1.705827
-0.075456 -0.807110
0.503981 -0.135196
0.085322 -0.064046
-0.009542 -2.013694
-0.187883 -0.953590
0.138915 1.348986
0.190144 -1.218122
-0.013629 -1.376696
0.024069 -1.952620
0.243068 0.215766
-0.426380 0.924145
-0.463170 -0.824277
0.533126 -0.054780
-0.206158 1.269707
-0.191006 -0.939155
0.384726 0.368610
0.577865 -0.379017
0.424748 0.924934
-0.077634 -1.166838
-0.075818 0.746908
0.015745 -1.224352
0.583346 0.612003
-0.079727 0.567155
0.020618 -1.032641
-0.134746 -1.265879
0.095506 0.302594
-0.131230 0.038509
-0.089349 -1.324914
-0.176327 0.159750
0.464367 0.506036
-0.079058 1.138156
0.189785 -1.597730
-0.404011 -0.874852
0.381821 0.856151
0.178516 0.584298
-0.101322 -1.020080
0.257445 -0.251720
0.576324 -0.083593
0.080033 1.574172
-0.111965 1.460946
-0.227847 -1.022745
-0.203315 0.097326
0.167635 -1.132554
0.075323 0.003530
-0.153433 0.249960
0.455683 0.387732
0.514537 0.079035
0.499562 0.246330
0.385448 0.447658
-0.167579 -1.139054
