77 2
0.208648 -1.439879
0.423769 -0.845010
0.209231 -1.084910
0.198658 -1.171148
0.165490 -1.456886
0.195043 -1.462481
0.163958 -1.485345
0.174959 -1.493803
0.101775 -1.626790
0.159437 -1.497130
0.198018 -0.462837
0.194678 -0.239854
0.766745 0.006750
0.321969 -0.206174
0.414516 -0.361592
0.227130 -0.571709
1.206697 0.409522
1.314715 0.441831
1.239051 0.366454
1.331727 0.353166
1.333781 0.307587
1.436756 0.458690
1.320286 0.269755
0.908410 0.127265
-0.113450 0.065336
-0.238329 0.150850
0.104406 0.331251
-0.037996 -0.257603
-0.058608 -0.703390
0.762277 -0.455077
0.795138 -0.043960
0.612649 -0.114360
0.339734 -0.216187
-0.032152 -0.288757
0.672480 -0.544619
0.671882 -0.638872
0.755495 -0.510358
0.698321 -0.496701
0.669558 -0.532117
-0.133678 0.459590
-0.158177 0.155372
-0.630039 -0.005508
-0.232531 0.103819
-0.007963 -0.401581
-0.207625 -0.760835
0.110398 -0.728030
-0.440444 1.259799
-0.494508 1.134129
-0.839960 0.422577
-0.006148 0.675995
-0.036647 0.507047
0.165659 0.584663
0.046340 0.476939
0.256781 0.798377
0.014597 0.660293
-0.480490 0.752553
-0.246665 0.787611
-0.782169 0.940223
-1.100975 0.599389
-1.083658 0.873327
-1.175617 0.881511
-1.106929 0.667170
-0.943118 0.775207
-1.126912 0.703980
-1.081510 1.004466
-0.986117 0.870273
-1.232867 0.771214
-0.822547 1.088475
-0.464256 0.102740
-0.420007 -0.201719
-0.392595 -0.118221
-0.494067 -0.116850
0.215105 -0.072331
-1.035093 0.227669
-1.061145 0.219757
-0.544623 0.063824
-0.856699 0.755777
