289 2
0.484842 -1.952851
0.355056 -2.154354
0.185542 -2.375982
-0.023954 -2.628130
-0.195924 -2.843174
-0.352443 -3.074533
-0.448878 -3.192495
-0.619877 -3.387801
-0.718557 -3.458758
-0.768812 -3.418219
-0.827906 -3.275723
-0.857900 -3.151462
-0.882725 -2.999549
-0.998419 -2.596148
-1.035929 -2.390231
-1.084805 -2.174155
-1.211110 -1.707963
-1.281013 -1.533958
-1.414191 -1.177258
-1.544317 -0.794641
-1.623630 -0.538072
-1.728392 -0.167814
-1.739618 -0.010589
-1.788103 0.181216
-1.794823 0.396859
-1.742386 0.505787
-1.599462 0.697027
-1.414444 0.946295
-1.218933 1.165349
-1.043994 1.405779
-0.775085 1.728680
-0.642498 1.911680
-0.480979 2.057139
-0.292957 2.268308
-0.011768 2.600285
0.253626 2.830885
0.393686 3.006702
0.549464 3.150087
0.656563 3.237689
0.816575 3.339581
0.840845 3.327580
0.842854 3.208493
0.878072 3.070692
0.904032 2.882944
0.932961 2.607870
1.004915 2.402444
1.111480 1.985554
1.185172 1.801379
1.283168 1.436927
1.329933 1.119496
1.401955 0.795567
1.486842 0.510093
1.557393 0.216342
1.616844 0.034828
1.715024 -0.231981
1.781892 -0.309407
1.818161 -0.398843
1.737792 -0.469196
1.636356 -0.581334
1.473022 -0.759270
1.319591 -0.910599
1.117805 -1.190116
0.987788 -1.356444
0.864899 -1.555289
-1.734216 0.353795
-1.575851 0.579926
-1.491992 0.716414
-1.252008 1.040655
-1.070304 1.246095
-0.810338 1.499557
-0.661159 1.805278
-0.533065 1.951767
-0.302598 2.185125
-0.084773 2.423568
0.128193 2.633532
0.344395 2.858675
0.446161 3.018718
0.614390 3.145994
0.770255 3.211624
-1.699158 0.079457
-1.572962 0.317789
-1.440718 0.500288
-1.244529 0.723234
-1.062316 0.991990
-0.850412 1.303999
-0.601144 1.551280
-0.446183 1.749551
-0.242883 1.972595
-0.054773 2.172715
0.142347 2.394760
0.283254 2.653649
0.461224 2.803352
0.673323 2.993088
0.817028 3.106427
-1.645393 -0.046200
-1.527190 0.062108
-1.386292 0.220746
-1.217330 0.500825
-1.063369 0.811611
-0.936069 0.965823
-0.596066 1.216296
-0.433080 1.614901
-0.297665 1.709026
-0.074661 1.968887
0.131233 2.125349
0.278315 2.427258
0.516946 2.614775
0.688065 2.777330
0.823401 2.934579
-1.568545 -0.433361
-1.431231 -0.135928
-1.347848 -0.026836
-1.201488 0.136003
-1.011471 0.427386
-0.764331 0.652309
-0.449570 0.885212
-0.383341 1.091358
-0.172700 1.442636
0.020558 1.734335
0.219444 1.919207
0.384921 2.177371
0.611807 2.339504
0.745331 2.472426
0.850570 2.727047
-1.461490 -0.786582
-1.436279 -0.502017
-1.317101 -0.281628
-1.106301 0.029389
-0.928605 0.148116
-0.627889 0.463748
-0.490842 0.636823
-0.327688 0.750776
-0.035699 1.057280
0.069919 1.309298
0.224515 1.588960
0.474330 1.802514
0.678256 2.113103
0.783140 2.275561
0.909833 2.388569
-1.397725 -1.005835
-1.348903 -0.919022
-1.149565 -0.628866
-0.988606 -0.422330
-0.862682 -0.160323
-0.649761 0.157228
-0.415527 0.323526
-0.256640 0.493137
0.028907 0.819813
0.161922 1.072725
0.336851 1.283824
0.484836 1.489256
0.700174 1.819819
0.924337 1.969443
0.972205 2.180270
-1.273999 -1.342072
-1.194417 -1.121028
-1.091457 -0.963181
-0.965658 -0.664382
-0.800123 -0.428169
-0.620334 -0.270806
-0.352324 0.058880
-0.183455 0.288987
0.058578 0.509969
0.290160 0.703808
0.516330 0.992095
0.642431 1.158040
0.884469 1.470813
0.930177 1.686638
1.106922 1.856862
-1.236308 -1.572073
-1.151969 -1.397656
-1.020247 -1.189106
-0.848721 -1.021139
-0.724641 -0.734181
-0.488630 -0.510765
-0.242618 -0.229388
-0.081690 -0.080810
0.066256 0.185366
0.341147 0.470012
0.530998 0.599231
0.764420 0.867323
0.887777 1.077948
1.008841 1.383500
1.139926 1.632125
-1.095996 -1.963043
-1.049078 -1.829958
-0.914685 -1.513968
-0.816859 -1.230483
-0.615532 -1.107056
-0.421580 -0.724320
-0.181693 -0.523768
-0.044644 -0.286004
0.169495 -0.154123
0.419925 0.189967
0.580300 0.438910
0.755724 0.622875
0.932672 0.828192
1.104212 1.107201
1.223557 1.186444
-1.012716 -2.223313
-0.955151 -2.049255
-0.843592 -1.851449
-0.627959 -1.657110
-0.456173 -1.377829
-0.272180 -1.131050
-0.059078 -0.805976
0.093740 -0.686543
0.287734 -0.398593
0.625268 -0.131409
0.776270 0.106609
0.908326 0.306297
1.096492 0.546224
1.119979 0.850410
1.308745 0.977370
-0.952062 -2.484885
-0.806501 -2.466663
-0.690897 -2.106953
-0.518958 -1.901631
-0.421830 -1.664935
-0.257914 -1.355094
0.029479 -1.177765
0.143939 -0.888785
0.370432 -0.753334
0.580834 -0.434104
0.754690 -0.153985
0.982793 0.053980
1.162283 0.284487
1.267431 0.444415
1.387786 0.544058
-0.852009 -2.841758
-0.751071 -2.649476
-0.634346 -2.369909
-0.387509 -2.127247
-0.268678 -1.920347
-0.079999 -1.780200
0.167719 -1.446412
0.297934 -1.249120
0.437823 -1.010643
0.704250 -0.776293
0.880487 -0.581463
1.047488 -0.435525
1.226286 -0.088398
1.352643 0.180556
1.461389 0.358919
-0.781247 -3.012549
-0.676185 -2.871977
-0.532769 -2.710261
-0.352110 -2.492707
-0.138829 -2.242849
0.040591 -2.023882
0.177352 -1.710380
0.349105 -1.495978
0.521510 -1.312945
0.726950 -1.026126
0.903091 -0.815074
1.088746 -0.585872
1.246472 -0.421701
1.421888 -0.117534
1.510961 0.088236
-0.722844 -3.260076
-0.632756 -3.062609
-0.528452 -2.920878
-0.285241 -2.665839
-0.164360 -2.495289
0.071905 -2.270464
0.142547 -2.122887
0.425484 -1.702232
0.605615 -1.471114
0.784009 -1.288969
0.998963 -1.038952
1.154196 -0.776034
1.352621 -0.582205
1.439883 -0.361225
1.566375 -0.125258
-0.707818 -3.380944
-0.633833 -3.306758
-0.449050 -3.089473
-0.278285 -2.890258
-0.122733 -2.670271
0.047367 -2.421592
0.178651 -2.251080
0.410869 -2.012055
0.602436 -1.695516
0.815431 -1.456315
0.937105 -1.307918
1.168940 -1.000570
1.374840 -0.754948
1.521066 -0.570246
1.655880 -0.412068
