77 2
0.385481 1.580542
0.444110 1.632758
0.256912 1.206939
0.256499 1.151243
0.462174 1.703597
0.354314 1.595689
0.391630 1.610978
0.407996 1.609199
0.320701 1.557233
0.394752 1.640479
0.135439 0.521017
0.072651 0.402120
-0.111549 0.506039
0.100914 0.504207
0.100941 0.557369
0.189680 0.526385
-1.066266 0.530584
-1.246672 0.584538
-1.086070 0.592839
-1.127009 0.485262
-1.213525 0.620645
-1.255708 0.640482
-1.153873 0.662689
-0.693204 0.476627
0.027071 -0.274512
0.160944 -0.247047
-0.163810 -0.073456
0.249041 0.000613
0.612740 0.343345
-0.244472 0.687802
-0.633795 0.444587
-0.504266 0.369743
0.067208 0.473340
0.262307 0.309865
-0.166556 0.774001
-0.150904 0.866622
-0.275818 0.973564
-0.107425 0.833136
-0.283298 0.964369
-0.182356 -0.534465
0.083783 -0.521694
0.184878 -0.592183
0.127086 -0.412952
0.199098 0.195651
0.617175 0.400084
0.685657 0.327624
0.864658 -1.134346
0.789734 -1.124964
0.354776 -1.140824
-0.267151 0.029959
-0.205055 -0.088116
-0.380140 -0.218031
-0.372104 -0.449320
-0.464268 -0.086983
-0.360527 -0.167638
-0.144957 -0.911861
-0.302637 -0.724532
0.097809 -1.291984
0.014987 -1.396721
-0.105448 -1.414969
-0.032708 -1.532783
0.017304 -1.162516
-0.118763 -1.174651
0.055307 -1.420245
0.250648 -1.383016
0.110342 -1.522632
0.156188 -1.642964
0.825171 -1.451790
0.350471 -0.358315
0.294307 -0.453280
0.426936 -0.203924
0.537325 -0.393375
0.114584 0.100129
0.490677 -1.676738
0.420605 -1.776600
0.427607 -0.481945
0.269683 -1.552950
