379 2
1.370028 2.100899
1.327342 2.110269
1.344128 2.119002
0.790370 2.271483
0.576517 1.867294
2.567159 3.802585
2.698065 3.700697
2.503073 3.878961
-1.174510 -3.833771
-1.301176 -3.772846
-1.191149 -3.850590
-1.207939 -3.832539
0.909239 1.811618
0.677956 1.981926
0.386058 2.221984
0.653457 2.128195
1.195222 1.346514
1.229146 1.391035
1.037827 1.728993
0.961414 1.759926
-0.429106 -1.033284
-0.453212 -1.044681
-0.450565 -1.272090
-0.516947 -0.887600
-1.456678 1.722715
-1.386456 1.826684
-1.473090 1.710190
-1.470397 1.695154
1.126521 1.279119
-0.254751 -1.632645
-0.214726 -1.624423
-0.153258 -1.695528
-0.270886 -1.514435
-0.207119 -1.655384
-0.220028 -1.626675
-0.211875 -1.629923
1.766133 0.564497
1.740397 0.590304
-0.777708 1.436974
-0.760600 1.444806
-1.288346 -2.292483
-1.122186 -2.259512
-1.211946 -2.207751
0.902746 2.086644
0.544566 2.152138
0.529313 2.072220
0.538175 2.092745
-1.726765 -3.279950
-1.721979 -3.302289
-0.379371 -2.087101
-0.150592 -2.108439
-0.494813 -2.333101
-0.488941 -2.246517
-0.540968 -1.305629
-0.540503 -1.296744
1.498711 -1.397162
1.440355 -1.354803
1.372622 1.057949
1.473349 0.888693
1.593199 0.756563
0.881402 2.429204
2.527194 3.972534
2.524882 3.953522
2.539979 3.981812
2.586532 4.221185
1.648494 -1.318102
-1.494029 -3.669377
-1.377130 -3.703141
-1.523683 -3.792155
-1.809360 -4.112986
-1.608466 -3.871323
-1.724733 -4.022554
-1.734211 -3.916768
-1.645614 -3.404668
-1.607351 -3.871917
-0.375578 -2.153013
-0.384548 -0.589241
-0.384602 -0.593842
-0.436608 -0.668344
-1.413891 -3.729052
-1.413384 -3.640149
-2.612859 2.226451
-2.581572 2.185010
-2.597387 2.218021
-2.533690 2.178219
-2.513072 2.185931
-2.617875 2.237685
-2.518582 2.191535
-2.559792 2.163415
2.662121 2.102319
2.682787 2.063848
2.608761 2.113164
0.807990 -2.355814
0.776249 -2.428683
0.679509 -2.398159
0.840559 -2.334346
0.802994 -2.374916
0.798899 -2.385746
0.773717 -2.386059
1.492488 -1.393125
1.654784 -1.324490
1.754483 -1.254514
1.623389 -1.363033
-1.694158 2.056360
-1.742327 2.004321
-2.233649 2.205050
-1.784260 2.052101
-1.520945 2.071442
-0.323963 -1.282583
1.559877 -1.385013
1.565267 -1.345944
2.014749 1.979375
2.070770 2.131140
2.122349 2.029042
1.965898 1.905599
-0.222938 -2.831507
-0.357492 -2.605961
-1.644727 -4.440743
-1.848635 -4.351561
-1.769759 -4.377900
-1.368672 -3.556696
-1.356554 -3.507453
-1.367196 -3.528962
-1.339087 1.782612
-1.341011 1.786116
0.894896 2.679925
0.895484 2.721395
0.937223 2.777664
0.921630 2.753040
2.607083 2.098942
2.441829 2.095211
2.673733 2.092102
2.590540 2.111191
2.601292 2.101131
2.165308 2.184641
2.268745 2.080849
2.404236 3.838399
2.306924 3.874389
-0.844087 -0.498076
-0.844729 -0.515481
0.844952 -2.295127
1.273882 -1.228993
1.250316 -1.220937
1.292296 -1.244637
1.345194 -1.271130
0.607530 2.604902
0.575092 2.675742
0.566222 2.664355
-2.463271 -3.865789
-2.453275 -3.865036
-2.471858 -3.885407
0.784850 2.331341
0.696105 2.259658
0.737400 2.272731
-1.493847 2.147011
-1.552731 2.096430
-1.487844 2.121325
-1.542049 2.148156
1.778257 -1.241651
-0.010499 -2.229024
0.074269 -2.269219
0.070278 -2.255018
0.049422 -2.217540
0.888716 2.448958
0.889009 2.424835
0.890839 2.389687
-0.648215 -2.565727
-0.653969 -2.550890
-0.652553 -2.615436
-0.595001 -2.360510
1.557974 1.520161
1.446775 1.484872
-0.826793 1.414405
-0.801119 1.430834
-0.839733 1.393346
0.592290 2.076716
0.473716 2.114573
0.718808 -2.377606
0.667285 -2.385080
0.696623 -2.391914
-1.761825 -3.275365
-1.755198 -3.279816
-1.750776 -3.280766
-2.176310 3.015043
-2.219863 2.970135
-2.194254 3.030250
-2.230213 3.070649
2.692061 2.098422
2.153934 2.293744
2.773773 3.643493
2.741755 3.673181
2.775762 3.645258
2.768144 3.649817
1.482028 -1.379842
1.502884 -1.397320
1.431255 -1.399330
-1.420536 1.855312
-1.358125 1.764263
0.636452 1.441479
0.615384 1.388574
0.564766 1.469061
0.672008 1.428316
0.601847 1.374923
0.537759 1.520247
-0.674656 -2.639430
-0.950455 -0.431012
-1.005138 -0.384186
1.043915 1.751208
-1.642629 -4.451678
-2.109104 -4.774725
-2.096259 -4.747148
-2.137181 -4.852738
-2.086049 -4.730720
-2.002697 -4.471458
-2.093558 -4.727206
-0.031400 -1.708075
-0.087845 -1.707425
-0.056152 -1.700148
-0.213582 -1.649337
-0.426569 -1.134437
-0.369861 -1.260650
-2.180680 -4.960460
-2.179074 -4.976878
-2.187334 -4.970017
-2.184022 -4.978424
-1.731685 -3.281003
-0.500701 -1.211793
-0.480813 -1.207658
-0.711764 -0.662484
-0.818443 -0.526809
-0.336175 1.557266
-0.495186 -0.841724
-0.502413 -0.821627
-1.081607 1.749654
-0.105692 1.667782
-0.192790 1.548193
-0.129960 1.614421
-0.093479 1.640059
-0.365402 1.517916
-0.414275 1.494007
-1.241277 -2.249176
-1.303550 -2.308338
-1.276232 -2.311733
-1.276683 -2.289097
0.047531 1.477435
-0.298568 1.490907
-0.104767 1.488875
-1.224055 -3.355476
0.728181 2.022061
0.850822 2.057043
-1.433850 1.861700
0.554996 1.310065
0.572157 1.364616
0.580185 1.531968
-1.439144 1.755444
-1.402046 1.748676
-0.358083 1.513244
0.798116 1.387009
1.871928 2.094726
-2.417819 2.217636
1.255438 1.315263
-2.529275 2.122334
-2.517336 2.138579
2.597321 4.257040
2.610060 4.281119
-0.570726 -2.347225
-0.571257 -2.355408
-0.523013 -0.839454
-2.606635 -3.813978
-2.586039 -3.802135
-2.557499 -3.835364
-2.618017 -3.808636
-1.450436 1.859719
0.889666 2.083571
-1.153567 -2.142887
-1.165417 -2.177444
-1.167669 -2.168271
0.260285 2.204759
0.313257 2.200865
1.829357 -1.204637
1.835266 -1.190814
-0.826136 1.410121
-1.793038 2.081685
-1.785352 2.075547
-1.548476 -3.820687
0.613617 -2.433389
-0.446379 -0.967735
-0.437699 -0.974798
-0.685106 -2.735624
-0.660487 -2.675464
-0.650350 -2.594578
-0.661733 -2.680789
-2.449124 -3.863518
-2.561176 -3.822458
-1.487720 1.884867
-1.514480 1.866193
-1.045532 1.753009
0.427687 1.525807
2.606884 4.280946
2.604036 4.271077
2.612957 4.293356
2.628407 4.308548
-1.894487 -4.245852
1.674763 0.663194
1.746914 0.582395
-1.391961 1.880044
-0.136425 -1.864844
0.171106 -2.271956
-2.198759 3.047985
-2.227461 3.069703
1.727738 -1.345636
2.160411 2.026264
0.838025 2.045287
0.796464 2.048314
-1.351225 1.861031
-1.347154 1.850599
-1.307076 1.851153
-0.191293 -2.870418
-0.215097 -2.853087
-0.186636 -2.879026
-0.189046 -2.870963
-0.025366 -2.235883
0.587600 2.173923
0.597579 2.200802
1.502805 1.486987
-0.617680 1.459610
0.908414 2.756745
-1.884792 -4.123304
-1.873304 -4.089530
0.876615 2.671741
-0.009204 2.576897
0.009232 2.562123
-0.001243 2.574302
0.068032 2.510985
0.002611 2.571499
-0.637689 -2.427581
0.203362 -2.283168
0.746867 -2.527750
0.785629 -2.556688
0.948474 2.863569
0.935578 2.814757
2.429232 3.849827
2.414077 3.813011
2.480809 3.850372
2.587171 4.239111
2.583229 4.227198
1.772125 1.688968
-1.955184 -4.314911
-1.951104 -4.345365
-1.941936 -4.336365
-1.881886 -4.285994
2.077662 2.225346
2.049243 2.271576
2.113636 2.175431
2.092787 2.241265
2.110898 2.201186
1.660686 0.681918
1.652182 0.690875
1.664648 0.675483
1.831729 -1.203557
1.814695 -1.219722
0.617512 -2.463567
-1.467770 -3.632843
-0.718875 -2.336466
1.237316 1.314735
0.149881 2.429596
0.198308 2.391591
0.200206 2.388902
0.023463 -1.677196
0.006384 -1.659243
0.611305 2.134592
-1.793763 2.097183
0.738517 2.077317
0.695154 1.963282
-1.063565 -0.336906
-1.072056 -0.328866
-1.073370 -0.329376
-1.899003 -4.189604
-1.895673 -4.206584
