1000 2
3.464888 -1.354644
0.201487 1.319364
1.151762 2.212799
-0.110925 -2.786147
-2.123827 -0.411001
-2.869284 -1.027936
-1.597518 2.109040
2.274036 1.110931
0.262255 0.793455
0.536556 -2.837814
3.946155 -2.942062
3.443249 -1.450675
-3.609529 -0.932744
4.298889 -1.479280
2.897286 -1.247970
3.974455 -2.963930
4.444201 0.014054
-3.008695 -2.360378
0.147393 1.459312
2.230906 1.152996
0.187609 1.395412
-0.074398 -2.817267
2.229511 1.162043
-4.731441 0.072219
3.357140 -1.623530
1.333939 2.380071
-4.867536 1.146654
-0.801452 4.107985
2.345490 1.162954
3.465811 -1.379886
0.723869 -2.908111
-2.964792 -1.225610
4.369963 -1.425925
2.093398 1.364579
3.689597 -3.207914
0.064349 1.466332
1.844764 4.103974
0.364737 1.410432
0.098478 0.941633
-0.141389 -2.782746
0.143665 1.534387
-0.285114 -2.729274
4.660305 -3.273548
0.226375 1.249696
-0.253846 -3.776792
-2.607062 -1.061647
-3.636178 -0.431472
-2.993611 -2.304048
1.826523 4.061593
-0.179689 -3.824132
3.529745 -1.503670
-0.914822 3.872171
-0.251474 -4.465465
2.865504 -2.006981
-0.005003 2.317000
-2.003378 -0.247737
2.765461 -2.054691
0.298845 1.426352
3.641780 -0.764173
1.399208 2.438009
-5.118558 -0.152802
4.451223 -0.015872
-0.187080 -2.519095
1.721593 4.654972
-3.966102 -1.082592
-2.553225 -1.039226
-0.895954 4.031099
-3.559857 -1.109763
0.220228 1.345066
-0.081419 1.362890
1.723375 4.668008
0.159348 1.364729
-2.198907 2.351318
1.365258 2.407124
-3.664307 -0.374061
0.551018 -2.846594
-0.258689 -2.360286
2.224198 1.171246
0.910945 1.442773
3.455961 -1.364161
2.326011 4.139052
-5.434121 -0.326755
-1.978778 -0.191933
-3.809172 -0.981813
-2.130351 -0.414855
0.215537 1.265842
2.345974 4.129037
0.522754 1.017060
2.539291 4.207031
-1.546606 2.077735
-2.102682 -0.496700
4.021679 -2.890425
0.252867 1.320775
-1.561415 2.071499
0.962314 1.487625
-0.252427 -3.759458
-3.545158 -1.126443
-1.609757 2.040985
-2.985189 -2.910193
2.252220 0.952709
-5.399712 -0.312762
-0.117451 -2.802075
-0.091808 1.358623
-2.325556 2.231223
-3.794560 -1.001547
3.528751 -1.132190
-3.601650 -0.944679
-2.621470 -1.049584
0.440200 1.173190
3.342359 -1.411015
-4.883093 1.103050
5.041730 -3.123242
4.425672 -1.392110
-4.939239 1.260353
0.291743 0.642762
2.813966 -1.927851
2.857879 -1.984985
-2.816720 -2.838805
-0.057959 1.175086
1.818892 4.884662
-5.660120 -0.446880
-2.928968 -1.356731
1.820614 4.102522
-0.642527 4.651007
0.682698 -0.077347
2.908234 -1.950359
-1.495202 1.914171
-0.192278 -3.817287
-0.034805 2.493660
2.178102 1.211994
-1.634799 2.154042
-2.965261 -2.233787
-0.278411 -4.624993
3.600199 -1.295640
-3.053814 -2.391872
-5.013052 1.892522
-5.092535 1.068585
-0.227387 0.531287
-3.613865 -0.986988
3.460634 -1.527286
3.276647 -1.416738
-0.786763 4.105163
-2.220190 2.493961
1.616512 4.021849
2.704258 -1.189723
-0.536295 1.528517
-0.510910 -3.844447
-0.267390 -3.786910
-0.252203 -2.887858
-0.457466 1.115779
4.499217 -0.229476
4.715403 -3.203659
3.553175 -3.358985
0.276174 2.024617
-3.048596 -2.957743
2.737928 -2.067263
3.446045 -1.329204
-0.301459 -2.741750
-3.591036 -0.940159
2.657635 4.250986
-0.120793 -2.785922
-2.392686 2.499765
-3.043488 -3.270658
1.139945 2.204337
-0.281849 0.494920
-2.984787 -2.362388
-0.553296 4.726456
0.562268 0.993551
1.124915 2.215748
2.414616 1.142128
3.877763 -2.877237
1.128220 2.225513
-2.174578 2.407629
-4.385795 1.274633
-2.149451 -0.424350
-2.641247 -1.058379
0.246009 1.288453
4.048706 -2.883543
0.193581 0.670571
-0.349837 -4.427271
-0.364806 -2.933324
-1.052805 4.188872
-2.129574 -0.418477
0.012506 1.404897
3.508080 -1.450498
1.136888 2.212003
-0.258974 -2.877112
-0.633497 4.167004
-2.152649 2.372871
-2.123751 2.384470
1.802541 4.866770
-4.963714 1.359428
-5.135291 1.056982
-0.725723 4.041793
-4.844202 1.141494
-0.084138 -2.807063
-0.290591 -3.738147
0.047711 1.583472
3.424880 -1.386068
2.689464 4.264338
3.727314 -0.632786
0.155241 0.648583
-4.130602 -1.157925
-4.939674 1.265371
0.669141 -0.069441
-3.834468 -0.981310
-5.211400 1.039252
-0.036159 2.633756
-4.578367 0.098177
-5.829219 -0.468770
1.821144 4.883425
-3.964407 -1.121997
4.264622 -1.480397
0.727301 -0.112576
0.106801 1.461773
3.542799 -3.371480
-0.559540 1.546644
-4.277577 -1.234190
-4.295161 -1.232742
-2.623511 -1.032326
-3.514773 -0.810844
2.898777 -1.236693
0.787669 -0.280220
0.089116 0.927937
-0.630728 4.669707
-2.204066 2.363305
-0.080500 1.448880
0.285350 0.613728
0.802141 -0.371254
-0.234344 0.513914
-2.957668 -3.001850
-3.626991 -0.433170
4.635634 0.128457
-4.983072 2.025735
4.550383 -3.175395
-2.142905 2.378340
-0.190433 -2.474863
4.734125 0.167023
-0.211409 -3.783322
1.173800 2.181263
-0.303198 -4.677583
0.147991 1.344104
-2.594869 -1.074545
-4.963934 2.102023
3.548142 -1.527809
-1.501984 1.876079
4.756372 -3.614564
3.944532 -2.942075
0.484257 1.404299
-0.810024 4.130799
-4.702613 0.076082
-4.361558 -1.285599
-2.971112 -2.370138
-0.121084 -2.799733
-0.051135 -2.867302
-1.449915 2.270578
-4.994954 1.334350
3.739155 -0.611147
-1.388391 2.362654
0.542039 0.988706
-0.694673 4.000196
1.407420 3.981907
-0.338755 -3.687108
-4.750140 0.056975
-0.187622 -2.488850
-4.311090 1.350968
-4.324667 1.232268
2.318037 1.148369
3.452225 -3.466763
4.699434 -3.286565
-0.253046 -4.436040
4.454980 0.027760
-1.554923 2.076228
-2.948423 -2.190228
-4.400617 -1.308750
5.047875 -3.116627
-3.004600 -2.342728
-1.542681 2.053894
-0.401723 -2.944356
4.519819 -0.264779
-0.954966 3.812666
-3.551600 -1.157088
-4.854046 1.099343
-0.990576 3.752443
2.305505 1.111572
0.229732 1.423428
3.494571 -1.253540
3.519492 -1.544017
4.342594 0.138046
-0.262062 -4.522043
-5.135389 -0.072809
-0.266567 -4.453200
4.494699 -0.225380
-1.153709 4.220844
-4.936331 2.150376
-3.821675 -0.993646
1.713513 4.652234
-2.403609 2.172636
-5.216127 2.084958
4.780491 -3.840322
0.164978 0.649185
-4.947618 1.267674
3.793009 -0.545978
2.235653 1.117346
2.231580 1.013170
3.691921 -3.209667
-0.620556 1.048858
3.827769 -1.474765
4.771028 -3.646220
0.841496 -0.333688
3.370660 -1.626392
-4.552444 0.139881
0.112804 0.914390
3.472529 -3.447433
1.939082 3.860582
0.655279 -0.065793
1.824183 4.908784
-2.371970 2.486722
-0.766978 4.091665
4.403559 -1.563446
-5.283032 2.138462
-0.042285 2.665719
0.017050 2.226635
-0.833623 4.153884
1.969659 3.791436
2.289192 1.054738
-3.593057 -0.960936
-0.030657 2.714417
-0.433562 0.372874
1.818952 4.908900
-5.304359 2.155730
-2.988103 -2.889217
3.575580 -1.256434
-0.672326 4.611283
-0.451121 0.353630
0.262377 2.097588
-2.141468 -0.415630
-2.173009 -0.437335
-3.637366 -0.881429
-4.851533 1.095291
-3.664248 -0.286129
-4.843209 1.081061
-0.268161 -4.458916
-0.307651 -3.814481
3.357510 -1.263229
2.295691 1.096734
-1.979887 -0.225101
0.029558 -2.901626
-3.056259 -3.285888
-4.286038 1.358253
-0.598095 -3.881124
-0.158503 -2.782376
-4.363920 1.281580
-0.617057 1.517880
-0.272195 -4.535186
4.660404 -3.243609
-0.799330 4.107261
2.281380 1.164617
5.126434 -3.100666
3.722994 -1.180571
2.541610 4.209192
3.341225 -1.193494
-3.621039 -0.429053
3.900657 -1.499232
4.282203 -1.469644
-1.978304 -0.233560
-0.915556 4.008896
-0.032317 -2.879266
-1.182924 4.234152
2.872217 -2.012212
-4.990945 1.923946
2.234012 0.851800
5.158210 -3.089425
1.829608 4.909769
-3.953919 -1.092059
1.343262 3.994815
0.911156 1.448826
1.854081 4.094924
0.688196 -0.069566
-3.072539 -3.313552
4.376516 -1.415473
-4.750949 0.075781
-0.120402 1.368238
-0.535306 1.529892
1.721968 4.674599
2.316245 4.153358
-5.699315 -0.446649
2.904320 -2.130862
3.531314 -1.068310
2.167724 1.221451
2.129153 1.052010
-2.972040 -3.333795
-0.298698 0.497255
-0.606762 -3.882780
-5.145195 -0.042575
-5.692710 -0.434577
-5.020144 1.888639
-3.672695 -0.225569
-4.530542 0.153384
-0.730257 4.021172
-0.109730 -2.815373
-0.264492 -2.343525
-3.711100 -0.307394
2.995663 -1.963679
3.529631 -1.625117
3.976960 -2.950973
1.943101 4.209511
4.472059 -0.014979
-4.007303 -1.089813
-0.112544 1.154890
4.436017 0.023406
1.345936 3.957599
1.145128 2.205591
-0.227706 -3.778744
-0.066103 -2.846181
-5.337732 1.012352
2.840708 -1.216569
-0.658405 4.749127
-0.444590 0.368250
2.098437 1.367990
-1.388102 2.338462
-3.053045 -1.268400
-0.217340 0.511650
3.799418 -0.530681
0.574095 -2.844372
0.249023 2.139542
-2.615025 -1.074938
-0.283282 -4.628925
0.023218 1.296272
-0.458078 0.364423
-0.259890 -4.553968
3.417490 -1.371530
-2.582699 -1.045951
-4.384954 1.274352
4.781783 -3.856263
0.843392 -0.332958
2.837722 -1.211624
1.727255 4.639246
-2.771725 -2.828907
-0.814311 4.094542
-3.622839 -0.397950
-0.088569 1.784014
1.942283 3.867496
1.975450 3.787561
3.553730 -1.082717
-3.498519 -0.805794
-2.196347 2.357651
-3.061033 -2.389124
-2.898500 -1.425661
-0.210586 -4.521771
-5.035721 1.922833
1.630493 4.637769
-2.248934 2.529191
-3.580105 -0.951115
-5.648953 -0.483126
4.414828 0.009193
2.906451 -2.162229
-2.971705 -3.357074
1.593917 4.616935
-0.226318 0.381671
-5.635253 -0.412870
4.425128 -1.589286
3.461961 -3.455707
3.545377 -1.151410
0.429650 1.184660
-0.066009 1.292051
4.487994 0.073998
4.400788 0.001997
2.735087 -2.073683
-4.281807 1.205396
-0.239794 -3.768586
4.404462 -0.003657
2.377530 1.027965
-0.662098 1.026201
2.781658 -1.219801
-4.375504 1.277445
2.045400 1.431495
0.709414 -2.896290
-5.676171 -0.477383
3.449953 -1.387073
3.611771 -0.797028
-1.589973 2.104943
0.284614 2.077228
4.570702 -3.239085
0.622435 -0.096459
0.146681 1.177884
-1.971231 -0.173693
4.716446 -3.270592
-4.376627 1.285511
-4.930137 2.158208
-0.129846 1.149351
-3.647042 -0.829738
-1.389121 2.362928
-0.300582 -3.696747
0.512075 -2.792239
-0.634013 4.668275
0.195304 1.380851
3.948910 -1.525504
-3.079997 -1.282832
2.782535 -1.908139
-0.704927 4.175079
0.521012 -2.831300
-0.736103 4.005154
-0.174514 -4.518224
2.579159 1.211079
3.670016 -3.222597
2.284784 1.007516
-3.612849 -0.931657
-0.274714 -2.332171
0.750045 -2.926643
4.517918 -3.142942
2.282560 1.189326
-4.261203 1.304686
-0.174310 -3.826849
-5.205970 2.078085
1.834461 4.079813
0.633579 -0.034403
-0.052390 -2.765931
-1.673589 2.001839
0.321046 2.111492
0.902470 1.456624
-0.022285 2.760511
2.226784 0.810923
-1.995100 -0.236380
1.124420 2.168710
1.689826 4.677192
0.275694 2.067210
0.230682 1.253638
-0.158362 -2.757902
-2.447704 2.140593
-2.239184 2.342905
-5.127192 1.064708
-5.683029 -0.463226
1.956036 4.227324
2.679404 -1.181490
2.934155 -1.943191
-2.602499 -1.058885
-4.839058 1.150075
-4.026151 -1.092343
4.550858 -0.320210
3.834506 -0.507995
-5.673849 -0.436185
-5.685083 -0.454923
1.716524 4.658705
4.578536 -3.370719
-0.667043 1.034034
-2.885893 -1.045225
4.586670 -3.376556
-3.063302 -3.290278
1.158173 2.182145
-2.941730 -3.368123
-0.600211 -3.872406
-2.506657 2.582699
0.764337 -2.920832
-4.426223 -1.322202
4.738119 -3.537764
-5.075871 -0.155872
2.678909 -1.187410
2.315828 4.113297
-5.202897 2.078979
-0.658489 1.522094
-4.766302 1.059028
-2.481812 -1.128281
-3.088926 -3.292288
4.767629 -3.656362
-0.637027 4.660317
-3.830213 -1.003868
0.287504 1.224546
-0.259493 -2.883590
-0.270366 -3.754816
0.289932 1.416858
3.361326 -1.633016
-0.615695 4.859003
-0.540671 4.731437
2.725133 4.273937
-3.068956 -2.394268
-4.508108 0.082923
0.123702 0.926315
4.422018 -1.590067
2.282625 1.156472
4.603532 -3.300799
-1.083949 4.197370
0.294009 1.364299
-1.006328 3.738340
-0.660342 1.021417
-5.699761 -0.436439
-0.125351 -4.561207
3.349245 -1.639677
4.438543 -1.598056
2.257516 1.142542
-0.573088 1.574359
2.392775 -1.096090
0.905214 1.445916
4.279198 0.205897
-0.057769 -2.684272
-4.308928 -1.246778
-4.705534 0.050938
1.161920 2.195093
-0.039050 -2.642968
3.545935 -3.365828
-3.054787 -2.969994
1.974231 3.780641
3.663548 -1.217526
-2.953381 -2.172505
2.362757 -1.087276
-3.102413 -3.296311
0.155112 1.345365
0.655330 -0.055492
4.332881 0.152576
-2.183748 2.347393
3.848943 -2.869106
0.572047 1.426377
-4.826797 1.169737
2.506737 0.884373
-1.609877 2.135235
-0.211313 0.325814
-3.543455 -0.970437
-4.190363 1.311836
3.442842 -3.481417
2.306912 1.107113
0.272646 1.283771
4.710465 -3.187426
3.646412 -0.730367
-5.916368 -0.467939
3.349060 -1.210497
-0.048044 2.543424
0.529246 -2.826364
2.329270 1.119208
-0.266334 -2.348563
1.411804 2.449550
-0.207990 -3.797358
-3.062797 -1.276928
-0.746345 4.057786
1.855152 4.076314
-5.289929 2.143457
1.574070 4.007240
-2.642191 -1.039477
3.468093 -1.326718
1.934858 3.854203
1.672519 4.730966
0.254455 2.126189
0.254128 1.519348
3.666485 -3.216886
-5.101483 -0.153213
3.638599 -1.299524
4.483234 -0.231324
4.498184 -0.235852
-0.296174 -3.771048
-1.601461 2.036009
3.669988 -3.217715
-1.424177 2.298969
3.621456 -0.742880
-2.882460 -1.443473
1.593943 4.636646
-1.576593 2.073637
4.781503 -3.875801
0.262591 1.233814
3.973360 -1.545207
2.905919 -2.143602
-3.673901 -0.213601
-0.658115 1.023785
1.420571 2.456216
-2.146667 -0.428420
-4.754775 0.054684
3.831521 -1.128528
-2.977847 -2.376916
4.407257 -1.566546
2.361530 4.148244
2.328274 1.287590
3.650863 -0.710053
3.283195 -1.136670
-0.040332 2.505630
-2.925704 -2.858418
-3.675931 -0.354161
-5.684047 -0.467666
3.966933 -2.952195
2.531852 4.202892
-0.355762 -4.410884
0.530788 -2.832222
-0.125699 -2.798134
-0.552379 1.526457
0.000360 -2.766073
2.366771 -1.088610
3.961332 -2.992148
0.287898 2.072294
0.280803 0.592766
3.230000 -1.250588
-0.352957 -3.649482
2.367176 -1.088172
-1.965871 -0.169051
-3.830765 -1.011162
2.115886 1.010184
4.527749 -3.145035
4.569531 -0.358223
-3.090252 -1.266838
0.362200 1.500559
4.454228 0.014314
1.962159 4.215009
-0.200663 0.289121
-2.560179 2.611700
0.266098 2.030576
0.568469 -2.878250
4.702140 -3.373163
0.535226 1.006981
4.790563 -3.714676
-0.122624 -2.730660
-2.571471 2.635077
-2.950930 -2.908939
2.597474 1.213308
-2.428613 -1.171932
-0.502072 1.522115
-0.706057 0.990874
3.479081 -1.370107
-5.020874 1.862203
0.819593 -0.408639
-0.615209 4.871920
3.180727 -1.237563
2.334245 1.340304
1.129950 2.146643
0.667730 -0.086189
0.204615 1.365322
-5.039010 1.874137
-4.872574 1.196742
-4.154283 1.308771
-4.233278 1.322399
2.425106 1.105864
0.684091 -0.086707
1.726885 4.675467
-2.754400 -2.818110
2.770793 -1.902463
-0.040758 2.522154
2.764971 4.287642
-3.040021 -3.291570
-5.010028 1.310984
3.537621 -1.689570
3.662107 -3.219125
-0.087392 -4.573357
-0.074336 1.185530
0.925258 1.443064
2.917954 -2.165996
4.515033 -3.254340
4.760542 -3.617504
0.927687 1.431936
3.142797 -1.228973
-2.251845 2.383010
3.181543 -1.236420
0.708944 -0.129563
-4.943260 1.395385
-0.146414 -2.826651
-0.614522 4.875375
3.675272 -3.204023
-0.360891 -3.824257
0.205412 1.296465
2.222723 1.165062
3.366476 -1.209188
3.378257 -1.598740
0.554885 0.998273
-5.748577 -0.517281
-3.592437 -1.007918
-2.962798 -2.989604
4.509918 -0.269869
2.739273 -2.063632
-2.195698 2.518160
4.542202 0.020611
0.568941 0.969253
-2.232458 2.352714
2.344694 1.105104
4.751278 -3.611962
3.475238 -1.318372
0.390664 1.428071
-2.405762 -1.189037
4.032093 -2.889020
-5.384291 -0.304727
-3.044159 -3.273628
4.723764 -3.210613
-3.063174 -2.367735
-2.971855 -2.223340
-0.346604 -4.434777
-1.502720 1.930198
-4.570036 0.098448
0.347876 1.462324
-2.187649 2.338939
-2.971437 -2.885011
3.569191 -1.433225
4.652614 0.150911
-2.380807 2.474664
0.385767 1.422495
0.592796 1.435853
-0.629629 4.158392
1.958599 4.225375
-0.512609 1.515766
0.157703 0.648695
-0.052949 -2.871993
-1.377574 2.376392
0.517380 1.129338
-1.530007 2.100043
0.904921 1.449152
-2.911860 -1.007117
3.868838 -1.132604
0.111434 1.484968
4.458431 -1.367246
-0.254040 -4.461067
-5.027859 1.878122
-5.342935 1.007813
0.288385 1.578974
3.852072 -2.851485
-1.098725 4.199399
-0.681684 4.202100
0.813221 -0.418046
-4.741660 1.033146
0.339724 2.158256
0.067348 -2.935189
4.546208 0.026745
-2.588235 2.624319
0.759374 -2.920069
-2.099070 -0.504530
2.391040 -1.094802
-0.631381 4.654283
-2.988763 -2.877555
4.542543 -3.157189
-2.995908 -1.231514
-3.436028 -0.754307
0.354543 2.174294
1.145807 2.215807
-2.918000 -1.043156
0.210906 1.383838
-0.725660 0.977154
-1.583257 2.083627
3.452768 -1.331617
-1.093749 4.193748
-0.668650 4.232972
3.975655 -1.533180
0.219884 1.300717
1.609130 4.015487
-0.463593 0.357927
4.825044 0.203713
2.212625 0.971962
-3.547946 -1.176139
-5.080750 -0.158407
-3.037191 -3.328668
-0.600400 1.587863
2.510122 0.881202
0.630778 -0.112458
0.030952 1.500363
1.862903 4.109495
3.555146 -1.107180
-1.002788 3.744568
1.834449 4.119457
0.685313 -0.103239
2.269156 1.129310
2.369566 4.160610
3.481658 -1.592543
-0.046291 2.528150
-0.107625 1.811316
4.724052 -3.162919
-5.398374 -0.312108
-0.040198 2.524018
-2.409862 -1.183770
0.100302 -2.957821
3.744460 -0.600741
-3.015721 -2.888760
-5.761061 -0.533573
-0.682810 3.969904
-0.054991 2.559951
-0.176780 -3.829011
1.137579 2.226420
3.983913 -2.958584
-0.448022 0.363014
-4.352712 1.298867
-0.127779 -2.703019
4.784205 -3.849474
5.061149 -3.112062
3.479317 -1.292371
-2.942635 -2.160697
-5.039951 1.910449
-5.221542 2.088974
-2.802012 -2.829237
-2.550018 -1.032854
-1.593147 2.080059
0.113356 0.917666
0.043436 -2.900447
3.491720 -1.264797
-2.976681 -2.894451
2.541645 4.205989
-5.395496 -0.308916
-0.597070 4.889158
0.553800 1.112562
-3.635793 -0.406798
0.715274 -0.097811
-1.556846 2.085027
-0.116147 1.819384
1.318969 3.998888
4.440105 0.054488
-4.727372 1.034135
2.990957 -1.975621
0.516982 1.424866
3.959709 -3.016912
-5.212080 2.084908
-2.279758 2.230930
3.476894 -1.360268
5.149551 -3.094351
1.292505 4.007355
3.339647 -1.425131
-2.941428 -1.370881
-4.377430 1.278806
0.911907 1.452672
-3.790530 -0.969734
-1.170600 4.225582
0.505780 -2.847206
4.504420 -3.255422
-0.672976 3.989115
2.780423 4.293293
-0.637512 4.665967
-4.704860 -0.006775
2.003300 1.473294
0.154433 1.306451
-4.842087 1.126538
2.219335 1.113132
2.426812 4.197392
-5.668951 -0.476642
-2.951370 -2.983043
-1.010546 3.754620
-3.667489 -0.268645
0.288243 0.620475
0.643142 -0.166090
5.062791 -3.108555
0.982750 1.510229
2.526495 0.866144
-1.123058 4.202936
-2.797174 -2.831604
1.849173 4.060742
-5.667041 -0.461079
2.258058 1.081409
0.577049 -0.288226
-0.222632 0.365747
4.777555 -3.852942
1.133361 2.211134
-5.644345 -0.414781
1.981160 3.764436
-5.164165 -0.023918
0.187347 1.338577
-0.625379 1.033050
-0.267603 -3.816525
3.448693 -1.328959
4.645716 -3.224649
-3.412750 -0.749499
4.763676 -3.634078
3.882199 -1.497257
1.843384 4.112783
3.652030 -0.766737
3.416642 -3.509664
1.136201 2.202750
-4.282816 -1.235861
-0.085860 -2.805608
0.526392 -2.795450
-1.061158 4.193307
1.146983 2.206796
0.203944 1.309751
0.109231 1.449477
4.839952 0.204821
-2.231611 2.319579
-0.288111 -4.706434
2.426041 1.161923
4.454016 -1.375665
-2.121066 -0.404070
-5.343955 1.008254
0.580697 -0.290629
3.839123 -1.108193
-0.960850 3.804749
4.543234 -3.400048
-4.491137 0.075618
0.735403 -2.909140
0.183882 1.353204
-4.332327 -1.256686
-5.924291 -0.466742
3.948061 -2.937239
-2.751352 -2.815771
-2.072689 -0.528433
2.009236 1.465934
-2.099453 -0.500300
-4.868579 1.211962
0.899335 1.450194
-5.127113 -0.055823
-0.472860 1.115670
-1.595725 2.078248
1.324704 3.944168
-4.921868 1.080283
1.320901 3.952458
1.732366 4.673127
-2.460973 2.129619
-0.568510 1.547370
4.270202 0.213719
0.170460 1.346848
4.398322 0.072871
-2.601565 -1.066041
-0.077606 -2.830697
-2.920238 -1.418890
2.347288 1.378200
3.256752 -1.419400
2.921555 -2.155368
