135 2
0.492999 1.264976
0.783143 1.248130
-0.050765 -0.014147
0.501197 0.957940
0.374978 0.857123
0.362870 0.886220
0.433477 0.900551
0.386827 0.881748
0.243265 0.695801
0.375696 0.767829
0.824344 1.556110
0.838318 1.579995
0.747526 1.686141
0.775811 1.555841
0.816922 1.620549
0.782679 1.698748
0.860398 1.589446
-0.996300 0.364820
-1.062455 0.804705
-0.818466 0.384941
-0.681956 0.317293
-0.848421 0.368377
-0.761325 0.288723
-0.752491 0.330191
-0.602167 0.275747
-0.545644 0.244229
-1.278373 0.682237
-1.367406 0.620084
-1.413743 0.538424
-1.344409 0.600637
-1.331248 0.505938
-1.458516 0.561113
-1.455078 0.458642
-0.297442 1.006078
-0.217428 0.698450
-0.234132 0.754245
-0.244575 0.773139
-0.216600 0.736708
-0.205208 0.722925
-0.127262 0.490097
-0.115034 0.422056
-0.443345 1.969584
-0.543840 1.543382
-0.424083 1.567348
-0.435365 1.678565
-0.496565 1.615968
-0.510228 1.539659
-0.493279 1.715765
-0.575691 1.506877
-0.270890 2.230408
-0.390816 2.174382
-0.435824 2.254837
-0.357028 2.303711
-0.426246 2.275617
-0.390157 2.368236
-0.417593 2.390785
-0.405257 -1.145651
-0.204887 -0.718748
-0.301409 -0.678497
-0.207936 -0.768078
-0.293585 -0.682923
-0.169136 -0.673423
-0.071695 -0.607236
-0.134676 -0.454439
-0.574710 -1.824398
-0.618447 -1.474021
-0.605116 -1.555529
-0.509869 -1.509501
-0.487043 -1.571533
-0.524300 -1.653251
-0.491259 -1.582834
-0.441628 -1.756673
-0.689524 -2.351486
-0.714423 -2.366974
-0.635819 -2.462837
-0.711830 -2.340245
-0.680907 -2.447568
-0.668832 -2.518302
-0.717125 -2.459471
0.778169 -0.476672
0.414919 -0.196072
0.402668 -0.222881
0.378416 -0.159342
0.299865 -0.194915
0.398651 -0.226330
0.329840 -0.057668
0.078904 0.029985
0.988994 -1.458975
0.988080 -1.070152
1.039648 -1.003037
0.992626 -1.081086
0.929684 -1.024684
0.946504 -1.128223
1.007367 -1.096433
0.852003 -1.150216
0.906467 -1.697194
0.914243 -1.593320
0.961954 -1.757919
1.029968 -1.691435
1.018609 -1.712456
1.003987 -1.786614
1.144369 -1.639225
1.228730 -0.003874
0.868765 -0.155756
0.967974 -0.047294
0.968092 0.043877
0.929040 0.018199
0.898813 0.051266
0.731018 0.122392
0.839258 0.085023
1.521901 -0.088064
1.505184 -0.006610
1.616356 -0.062572
1.597068 -0.034759
1.608576 -0.019444
1.662320 -0.070920
1.621001 0.057366
-1.154269 -0.667596
-0.757735 -0.515572
-0.819913 -0.494532
-0.793299 -0.472489
-0.847877 -0.437123
-0.690180 -0.367505
-0.616902 -0.343681
-0.634610 -0.300277
-1.267619 -0.890900
-1.309370 -0.836718
-1.320589 -0.773509
-1.366087 -0.848950
-1.304082 -0.827608
-1.439644 -0.776285
-1.384812 -0.866057
0.049665 0.267851
-1.015038 0.856968
0.933549 1.316313
