554 2
-0.713453 -0.529062
-1.366212 -0.869877
3.747285 -0.428365
-0.206351 -0.400420
3.569813 -0.740900
-1.580611 -0.258771
-1.184739 -0.869141
-0.949409 -0.949530
-0.494352 -0.635341
1.348022 -0.285724
-1.961936 -0.208709
-0.956991 -0.897493
2.622675 -0.394369
3.448504 0.292792
-2.283635 -1.144288
-0.778435 -0.885127
-0.984461 -0.303926
1.196926 -0.417227
-0.694504 -0.680700
-0.431164 -0.506448
0.094119 0.020958
-0.810114 -0.794700
2.476794 -0.315938
-0.693401 -1.028645
-1.266556 -0.900931
-1.062287 -0.267544
-3.463472 0.958043
-1.306119 -1.029531
-0.128450 -0.284360
0.335438 0.949977
-0.742414 -0.358213
-0.590112 -1.388468
-0.796543 -0.295832
2.076216 0.435011
1.207575 -0.397717
1.972831 0.047353
0.003223 -0.541599
2.628299 -0.421652
-1.233238 -0.617294
-1.867598 -0.128642
-0.703303 -0.999143
-0.963768 -0.573463
4.023120 0.422519
-1.489945 -0.825055
-0.962912 -0.445522
2.809773 -0.516382
2.257445 0.207292
-0.433335 -0.450310
0.226205 -0.252768
-1.039198 -0.525130
-0.896902 -0.814190
2.023412 0.397959
0.375105 0.845237
0.028076 -0.549615
-0.314667 -0.500187
3.928391 -0.493242
3.918180 -0.243116
-3.164280 0.723321
-1.323103 -1.013483
1.950641 0.163197
0.838332 1.131586
-1.417641 -1.281600
-1.757556 -0.278388
3.444314 0.289293
2.969946 -0.612414
3.317837 -0.637406
-2.354783 -1.153177
-0.696027 -1.013866
-1.796110 -0.149625
2.523805 0.190856
-2.439558 0.017318
0.692379 0.986071
-1.634072 -0.918831
3.752095 0.021569
0.635473 -0.463174
-1.005131 -0.699739
-1.310661 -0.965550
0.716588 1.166357
-3.549873 1.092014
-1.446966 -0.975742
-0.814815 -0.330110
-1.218210 -0.473510
-1.277880 -0.503424
-0.224941 -0.625384
-1.657157 -0.975602
2.326653 0.219889
0.739074 0.947609
1.918894 -0.381787
-1.036024 -1.076191
2.375385 -0.340382
-0.335589 -0.667562
2.654462 0.326640
-2.317923 -1.100348
3.858883 0.202218
-3.546382 1.110149
3.417418 -0.274959
0.764376 0.956651
2.177359 0.278063
-2.743488 0.391233
-2.336051 -1.228131
-1.128040 -1.016469
2.456017 -0.354863
2.896127 -0.154784
-2.145222 -0.184219
-3.125578 0.745352
-1.627347 -0.951811
-0.069851 0.015575
3.052776 0.030490
0.450219 0.587230
-1.155553 -0.830904
2.734482 0.072087
-3.400487 2.414424
0.206000 0.851330
-1.226893 -1.057081
0.248032 -0.420722
-0.307582 -0.299549
0.017800 -0.302994
3.621186 -0.771690
1.986389 0.407594
0.624201 0.533736
3.601411 -0.780686
-3.300975 2.526092
-3.086169 0.773325
-2.635982 0.292372
2.866053 -0.151933
-3.177756 0.751410
-0.240536 -0.244842
2.295364 0.199263
2.060526 0.449839
-0.789748 -0.803584
0.145077 0.404785
1.897455 -0.467030
-0.233128 -0.063997
-3.013232 0.597622
-0.919338 -0.396658
3.671091 -0.506412
3.705620 -0.342255
-2.381049 -0.986332
-1.058585 -0.969185
-1.555079 -0.655596
1.894828 0.570246
-3.418630 2.504467
-2.036802 -0.012510
-1.884871 -0.112993
-3.201846 0.744705
-0.107384 -0.312611
2.472042 0.140184
-1.267114 -0.706877
0.863311 1.090237
-2.122849 -0.171341
-2.351967 -1.252086
3.719543 -0.776695
3.352506 -0.589983
-2.240235 0.053582
1.918841 0.187542
3.497573 0.239809
0.872079 1.209669
0.847202 1.218089
3.696370 -0.739310
3.809955 -0.263096
1.035427 -0.440887
-1.387480 -1.496705
0.087543 -0.175772
3.983720 -0.308648
-1.346683 -1.337161
0.835681 1.205416
-0.773978 -1.317057
2.242646 0.023097
-2.969951 0.602598
-3.528749 2.247784
-3.115025 0.791769
0.781170 0.435135
3.891478 -0.192955
-1.999126 -0.040765
2.849092 -0.599447
2.840096 -0.369189
1.960948 0.115218
-1.509844 -1.260159
2.229865 -0.336347
0.179131 0.843005
-3.499470 0.844003
-3.471977 2.285691
-3.456374 2.401610
-1.034425 -0.992096
2.206263 -0.271452
3.652253 -0.596208
2.375357 0.202216
3.611955 -0.451972
1.767359 -0.171407
-0.433079 -0.712622
-1.321272 -1.494715
-1.298711 -1.482467
3.444539 -0.315252
-1.325784 -1.460188
0.745975 -0.480371
0.238150 0.329282
-1.583597 -0.481419
-3.354980 0.981331
1.702468 -0.250700
-0.948763 -1.062007
2.457953 -0.326228
-0.293237 -0.052304
-1.324637 -1.474396
-0.868756 -0.406687
-1.329689 -0.869150
0.249607 0.885300
-2.358089 -0.906728
3.785593 -0.235342
-3.503222 2.404139
-1.323281 -1.246226
-2.369120 -1.035781
-2.944626 0.566680
0.210706 0.744381
-3.479835 2.422820
-1.684218 -0.226412
1.939966 0.502114
0.221264 0.783158
0.097851 0.549845
2.857958 -0.591261
-3.324323 0.932022
3.453553 0.309677
-3.394642 2.211190
3.066997 -0.663331
-1.458504 -1.027454
3.326707 -0.262553
-1.607287 -0.380828
0.661429 0.628951
3.340207 0.309077
2.781271 -0.495877
-3.427409 2.430521
0.428309 0.645655
2.781485 -0.419524
-0.120358 -0.348170
-3.031157 0.587974
-2.394437 0.014678
-2.137705 -0.924996
-3.467866 1.043945
-1.085529 -0.493513
1.827175 0.489005
2.834728 -0.558622
-1.262576 -0.821175
2.268983 0.211443
-1.467067 -1.233959
-2.610848 0.258406
1.181343 0.529475
-3.307906 0.946321
-2.033844 -0.127672
2.517344 0.189122
2.088291 0.385272
-3.346679 1.076165
-1.080114 -0.589671
-1.038635 -1.047875
3.253056 -0.544079
0.717386 0.990007
0.374150 -0.378430
2.509085 0.189316
0.241338 -0.376430
-1.292019 -0.929011
-3.553717 1.077451
1.945338 -0.292586
-3.489349 0.861836
-0.979030 -0.447798
2.557557 -0.415762
-0.186938 -0.054617
-2.709450 0.341038
1.864562 0.610048
-3.550170 0.864082
-3.514987 2.455693
1.633566 -0.255327
4.048872 0.446206
-2.573685 0.134083
-2.166572 -1.106499
1.920649 -0.320927
-0.071578 -0.249021
0.713459 0.941817
3.910805 -0.337214
1.856514 -0.209952
-1.531931 -1.047904
-3.439811 2.494323
3.646952 -0.754900
-3.481450 0.886320
-2.292121 -1.136800
-3.228337 0.718170
0.394311 0.371925
-1.328104 -1.066629
-0.993797 -0.927985
1.381242 0.411334
3.715943 -0.819057
-2.378056 0.050194
-2.973305 0.571634
3.780437 -0.175288
-1.835210 -0.936948
0.766749 0.929625
0.221084 0.256760
3.725602 -0.312613
2.181873 0.414416
-0.622032 -0.605831
-2.315811 -1.176360
3.517123 -0.717843
-1.210822 -0.895507
-2.323608 -1.200987
-2.014818 -0.066745
-0.648036 -0.801064
-0.273607 -0.151506
0.725184 0.538805
3.938262 -0.561162
0.783372 0.560972
3.392515 -0.657901
-0.578034 -1.367183
1.835261 -0.330435
-1.340258 -0.410727
-2.520205 0.165951
-1.611780 -0.639351
-3.347927 0.798907
0.616729 0.512828
1.740749 0.481688
3.598603 -0.409210
-2.247596 -0.096626
-1.012170 -1.071417
-0.473491 -0.342888
0.089463 0.775133
2.923027 -0.222090
0.209274 0.623998
-1.827787 -0.235138
0.286781 0.736065
1.031849 -0.449320
-2.657618 0.213902
-2.381655 -0.112076
-2.555033 0.211922
3.301665 -0.688870
3.728791 -0.121369
1.884488 0.066623
1.954751 0.148273
-3.315282 2.517601
1.306028 0.557654
-2.513315 0.087283
3.389863 0.262584
0.876214 1.237327
0.979331 -0.486754
-0.064289 0.182003
0.032920 -0.129988
1.286033 0.562991
0.315138 0.908074
1.935678 0.204927
0.153943 0.379094
2.096049 0.198629
-1.232085 -0.647424
-3.512120 2.415248
-0.499767 -1.252221
-1.775005 -0.768425
3.332035 0.320246
-0.308925 -0.288808
2.965395 -0.129496
-2.314785 -0.212154
-2.294164 -0.145126
3.944209 -0.508239
0.104024 0.832567
1.492922 0.913156
3.829598 -0.411628
-3.465910 0.982158
0.123061 -0.203411
1.584730 0.532826
0.863307 1.199773
0.775611 1.047174
1.952452 -0.347834
-0.600099 -1.021118
-2.232769 -0.070477
2.652306 0.406483
0.428869 0.838833
3.657240 -0.516909
3.917324 -0.558144
0.140707 0.228814
0.245981 0.337068
1.071430 0.642730
4.056500 0.451127
2.836367 -0.149424
4.056934 0.450183
-1.050801 -1.043180
-3.537001 2.295781
-3.367858 2.374188
-3.300980 2.521286
2.646764 0.363227
-3.561422 0.921730
-0.590316 -1.389063
3.015209 -0.656449
-2.538301 0.122077
-0.437298 -0.520849
-3.456975 1.022730
0.610983 -0.437618
-2.295542 -0.260527
-3.466250 2.288195
3.410334 0.331949
3.428288 0.306237
-0.619072 -0.621609
3.744003 -0.730252
2.388065 -0.253774
-2.157058 -1.037947
3.405603 -0.496964
-0.957892 -0.970751
3.603047 -0.808980
0.033853 0.822978
-0.223008 -0.525403
-3.235735 0.802558
0.453239 0.548887
-1.010021 -1.025388
2.431285 -0.297560
-3.452737 2.376413
-2.541853 0.127748
3.089936 -0.135747
-3.490422 2.332420
-3.458388 1.001706
-1.903198 -0.111714
0.946974 1.159116
-1.522431 -1.186897
1.146192 -0.382341
2.381973 0.128951
1.847197 0.591122
-2.804421 0.414498
0.277748 0.553776
-3.458447 2.441243
1.825999 0.140255
-1.224669 -0.691987
0.124242 0.800246
-0.623792 -0.418923
-2.388020 -0.005575
0.774557 1.128458
1.142380 0.580836
3.753012 -0.707428
0.653670 0.517387
3.901133 -0.367607
-3.476580 0.898891
1.299478 -0.279761
3.599974 -0.211445
-3.413255 1.020185
3.400866 0.306777
2.068635 0.436324
1.820205 0.518372
-3.406592 1.005130
2.385699 -0.473196
1.949846 0.170407
-0.188771 -0.365853
1.741007 0.645788
-0.267835 -0.727380
-2.957790 0.568523
-1.721306 -0.358155
3.876964 -0.341801
-2.293164 -1.064432
2.310838 0.070013
0.020201 -0.208816
3.626916 -0.496926
-1.781930 -0.994553
-1.460217 -0.860500
-2.203867 -1.143533
0.108898 0.513913
3.379116 -0.517055
0.169158 -0.120989
-1.328378 -1.376358
3.909157 -0.544710
2.181687 0.314183
-0.666139 -0.848673
0.178607 0.835734
-2.394571 -1.012194
2.819283 -0.276758
-2.532817 0.114785
2.381278 -0.100865
-1.784334 -1.047160
-3.503274 2.459561
0.758790 1.167735
-1.818552 -0.532348
1.606556 -0.269849
-0.966799 -0.762317
-2.423783 0.114579
-1.817668 -0.940747
3.627603 -0.464777
-2.213947 -1.140369
3.630984 0.235058
-1.939739 -0.051052
-1.312294 -0.922567
-1.294232 -1.001518
1.867023 0.170576
3.560263 -0.633033
2.419352 -0.292831
2.757316 -0.365044
3.381788 -0.686457
-1.698926 -0.480069
-3.150621 0.776026
0.221387 1.001807
-3.541498 2.284106
3.613597 -0.682642
-1.035612 -0.524293
1.165820 -0.410143
-3.485237 0.888722
0.795421 0.975702
-2.261089 -1.164403
-3.470473 2.456069
-2.976064 0.578261
2.503173 0.210069
-3.378987 1.838891
-0.441239 -0.136420
1.164235 -0.386999
3.324294 0.261334
-3.531147 2.312129
-0.229818 -0.011215
-1.238892 -1.084240
-1.534697 -1.162223
-0.850015 -0.838924
2.163670 0.429739
0.532302 0.982232
0.442995 -0.439842
-1.522944 -0.348905
-3.468764 0.920855
-0.993822 -0.920930
-3.562560 1.104933
0.271921 -0.132405
0.004824 -0.256890
-3.375951 0.996449
2.926708 -0.593908
2.450027 -0.394178
-2.257004 -0.276730
0.211771 0.802548
2.408258 -0.309091
3.856023 -0.011780
-0.350978 -0.407394
0.127785 0.848706
-0.975982 -1.101785
3.576599 -0.225714
-3.229806 0.848137
0.216184 1.059084
0.727139 1.015536
-1.065942 -0.510769
-1.465075 -0.476146
-1.702167 -0.222809
-1.790765 -0.168274
-1.042078 -0.569758
-2.751635 0.388973
-3.150132 0.729745
-1.122364 -1.162142
1.256933 -0.356035
-0.645032 -1.041515
1.969517 0.126160
-3.494365 2.430568
-1.706512 -0.948454
-3.573909 0.911147
0.106032 0.830008
0.200411 0.845688
1.474352 -0.378266
-2.428468 -1.021070
0.285565 0.887296
-0.729407 -1.107093
1.828858 0.570945
0.237225 0.874172
0.692263 0.946008
3.274055 -0.156855
-0.335436 -0.672777
