2050 2
-5.415355 1.877740
-5.390866 1.890863
-5.412114 1.891565
-5.391801 1.853406
-5.357347 1.884526
-5.367141 1.862074
-5.367889 1.852296
5.197347 -1.996863
5.149447 -1.980773
5.191005 -1.977629
5.177076 -2.002953
5.124984 -1.957509
5.147779 -1.989542
5.156907 -1.970960
2.440775 5.353521
2.435981 5.340019
2.473019 5.302253
2.456801 5.327846
2.434290 5.335566
2.433000 5.341620
2.451437 5.325776
-2.099414 -5.470675
-2.105963 -5.458029
-2.071831 -5.454590
-2.083177 -5.444371
-2.041127 -5.413853
-2.081409 -5.413149
-2.045260 -5.428159
-1.478979 4.018002
-2.239318 3.642778
-2.258439 3.637186
-2.242934 3.639917
-1.150995 4.197043
-1.089860 4.246462
-1.137655 4.157063
-2.287781 3.651327
-2.267634 3.589660
-2.324241 3.611159
-1.087918 4.235200
-1.079540 4.224063
-1.088269 4.244567
-0.198582 0.099710
-1.108229 0.479441
-1.108285 0.471434
-1.119971 0.474575
0.591268 -0.225733
0.610859 -0.237529
0.629964 -0.259758
-1.206378 0.523891
-1.187345 0.514926
-1.181891 0.503516
0.738757 -0.295827
0.736621 -0.301918
0.764331 -0.314329
3.693058 1.308513
3.750786 1.051308
3.762371 1.064067
3.759132 1.056654
3.516778 2.049748
3.553531 2.033535
3.521554 2.043155
3.782506 0.993772
3.747510 0.947352
3.782865 1.004081
3.494534 2.115253
3.484643 2.100607
3.508958 2.085225
-3.799510 -1.542394
-3.911142 -1.289318
-3.924676 -1.304581
-3.912718 -1.269423
-3.516035 -2.290170
-3.520271 -2.329200
-3.515674 -2.278707
-3.968835 -1.197421
-3.942755 -1.211824
-3.974346 -1.200174
-3.470241 -2.417390
-3.466563 -2.366630
-3.451226 -2.423260
1.410069 -4.018232
2.217761 -3.602922
2.178124 -3.653211
2.185895 -3.615111
1.220618 -4.117639
1.252359 -4.120660
1.231412 -4.111145
2.249450 -3.591219
2.242713 -3.563682
2.262012 -3.563582
1.111613 -4.199796
1.105815 -4.166923
1.146151 -4.165567
-0.352047 -0.911360
0.430990 1.440137
0.435723 1.419586
0.443138 1.398062
-0.449581 -1.163435
-0.452916 -1.193676
-0.424734 -1.183369
0.455784 1.526905
0.467652 1.509088
0.465383 1.474020
-0.476797 -1.242583
-0.459958 -1.240460
-0.460332 -1.236889
-3.893013 1.348638
-4.134140 1.410154
-4.112013 1.436501
-4.164647 1.399810
-2.739553 1.044349
-2.693804 1.034168
-2.720613 1.020840
-4.208363 1.441078
-4.217492 1.412061
-4.185419 1.441447
-2.629202 1.043842
-2.694268 1.005452
-2.656143 1.030891
-4.001760 2.730103
-4.500652 2.423064
-4.442107 2.413162
-4.461922 2.420839
-3.510522 3.056149
-3.562033 2.983177
-3.533032 2.986508
-4.537486 2.399516
-4.536553 2.398441
-4.505285 2.366627
-3.486274 3.059698
-3.484998 3.049326
-3.495291 3.005468
-2.033489 1.893334
-2.213230 2.455452
-2.257582 2.534999
-2.251664 2.466221
-1.878873 1.569147
-1.917659 1.610732
-1.914878 1.610105
-2.271135 2.586168
-2.260600 2.542463
-2.267959 2.526187
-1.876538 1.531348
-1.858863 1.519709
-1.901942 1.564191
-4.810452 0.559583
-4.955222 0.845381
-4.924509 0.836921
-4.930301 0.844872
-4.685159 0.123351
-4.621080 0.078662
-4.650703 0.103246
-4.967491 0.905056
-4.969410 0.876633
-4.942540 0.879212
-4.624017 0.015215
-4.616436 -0.022710
-4.573918 0.006708
-3.179822 2.076215
-3.117573 2.268111
-3.123622 2.296371
-3.104973 2.270325
-3.795742 0.394982
-3.801107 0.412048
-3.785554 0.412639
-3.102154 2.356020
-3.076529 2.347787
-3.098884 2.335075
-3.826584 0.332303
-3.802685 0.344659
-3.811545 0.358081
-3.012866 -0.200108
-2.405693 0.126027
-2.407784 0.134572
-2.432323 0.129423
-3.167998 -0.297034
-3.196356 -0.302938
-3.182842 -0.289454
-2.359188 0.160172
-2.361386 0.175534
-2.354348 0.195666
-3.265119 -0.332414
-3.234434 -0.307621
-3.260307 -0.314158
-5.023270 2.106847
-5.191117 1.950907
-5.166664 2.003233
-5.192339 1.955823
-4.761644 2.274849
-4.789051 2.284123
-4.765705 2.255166
-5.232049 1.925260
-5.211660 1.916259
-5.226038 1.941447
-4.726867 2.324865
-4.737282 2.277522
-4.723004 2.284547
-4.871763 1.640971
-5.111577 1.765065
-5.164467 1.784482
-5.125866 1.740877
-4.587276 1.577803
-4.585459 1.565043
-4.610444 1.536566
-5.191517 1.821607
-5.159533 1.781602
-5.178442 1.774752
-4.510603 1.561015
-4.549086 1.530465
-4.533422 1.558458
-4.456153 1.906629
-4.423671 1.699520
-4.381742 1.723587
-4.409722 1.721511
-4.575351 2.192255
-4.541772 2.159502
-4.545970 2.146589
-4.371000 1.649710
-4.406984 1.665828
-4.370619 1.653781
-4.568073 2.235309
-4.579217 2.212855
-4.559122 2.244456
-5.215664 1.389776
-5.297738 1.631154
-5.329305 1.674551
-5.290996 1.666992
-5.079923 1.156843
-5.128672 1.121770
-5.124496 1.137863
-5.332673 1.710719
-5.308016 1.684167
-5.321534 1.718791
-5.068854 1.109135
-5.083632 1.103276
-5.118418 1.052747
-4.681768 1.239893
-4.496231 1.391065
-4.409939 1.387528
-4.507465 1.367881
-4.832976 1.155528
-4.826460 1.075570
-4.796222 1.160049
-4.424809 1.405141
-4.448826 1.413364
-4.418720 1.420466
-4.887091 1.091681
-4.829502 1.148214
-4.824765 1.124173
-4.740382 1.917910
-4.663755 2.140775
-4.635427 2.147538
-4.643155 2.132057
-4.975354 1.250760
-4.930752 1.251364
-4.909422 1.269264
-4.627765 2.186704
-4.640908 2.172685
-4.618702 2.194054
-4.995615 1.155346
-4.984025 1.192499
-4.942804 1.167729
-5.248953 1.818127
-5.328654 1.917101
-5.173346 1.867178
-5.347091 1.767871
-5.254963 1.809755
-5.256857 1.704040
-4.253833 1.555361
-4.386754 1.493193
-4.472167 1.616251
-4.293937 1.396206
-4.506108 1.467743
-4.428778 1.565545
-4.499990 2.313228
-4.656731 2.355021
-4.663577 2.259925
-4.573442 2.256103
-4.713701 2.219393
-4.604855 2.172332
-4.887161 1.008166
-5.043596 0.984267
-5.010732 1.112976
-4.943949 0.944425
-5.050598 1.165317
-4.869352 1.180827
-2.334738 3.174442
-2.370681 3.394702
-2.324920 3.346739
-2.372414 3.356492
-2.343645 2.894162
-2.306484 2.847071
-2.321446 2.867862
-2.356583 3.489997
-2.370899 3.485563
-2.353984 3.442925
-2.319861 2.831386
-2.320958 2.841701
-2.298279 2.835288
-2.997134 3.377033
-2.630166 3.500151
-2.698617 3.510024
-2.659958 3.485365
-3.203743 3.287090
-3.200923 3.279640
-3.234694 3.255877
-2.566288 3.541789
-2.594815 3.486449
-2.598861 3.525265
-3.247048 3.257143
-3.250101 3.266697
-3.289893 3.227885
-2.738865 2.893996
-3.181994 3.032625
-3.202262 3.037818
-3.173584 3.001798
-2.516310 2.830615
-2.500749 2.790165
-2.608167 2.840984
-3.192582 3.071548
-3.173942 3.037685
-3.213232 3.042159
-2.481446 2.806417
-2.488432 2.806976
-2.502990 2.795316
-2.748514 2.960378
-2.538011 3.319132
-2.574378 3.282179
-2.562259 3.306624
-2.918657 2.676553
-2.889339 2.716187
-2.885006 2.706094
-2.503002 3.364397
-2.531195 3.364987
-2.484156 3.393720
-2.956460 2.664546
-2.921314 2.651479
-2.917852 2.649612
-3.291525 2.812363
-3.347114 2.947038
-3.367448 2.930096
-3.343124 2.909369
-3.154749 2.584603
-3.204156 2.619581
-3.175986 2.609080
-3.405076 3.006574
-3.359815 2.990848
-3.343436 2.950315
-3.157284 2.554843
-3.147477 2.559635
-3.174589 2.551018
-2.715751 2.547386
-2.513961 2.649025
-2.520060 2.614318
-2.500345 2.661660
-2.891528 2.489227
-2.914436 2.445475
-2.917132 2.496516
-2.456151 2.620074
-2.485631 2.655853
-2.478628 2.646223
-2.938814 2.450839
-2.944108 2.505534
-2.950662 2.455948
-2.419174 3.597509
-2.278096 3.569409
-2.453225 3.495243
-2.374639 3.501260
-2.451182 3.396255
-2.581633 3.445580
-3.403836 3.038625
-3.440504 3.124113
-3.210189 3.158475
-3.451044 2.972893
-3.330484 3.110817
-3.270215 2.998193
-2.349291 2.640021
-2.270830 2.742049
-2.421853 2.832878
-2.356202 2.558529
-2.367501 2.788596
-2.497308 2.720887
-3.139868 2.469350
-2.991418 2.554068
-3.098538 2.606105
-2.996016 2.396519
-2.916437 2.602735
-3.010609 2.512204
-1.550909 1.062035
-1.414236 0.831774
-1.392983 0.810679
-1.412440 0.834937
-1.678810 1.257693
-1.680621 1.281376
-1.688752 1.267523
-1.362170 0.733599
-1.396569 0.733348
-1.343639 0.705207
-1.712284 1.298950
-1.736522 1.290434
-1.721987 1.324703
-2.122516 0.864631
-1.534233 0.653580
-1.474443 0.626144
-1.557439 0.640789
-2.283626 0.939043
-2.316818 0.932410
-2.302758 0.928738
-1.437498 0.639414
-1.488838 0.602836
-1.424567 0.580547
-2.367151 0.971350
-2.342864 0.957981
-2.379041 0.959686
-2.226816 1.185770
-2.306815 1.121393
-2.381387 1.100090
-2.317510 1.121543
-1.985926 1.336735
-1.987404 1.354653
-1.975806 1.329178
-2.345474 1.081791
-2.320393 1.103898
-2.383662 1.072292
-1.909003 1.385013
-1.943467 1.328407
-1.960215 1.384275
-1.807291 0.365750
-1.497437 0.503857
-1.443045 0.475291
-1.533644 0.473915
-1.985027 0.295006
-2.028951 0.285570
-2.011089 0.300220
-1.415095 0.510651
-1.439070 0.526473
-1.431401 0.510055
-2.092391 0.271542
-2.085054 0.304798
-2.097640 0.279580
-2.416551 0.581905
-2.493993 0.804729
-2.545086 0.821583
-2.484231 0.816557
-2.303031 0.383768
-2.348527 0.424102
-2.310298 0.403702
-2.577864 0.907825
-2.499178 0.842651
-2.529848 0.859977
-2.297905 0.351616
-2.270925 0.357851
-2.312076 0.386241
-2.053070 0.776923
-1.925955 1.174588
-1.971553 1.095358
-1.945948 1.159654
-2.138308 0.505749
-2.172382 0.498322
-2.177903 0.489839
-1.918498 1.225932
-1.910817 1.240795
-1.945111 1.217488
-2.196200 0.427789
-2.181401 0.424666
-2.212760 0.425328
-1.341036 0.566576
-1.266693 0.642880
-1.440288 0.689699
-1.313877 0.494391
-1.431196 0.578438
-1.468017 0.560883
-2.562445 1.058748
-2.515192 0.985580
-2.329920 1.044737
-2.627054 0.921092
-2.400272 0.922524
-2.412831 0.980236
-1.937151 1.457726
-1.789519 1.431448
-1.790872 1.320773
-1.923587 1.499648
-1.814325 1.259847
-1.943204 1.266571
-2.352828 0.232496
-2.275135 0.191081
-2.198949 0.315303
-2.320169 0.260626
-2.101450 0.362278
-2.241410 0.411973
-3.910419 -0.155099
-4.011610 -0.903852
-3.993438 -0.911081
-3.967632 -0.927147
-3.884909 -0.012692
-3.881909 0.068966
-3.869712 0.034461
-4.011996 -0.929296
-3.974721 -0.946707
-3.971303 -0.970532
-3.847194 0.060772
-3.848825 0.042970
-3.866331 0.065526
-4.306678 -0.641146
-4.174047 -0.840655
-4.182743 -0.851508
-4.159702 -0.854371
-4.427373 -0.412363
-4.454838 -0.406012
-4.440243 -0.408384
-4.175304 -0.917382
-4.183477 -0.892701
-4.109376 -0.865108
-4.455850 -0.339728
-4.437452 -0.363102
-4.464645 -0.353958
-4.154448 0.065775
-4.355412 -0.098526
-4.363571 -0.025409
-4.307841 -0.040201
-3.988245 0.141681
-3.973405 0.196852
-3.990757 0.159172
-4.364546 -0.068671
-4.354307 -0.092313
-4.375821 -0.058062
-3.955845 0.186595
-3.955319 0.146727
-3.941527 0.195013
-3.657636 -0.711129
-3.826666 -0.876445
-3.844229 -0.917755
-3.854640 -0.872838
-3.504758 -0.551761
-3.457542 -0.533919
-3.478610 -0.527920
-3.871791 -0.970127
-3.903193 -0.923718
-3.905439 -0.916455
-3.437438 -0.517632
-3.460972 -0.503259
-3.422581 -0.492500
-3.978621 -0.258884
-4.363260 -0.188587
-4.357926 -0.149337
-4.316344 -0.169928
-3.591151 -0.367098
-3.547824 -0.341824
-3.596376 -0.338566
-4.472223 -0.142022
-4.396396 -0.166434
-4.408752 -0.144997
-3.517728 -0.385566
-3.556941 -0.375022
-3.553156 -0.350948
-3.539496 -0.088263
-3.662006 0.064741
-3.692135 0.125159
-3.727708 0.095808
-3.462222 -0.204354
-3.439645 -0.211453
-3.461264 -0.213307
-3.702940 0.133348
-3.739232 0.112346
-3.726923 0.129011
-3.408977 -0.250856
-3.444888 -0.264085
-3.411804 -0.242343
-4.075227 -1.026928
-3.971696 -1.099993
-4.082304 -0.894686
-3.906939 -1.112938
-3.897221 -0.938747
-4.022656 -0.886746
-4.487998 -0.011924
-4.613424 -0.056239
-4.421739 -0.279460
-4.519743 -0.056852
-4.428849 -0.324444
-4.368792 -0.103565
-3.869423 0.300067
-3.837951 0.197722
-3.916803 0.081239
-3.736059 0.228024
-3.820336 0.062960
-3.828142 0.125387
-3.413821 -0.341950
-3.345732 -0.446887
-3.516450 -0.456040
-3.331934 -0.280953
-3.433843 -0.374795
-3.504341 -0.321753
4.578050 -0.710212
4.704863 -0.999683
4.677786 -0.965126
4.712013 -1.041107
4.437535 -0.242585
4.451464 -0.289669
4.401965 -0.233271
4.710887 -1.063619
4.726229 -1.088263
4.710312 -1.096400
4.360732 -0.162794
4.376979 -0.177786
4.354546 -0.173514
3.010800 -1.245461
3.829337 -1.543680
3.851756 -1.544904
3.868449 -1.587448
2.397837 -1.006522
2.377438 -0.994200
2.387897 -1.027146
3.912148 -1.566238
3.914761 -1.594052
3.903208 -1.592174
2.334936 -0.972067
2.307113 -0.978532
2.338368 -0.980258
2.611130 0.078133
2.094440 -0.100072
2.104168 -0.120632
2.073525 -0.135854
2.959738 0.201310
2.955340 0.184608
2.949914 0.184417
2.030381 -0.151931
2.002046 -0.167913
2.034223 -0.171307
3.044475 0.226429
3.018449 0.223015
3.016306 0.199569
3.752346 -2.826565
4.155519 -2.585553
4.158329 -2.574322
4.173147 -2.561636
3.512193 -2.988236
3.551077 -2.948975
3.516047 -2.977990
4.235125 -2.532156
4.243731 -2.537084
4.238514 -2.503728
3.454371 -2.995413
3.417828 -3.039982
3.427943 -2.994352
1.791496 -1.822872
1.644606 -1.536866
1.643689 -1.530007
1.647969 -1.523069
2.034328 -2.461778
2.030655 -2.435758
2.044765 -2.429085
1.601292 -1.454116
1.603684 -1.468919
1.623857 -1.430234
2.069658 -2.533784
2.088491 -2.526530
2.091834 -2.516267
3.114918 -1.686478
3.484836 -0.546916
3.469443 -0.584594
3.470722 -0.551102
2.982956 -2.211593
2.994007 -2.201082
2.990639 -2.176114
3.504594 -0.524061
3.495463 -0.506045
3.479967 -0.556491
2.960483 -2.302535
2.936611 -2.297961
2.978493 -2.265181
4.726465 -1.872496
4.870141 -1.910977
4.823122 -1.900003
4.851537 -1.925954
4.245369 -1.689728
4.229237 -1.695599
4.270323 -1.742450
4.948383 -1.943902
4.904165 -1.937321
4.908576 -1.948081
4.190050 -1.651812
4.245857 -1.700444
4.190873 -1.711225
4.975376 -1.646923
5.029777 -1.804997
5.055822 -1.793047
5.041577 -1.814954
4.862684 -1.458770
4.875476 -1.424878
4.875081 -1.461841
5.061653 -1.849652
5.065574 -1.841617
5.063346 -1.855954
4.812113 -1.369654
4.820641 -1.397787
4.827759 -1.373788
4.278336 -1.462807
4.577957 -1.347171
4.571538 -1.326150
4.563991 -1.351101
4.150331 -1.533919
4.160627 -1.517190
4.182799 -1.535629
4.620070 -1.321227
4.587998 -1.357753
4.602582 -1.321568
4.109917 -1.574164
4.118664 -1.587462
4.110442 -1.564947
4.800338 -2.223862
4.920468 -2.132251
4.957905 -2.116978
4.938526 -2.113890
4.627366 -2.332516
4.564324 -2.392333
4.590660 -2.349580
4.986221 -2.093307
4.949321 -2.088957
5.013219 -2.065151
4.531218 -2.402764
4.540966 -2.369080
4.513443 -2.409085
4.499293 -2.066607
4.706149 -1.470043
4.704358 -1.486140
4.672627 -1.500262
4.450338 -2.247988
4.376687 -2.307850
4.389527 -2.212954
4.733848 -1.417096
4.709383 -1.421622
4.711843 -1.371168
4.438541 -2.304981
4.445191 -2.273736
4.391029 -2.295589
4.195367 -2.084293
4.108031 -1.838808
4.068038 -1.831904
4.093037 -1.852853
4.276552 -2.219286
4.258551 -2.232272
4.259696 -2.203144
4.065170 -1.766306
4.105082 -1.769671
4.032474 -1.796059
4.314365 -2.319979
4.319848 -2.273891
4.283895 -2.259449
5.106801 -1.886584
5.006725 -1.959536
4.997932 -1.870235
5.090140 -2.061451
4.939200 -2.008988
5.032608 -1.897031
4.657108 -1.152829
4.748784 -1.119624
4.716095 -1.380973
4.717462 -1.156904
4.802901 -1.423661
4.626438 -1.396379
3.987165 -1.552200
4.008289 -1.622368
4.172817 -1.611351
3.956778 -1.688600
4.149277 -1.753327
4.112588 -1.692285
4.308156 -2.402836
4.396066 -2.489486
4.513544 -2.320503
4.227081 -2.487195
4.463759 -2.349619
4.341109 -2.237644
1.394326 -0.256173
1.154719 -0.323247
1.112204 -0.305688
1.147787 -0.316786
1.743860 -0.202822
1.745327 -0.184954
1.747824 -0.233888
1.050579 -0.309351
1.126758 -0.338655
1.090897 -0.320096
1.802155 -0.192814
1.794948 -0.221295
1.816805 -0.196484
1.669558 -0.686827
1.225944 -0.498782
1.172916 -0.484975
1.178807 -0.500777
1.944284 -0.783091
1.952615 -0.804996
1.915874 -0.833649
1.062906 -0.420433
1.079025 -0.426684
1.098119 -0.449577
2.034354 -0.871341
2.034595 -0.875144
2.071368 -0.933815
2.076617 -0.531942
2.167708 -0.731015
2.176402 -0.705348
2.135216 -0.729134
1.990015 -0.350075
2.009264 -0.363394
1.989161 -0.385312
2.175366 -0.773729
2.143955 -0.779430
2.157960 -0.788666
1.981568 -0.309731
1.955970 -0.331646
1.981895 -0.332313
1.236062 -0.926746
1.051857 -0.598100
0.989786 -0.586373
1.136109 -0.673882
1.368416 -1.091509
1.309661 -1.042723
1.352813 -1.061303
1.010502 -0.595343
1.059409 -0.607539
0.999233 -0.575261
1.441628 -1.163435
1.442802 -1.148288
1.412570 -1.134410
1.833826 -1.150363
2.032397 -1.019123
2.069770 -1.032592
2.039433 -1.025270
1.713395 -1.201852
1.733514 -1.247633
1.717003 -1.202954
2.096357 -1.013368
2.062147 -0.981888
2.087790 -0.986857
1.678564 -1.281908
1.656744 -1.212184
1.677554 -1.249564
1.681485 -0.767482
1.794867 -0.396600
1.797114 -0.426775
1.797471 -0.437599
1.576381 -1.017988
1.608241 -1.085262
1.593449 -1.056123
1.826373 -0.387847
1.809040 -0.371459
1.851289 -0.383874
1.565307 -1.143873
1.569758 -1.095982
1.591528 -1.120640
0.940218 -0.377940
0.855295 -0.285609
1.141208 -0.367743
0.852452 -0.442128
1.061931 -0.490779
1.243768 -0.569216
2.264443 -0.867488
2.184618 -0.933474
2.104763 -0.766680
2.207228 -1.014567
2.056366 -0.964672
2.102956 -0.861133
2.033094 -0.221671
1.961619 -0.132990
1.899902 -0.284572
1.941741 -0.255792
1.788933 -0.291741
1.895923 -0.370709
1.680896 -1.307542
1.528501 -1.366818
1.581378 -1.196223
1.600228 -1.271931
1.449080 -1.086599
1.608855 -1.134371
3.475962 0.564670
3.680164 0.702277
3.662161 0.735893
3.620648 0.690708
3.294137 0.400859
3.252368 0.381426
3.252410 0.358887
3.710428 0.742462
3.703241 0.727127
3.699905 0.743490
3.224281 0.360788
3.251373 0.344229
3.213773 0.350495
4.101020 0.400846
3.948091 0.620058
3.961155 0.640169
3.970706 0.606713
4.221384 0.177456
4.219453 0.215633
4.206970 0.193743
3.919306 0.675600
3.903680 0.675018
3.917752 0.681167
4.278855 0.091792
4.244421 0.117805
4.277420 0.071731
3.553878 0.137729
4.138566 0.028875
4.215793 -0.045982
4.103184 0.003072
3.384728 0.193857
3.379498 0.197833
3.406265 0.185844
4.216948 -0.004209
4.169775 0.010010
4.187775 -0.028316
3.333004 0.217643
3.342911 0.230023
3.340436 0.216965
3.649316 -0.101612
3.808851 0.626106
3.810492 0.625518
3.832318 0.600245
3.620449 -0.198397
3.607917 -0.224167
3.585146 -0.201996
3.798141 0.722682
3.820009 0.639172
3.814644 0.687308
3.587940 -0.277191
3.593411 -0.237990
3.585083 -0.263141
3.975035 -0.223203
4.173740 -0.115029
4.169695 -0.159825
4.152860 -0.127695
3.721369 -0.331890
3.724696 -0.350210
3.747092 -0.320778
4.204656 -0.136153
4.181656 -0.099725
4.197707 -0.128552
3.679322 -0.374584
3.675565 -0.334642
3.634194 -0.373544
3.381539 -0.116715
3.253525 0.088878
3.228314 0.127186
3.271200 0.107112
3.461275 -0.262135
3.461129 -0.279191
3.483775 -0.308571
3.206069 0.144800
3.265483 0.171605
3.192457 0.157033
3.511751 -0.283418
3.505132 -0.295813
3.500097 -0.341860
3.878834 0.834503
3.702611 0.852414
3.815757 0.699602
3.779956 0.843641
3.719914 0.690414
3.881557 0.655952
4.319129 -0.116262
4.339140 -0.027095
4.240587 0.077735
4.291806 -0.181251
4.225533 0.009813
4.155910 -0.037380
3.167398 0.209306
3.091008 0.307185
3.311958 0.273839
3.089367 0.181481
3.236629 0.276754
3.272969 0.177699
3.576045 -0.472469
3.544127 -0.386925
3.631801 -0.262095
3.483783 -0.431289
3.554619 -0.262833
3.578766 -0.327524
2.235035 -3.095750
2.298639 -3.369298
2.269787 -3.399114
2.282521 -3.338405
2.199759 -2.833464
2.156597 -2.793861
2.205738 -2.839368
2.328626 -3.436135
2.315599 -3.389391
2.282056 -3.415033
2.161196 -2.792668
2.204463 -2.779442
2.141268 -2.736740
2.846874 -3.359992
2.572274 -3.469169
2.628646 -3.455557
2.589099 -3.456229
3.070394 -3.218615
3.063251 -3.260329
3.078459 -3.231335
2.501563 -3.514639
2.537534 -3.476868
2.506843 -3.499654
3.136417 -3.196722
3.116794 -3.186543
3.173757 -3.184562
2.582364 -2.854803
2.957094 -3.020636
2.983339 -2.987437
3.000424 -3.015119
2.413527 -2.786355
2.398218 -2.770866
2.401302 -2.765475
3.014349 -3.042221
3.013692 -3.049109
3.028409 -3.024185
2.310421 -2.738368
2.337581 -2.739153
2.332541 -2.731073
2.599241 -3.088047
2.502047 -3.254620
2.481504 -3.294446
2.525445 -3.246821
2.794298 -2.682206
2.794944 -2.628222
2.768079 -2.656067
2.427366 -3.364973
2.467294 -3.327861
2.483881 -3.368575
2.816196 -2.610780
2.818944 -2.644866
2.810419 -2.608997
3.097621 -2.757923
3.171651 -2.903465
3.221404 -2.961452
3.177283 -2.939748
2.995317 -2.582347
3.031365 -2.549699
2.969494 -2.554094
3.222862 -3.016183
3.191601 -3.002719
3.229783 -3.001273
2.979520 -2.514957
2.962660 -2.563376
2.967029 -2.507148
2.529027 -2.493662
2.347468 -2.561508
2.337142 -2.526347
2.385183 -2.575076
2.760378 -2.478397
2.709555 -2.435353
2.755550 -2.498343
2.268142 -2.566503
2.307597 -2.578744
2.326993 -2.565922
2.767524 -2.446039
2.778342 -2.485226
2.774766 -2.469962
2.358660 -3.581690
2.263950 -3.489168
2.484519 -3.469401
2.353151 -3.443329
2.370375 -3.337571
2.523310 -3.386316
3.294085 -2.995862
3.319042 -3.114098
3.041746 -3.126368
3.327544 -2.993563
3.204322 -3.098262
3.131597 -3.007186
2.192819 -2.610494
2.102449 -2.664639
2.270303 -2.778904
2.194040 -2.526483
2.231949 -2.744890
2.360416 -2.691256
2.995226 -2.447208
2.870034 -2.466824
2.920360 -2.581775
2.880187 -2.321833
2.762526 -2.550252
2.878221 -2.510965
3.024055 4.019991
2.862422 4.439741
2.858711 4.375925
2.841727 4.396874
3.283588 3.419322
3.226309 3.468388
3.234506 3.481866
2.833880 4.452929
2.822320 4.444647
2.808776 4.439205
3.293928 3.382644
3.283088 3.385600
3.244432 3.410969
1.117300 4.987241
1.441086 5.029222
1.406000 5.015621
1.424416 5.010175
0.274674 4.910861
0.347504 4.900426
0.248749 4.883737
1.472119 5.037097
1.479076 5.025061
1.490136 5.003924
0.245387 4.881258
0.213478 4.891494
0.240102 4.879534
1.938406 3.403964
0.695474 4.033816
0.718705 4.035578
0.639992 4.053857
2.346249 3.220233
2.355896 3.223138
2.352051 3.214246
0.646267 4.082584
0.613941 4.069594
0.638699 4.059437
2.434148 3.181268
2.407812 3.179193
2.440903 3.142863
1.384161 3.376708
1.782145 4.093076
1.769695 4.079416
1.758433 4.110845
1.187898 3.018656
1.179698 3.028410
1.202694 3.018445
1.827490 4.157060
1.827413 4.186819
1.800867 4.150836
1.118086 2.913534
1.131426 2.905692
1.141280 2.927922
0.054695 2.992710
-0.163671 3.589343
-0.145921 3.589144
-0.137536 3.595152
0.125006 2.800752
0.111165 2.847697
0.147893 2.794284
-0.201852 3.654857
-0.172328 3.650234
-0.163829 3.667558
0.143979 2.769858
0.168242 2.729522
0.175816 2.741999
1.855506 2.151344
2.428543 2.240452
2.418420 2.275288
2.414860 2.275603
1.516339 2.078295
1.549065 2.117111
1.551175 2.090520
2.483952 2.283515
2.471872 2.268317
2.471403 2.304654
1.462939 2.097114
1.440010 2.056992
1.460332 2.092046
2.060487 5.228537
2.243319 5.272719
2.253662 5.295386
2.229425 5.276361
1.859216 5.168340
1.756985 5.164711
1.774791 5.148143
2.302522 5.296795
2.269289 5.261969
2.286332 5.295873
1.750658 5.127754
1.773473 5.119887
1.731464 5.117451
2.669855 4.926933
2.573727 5.101121
2.593067 5.094283
2.591996 5.078615
2.724790 4.782300
2.765150 4.739223
2.720717 4.685846
2.548632 5.148832
2.557802 5.130202
2.566836 5.132254
2.731851 4.698407
2.733891 4.727625
2.744764 4.653665
2.056443 4.873195
2.522125 4.681433
2.493427 4.680016
2.530537 4.651029
1.881638 4.980019
1.891637 4.927386
1.881564 4.945579
2.578950 4.661962
2.553269 4.662508
2.568332 4.647673
1.823811 4.977809
1.846525 4.979002
1.833555 4.946438
2.169652 4.739414
2.307327 5.058940
2.359819 5.100779
2.348699 5.057937
2.082758 4.505921
2.050210 4.517822
2.069557 4.535732
2.371443 5.141590
2.399205 5.120225
2.397170 5.139804
2.039836 4.446015
2.028449 4.490687
2.032463 4.466720
2.246938 4.379905
2.645781 4.506898
2.629780 4.465006
2.617883 4.497734
2.104832 4.350952
2.099449 4.331220
2.085380 4.346290
2.664880 4.505234
2.662006 4.480475
2.652203 4.472577
2.045471 4.324862
2.060134 4.347334
2.012524 4.331430
1.710387 4.722318
1.670678 4.850277
1.641858 4.845240
1.683416 4.828834
1.822363 4.487206
1.791590 4.463686
1.804677 4.491226
1.625203 4.913733
1.693243 4.938224
1.655966 4.906326
1.830732 4.423045
1.865169 4.440692
1.818403 4.410842
2.532624 5.210652
2.361128 5.340393
2.383849 5.222116
2.400808 5.213739
2.286787 5.210878
2.480163 5.111512
2.681265 4.564630
2.810567 4.556529
2.673469 4.699556
2.758755 4.445342
2.684150 4.562418
2.583651 4.572033
1.713249 4.981648
1.563785 5.072406
1.844364 5.061878
1.561655 4.945400
1.727990 5.042322
1.744951 4.932729
1.895710 4.202306
1.919616 4.315723
2.055768 4.426738
1.777912 4.263322
1.945277 4.488698
1.945335 4.379631
0.087247 4.241357
-0.740936 4.329752
-0.688082 4.333358
-0.648778 4.285192
0.245992 4.229445
0.237092 4.213021
0.282331 4.192408
-0.799767 4.322488
-0.769377 4.311528
-0.804712 4.294834
0.337355 4.207306
0.346148 4.187237
0.350405 4.171159
-0.619650 4.557816
-0.764520 4.461229
-0.778948 4.463994
-0.807700 4.400527
-0.106861 4.774364
-0.174172 4.755295
-0.174601 4.740113
-0.832672 4.445176
-0.830121 4.406250
-0.872854 4.386097
-0.103359 4.782340
-0.106505 4.769658
-0.103211 4.770048
0.292237 4.514689
0.164524 4.683892
0.222442 4.649446
0.193100 4.650176
0.398066 4.305423
0.453943 4.274035
0.392462 4.332437
0.154528 4.716677
0.115248 4.677056
0.198850 4.697375
0.453983 4.251221
0.432083 4.251461
0.443190 4.254490
-0.625880 4.046170
-0.774575 4.134795
-0.822379 4.144385
-0.803705 4.174253
-0.426717 3.943451
-0.429076 3.922009
-0.418103 3.928908
-0.851659 4.197294
-0.823977 4.211428
-0.862370 4.199763
-0.401357 3.916207
-0.392940 3.912328
-0.384744 3.892294
-0.124040 4.358495
-0.058296 4.605214
-0.067104 4.585468
-0.035876 4.594366
-0.207890 4.107221
-0.198981 4.085933
-0.162877 4.030388
-0.022127 4.713406
-0.025859 4.672742
-0.002060 4.688098
-0.215003 3.979632
-0.201737 3.987869
-0.185311 3.988941
0.121940 3.942726
0.348675 4.043922
0.312125 4.020749
0.323725 4.043240
-0.032174 3.888996
-0.034629 3.863883
-0.048762 3.901055
0.427952 4.060677
0.390565 4.053207
0.417015 4.062988
-0.100106 3.822701
-0.076494 3.864545
-0.072489 3.851837
-0.978901 4.322087
-0.956233 4.275013
-0.794763 4.395950
-0.973177 4.183086
-0.787102 4.232671
-0.831090 4.318984
0.239397 4.786994
-0.015031 4.821649
0.025320 4.746948
0.116568 4.812148
-0.095612 4.740559
0.082092 4.662515
0.547654 4.186584
0.482330 4.122799
0.355178 4.255233
0.514494 4.051578
0.344170 4.130085
0.412039 4.169389
-0.192893 3.809679
-0.304923 3.779670
-0.306251 3.982570
-0.126498 3.719406
-0.216547 3.862529
-0.135372 3.942791
2.940207 2.748021
3.275062 2.462398
3.346036 2.378153
3.330181 2.386496
2.792624 2.907979
2.741875 2.932259
2.754725 2.885619
3.322619 2.384929
3.350121 2.370063
3.351669 2.360512
2.697050 2.974739
2.716053 2.959074
2.655997 2.980186
3.453334 2.752555
3.484412 2.476037
3.505644 2.460153
3.498153 2.390577
3.407981 3.012875
3.412855 3.058008
3.396108 3.050196
3.506122 2.386681
3.488864 2.408070
3.480769 2.353896
3.369735 3.122574
3.362819 3.103683
3.378599 3.137281
2.870428 3.182801
3.169773 3.219248
3.098519 3.251025
3.112518 3.208549
2.735394 3.153269
2.736614 3.171265
2.702069 3.144958
3.147382 3.244534
3.131160 3.213237
3.146813 3.209682
2.686659 3.172179
2.700575 3.140632
2.683515 3.139499
2.966438 2.240330
3.260893 2.234976
3.284650 2.211086
3.306589 2.244468
2.812374 2.279977
2.766268 2.247466
2.789873 2.265734
3.314110 2.209196
3.326769 2.257252
3.340526 2.229748
2.748196 2.276951
2.753413 2.315037
2.713854 2.270261
3.006806 2.785385
3.207537 3.030557
3.229840 3.042032
3.165812 3.000206
2.814615 2.525817
2.776431 2.521016
2.764707 2.516861
3.264974 3.102867
3.198531 3.081153
3.233102 3.118427
2.721551 2.486359
2.742032 2.501673
2.717469 2.480711
2.530765 2.715481
2.529092 2.881071
2.506879 2.923419
2.534828 2.912995
2.566990 2.513235
2.538839 2.523834
2.554927 2.540567
2.522429 2.954836
2.550802 2.942597
2.512184 2.973652
2.554061 2.474172
2.592724 2.487503
2.557248 2.496454
3.512833 2.186371
3.422096 2.215762
3.453009 2.450962
3.451218 2.101636
3.308777 2.304339
3.430351 2.312313
3.188992 3.339708
3.346298 3.279923
3.300577 3.154933
3.264328 3.257880
3.345425 3.086147
3.175811 3.143055
2.541457 3.186194
2.512634 3.106798
2.728198 3.074819
2.443468 3.087731
2.621260 2.949560
2.608509 3.033633
2.530664 2.352143
2.555927 2.250028
2.781434 2.353093
2.510328 2.396387
2.657097 2.400035
2.655997 2.500718
0.335512 2.072604
0.420975 1.860176
0.392237 1.841302
0.418335 1.855059
0.255449 2.350057
0.232229 2.404550
0.281146 2.375712
0.437482 1.809755
0.438010 1.811564
0.409068 1.770974
0.251543 2.435053
0.243641 2.393152
0.283724 2.419839
0.762646 2.197936
0.603994 1.910888
0.587167 1.834759
0.623131 1.874119
0.886625 2.523305
0.920016 2.571299
0.920264 2.528106
0.547705 1.825241
0.579898 1.856935
0.573725 1.779163
0.904257 2.585668
0.946444 2.583568
0.957830 2.582061
0.586214 2.708381
0.863416 2.743301
0.802475 2.757894
0.821916 2.751196
0.360348 2.643687
0.374075 2.656235
0.398108 2.634072
0.884999 2.769261
0.896904 2.742462
0.902282 2.779759
0.327199 2.634880
0.361183 2.605178
0.334328 2.635787
0.932241 1.799078
0.636761 1.711532
0.673929 1.653725
0.728126 1.689726
1.149471 1.926112
1.141018 1.913181
1.139977 1.924279
0.624485 1.683849
0.634414 1.697006
0.639881 1.648289
1.221826 1.955697
1.207247 1.979729
1.212207 1.930122
1.172449 2.438610
1.091261 2.586882
1.138247 2.546820
1.085557 2.615555
1.260500 2.241091
1.265036 2.259291
1.232877 2.256896
1.109798 2.614722
1.071554 2.627939
1.109147 2.655419
1.302632 2.194881
1.283047 2.207653
1.291733 2.206640
0.732791 2.268327
0.425389 2.461105
0.415452 2.502287
0.397968 2.504108
1.041724 2.114628
1.078756 2.121580
1.033275 2.125928
0.367399 2.525263
0.370312 2.489065
0.377700 2.519566
1.146943 2.034230
1.129319 2.085846
1.171152 2.107355
0.497407 1.593172
0.425772 1.646453
0.508354 1.836711
0.593204 1.571870
0.568279 1.734393
0.620966 1.712016
1.012189 2.870804
1.008930 2.746875
0.876180 2.687361
1.144542 2.791028
1.030594 2.583196
0.978357 2.704490
0.223458 2.721367
0.158418 2.585901
0.292418 2.547030
0.282850 2.621162
0.315531 2.439504
0.403536 2.557921
1.412422 2.160667
1.392373 2.036100
1.250154 2.106609
1.293558 2.078076
1.167217 1.991572
1.184513 2.184567
-0.502481 -4.935002
-1.019429 -5.062340
-1.053467 -5.041427
-1.087660 -5.056355
-0.077515 -4.849801
-0.148935 -4.843220
-0.122649 -4.825326
-1.132118 -5.068178
-1.103009 -5.073603
-1.122361 -5.055357
-0.045732 -4.810487
-0.021739 -4.802205
-0.076712 -4.773706
-2.894894 -3.861588
-2.593906 -4.532459
-2.600340 -4.485889
-2.613474 -4.465455
-3.012792 -3.661200
-2.981704 -3.671969
-3.001506 -3.682804
-2.549750 -4.592229
-2.554296 -4.597390
-2.553479 -4.551327
-3.017064 -3.606038
-3.014323 -3.639477
-3.024556 -3.636947
-1.993174 -3.305115
-2.177384 -3.224462
-2.165489 -3.254637
-2.126944 -3.239641
-0.483274 -3.962129
-0.527557 -3.958433
-0.523106 -3.923846
-2.265131 -3.208787
-2.231727 -3.197270
-2.231068 -3.212930
-0.433254 -3.998296
-0.431290 -3.971310
-0.454905 -3.986811
-1.334421 -3.647554
-1.544591 -4.181021
-1.524618 -4.165215
-1.540828 -4.145504
-1.079634 -2.941817
-1.094123 -2.963853
-1.054627 -2.935158
-1.565552 -4.236844
-1.589375 -4.243948
-1.591961 -4.221784
-1.037278 -2.832168
-1.015445 -2.839404
-1.043016 -2.863302
-2.116805 -2.227210
-2.320854 -2.292384
-2.241847 -2.271505
-2.270528 -2.301286
-1.493432 -2.023399
-1.490348 -2.053361
-1.530943 -2.040749
-2.377575 -2.317202
-2.332402 -2.316707
-2.324576 -2.324092
-1.435023 -2.020798
-1.408038 -2.012696
-1.469141 -2.032015
0.089617 -3.089593
0.300133 -3.497548
0.267747 -3.493311
0.267371 -3.482359
-0.112998 -2.528704
-0.116089 -2.547483
-0.087696 -2.578300
0.310083 -3.536222
0.297922 -3.513141
0.281784 -3.525271
-0.183531 -2.441454
-0.158991 -2.442979
-0.171176 -2.462505
-2.352633 -5.002668
-2.203233 -5.205120
-2.202731 -5.240542
-2.207131 -5.196423
-2.477102 -4.822193
-2.467181 -4.839495
-2.443891 -4.834987
-2.160269 -5.270502
-2.166488 -5.232926
-2.123397 -5.270071
-2.473854 -4.781570
-2.440572 -4.763872
-2.489322 -4.781327
-1.678054 -5.314440
-1.824692 -5.344709
-1.793532 -5.368198
-1.799157 -5.339425
-1.371172 -5.210605
-1.318332 -5.191346
-1.377898 -5.192939
-1.876868 -5.365921
-1.875929 -5.338478
-1.861502 -5.365324
-1.306042 -5.179241
-1.334937 -5.172738
-1.312421 -5.163316
-1.898211 -4.893699
-1.499132 -5.021724
-1.459135 -5.021566
-1.470533 -5.020575
-2.277380 -4.781369
-2.286504 -4.768071
-2.263942 -4.760286
-1.420794 -5.065903
-1.435238 -5.051946
-1.388777 -5.036765
-2.330858 -4.753564
-2.326527 -4.763632
-2.333842 -4.742194
-1.820063 -4.794487
-1.988769 -5.210305
-1.950092 -5.204256
-1.930933 -5.165181
-1.740687 -4.598240
-1.737476 -4.592106
-1.749830 -4.609378
-2.015290 -5.280421
-1.988940 -5.257357
-1.965853 -5.283737
-1.708922 -4.524069
-1.724791 -4.552673
-1.724118 -4.521482
-1.386778 -4.793505
-1.303132 -4.939212
-1.292118 -4.960290
-1.311761 -4.955882
-1.574433 -4.539778
-1.535135 -4.507901
-1.601049 -4.485079
-1.281247 -4.994554
-1.316794 -5.016441
-1.280291 -4.986643
-1.576051 -4.477815
-1.623521 -4.490390
-1.593030 -4.458801
-2.120559 -4.520552
-2.293948 -4.590130
-2.330064 -4.588927
-2.264600 -4.584118
-1.877356 -4.427693
-1.874466 -4.407224
-1.859715 -4.451797
-2.398950 -4.612272
-2.337536 -4.626709
-2.363420 -4.612655
-1.756579 -4.383664
-1.769490 -4.417853
-1.751352 -4.387202
-1.956412 -5.410293
-2.124402 -5.356743
-2.050138 -5.275680
-2.030255 -5.346879
-2.042660 -5.236475
-1.922187 -5.309161
-1.280592 -5.046867
-1.200128 -5.142835
-1.391744 -5.125899
-1.158448 -5.028386
-1.311313 -5.083453
-1.399116 -5.037501
-2.462210 -4.638353
-2.529187 -4.710093
-2.403271 -4.776824
-2.488096 -4.546706
-2.410905 -4.713944
-2.304797 -4.691761
-1.540217 -4.292879
-1.681571 -4.461808
-1.664268 -4.533937
-1.706858 -4.312225
-1.761756 -4.481422
-1.698673 -4.452658
-2.900762 -2.835220
-3.169146 -2.681374
-3.188775 -2.649992
-3.187059 -2.653470
-2.652791 -2.994007
-2.541748 -3.035803
-2.616262 -3.003057
-3.266437 -2.587747
-3.232422 -2.618689
-3.239165 -2.608377
-2.520336 -3.068540
-2.549145 -3.056111
-2.517143 -3.067360
-3.286244 -3.080479
-3.361315 -2.822418
-3.371519 -2.844672
-3.355288 -2.781941
-3.186187 -3.304415
-3.205225 -3.287666
-3.200563 -3.297497
-3.415532 -2.736818
-3.383479 -2.775621
-3.385591 -2.725895
-3.183637 -3.349362
-3.173028 -3.351218
-3.168027 -3.382485
-2.688243 -3.321675
-2.863975 -3.406326
-2.888702 -3.436907
-2.861458 -3.394932
-2.583153 -3.265564
-2.508946 -3.265369
-2.578055 -3.265697
-2.976138 -3.431360
-2.951002 -3.413536
-2.919972 -3.433219
-2.474706 -3.248021
-2.526448 -3.265809
-2.500309 -3.258644
-2.946020 -2.443745
-3.136065 -2.499612
-3.276836 -2.457495
-3.184485 -2.538203
-2.833586 -2.426401
-2.797261 -2.395212
-2.816137 -2.420466
-3.260211 -2.503133
-3.250232 -2.537005
-3.292286 -2.500831
-2.726322 -2.398183
-2.746726 -2.433325
-2.738309 -2.409125
-2.874117 -3.066754
-2.965388 -3.237195
-2.945989 -3.238773
-2.945404 -3.240090
-2.676691 -2.589685
-2.626230 -2.536800
-2.607988 -2.560975
-2.973092 -3.281725
-2.979494 -3.280569
-2.961947 -3.279528
-2.611735 -2.504354
-2.626274 -2.518551
-2.587168 -2.505267
-2.409886 -2.768865
-2.392322 -2.945709
-2.364449 -2.965935
-2.387559 -2.962516
-2.464053 -2.593006
-2.431624 -2.620858
-2.467826 -2.606061
-2.389647 -3.013672
-2.370443 -2.997623
-2.384663 -3.023497
-2.477530 -2.520140
-2.507341 -2.542196
-2.473352 -2.544693
-3.449702 -2.610006
-3.371355 -2.479559
-3.283092 -2.678637
-3.340524 -2.439602
-3.215279 -2.562120
-3.309038 -2.604845
-2.968199 -3.567457
-3.091481 -3.538475
-3.097030 -3.375873
-2.984469 -3.498267
-3.125223 -3.330078
-2.940509 -3.335122
-2.398743 -3.253436
-2.342612 -3.144787
-2.526430 -3.170190
-2.250436 -3.110673
-2.457664 -3.001421
-2.488387 -3.164564
-2.460703 -2.399149
-2.563570 -2.340170
-2.720610 -2.465913
-2.363152 -2.405544
-2.611425 -2.488853
-2.521526 -2.527578
0.525374 -4.201994
0.722063 -4.250226
0.754988 -4.241229
0.726042 -4.230869
-0.059351 -4.148016
-0.052290 -4.110729
-0.068596 -4.113740
0.819376 -4.275850
0.805865 -4.253063
0.819210 -4.242631
-0.105842 -4.142079
-0.101563 -4.124699
-0.105451 -4.094981
0.571999 -4.565666
0.818740 -4.409538
0.859236 -4.398610
0.811778 -4.422313
0.279690 -4.698108
0.275018 -4.705161
0.296090 -4.688204
0.890381 -4.365059
0.858644 -4.376974
0.925733 -4.360768
0.225814 -4.721887
0.220095 -4.712884
0.216542 -4.705047
-0.146510 -4.415218
-0.032020 -4.618469
-0.071867 -4.623859
-0.044229 -4.603085
-0.220963 -4.218617
-0.246727 -4.208141
-0.212678 -4.222874
-0.010143 -4.695318
0.031779 -4.661458
-0.018211 -4.645106
-0.228883 -4.178206
-0.209237 -4.173255
-0.243704 -4.179963
0.674788 -3.911440
0.837788 -4.078568
0.869558 -4.090063
0.851743 -4.094737
0.553748 -3.812088
0.535135 -3.759330
0.497461 -3.754698
0.898379 -4.112250
0.871897 -4.153759
0.911590 -4.134160
0.490072 -3.743542
0.486406 -3.759101
0.477282 -3.730267
0.250605 -4.305192
0.221419 -4.491709
0.189254 -4.507119
0.186555 -4.493473
0.362696 -3.910500
0.326073 -3.905120
0.321899 -3.920645
0.175165 -4.583731
0.187668 -4.552421
0.123639 -4.555668
0.369549 -3.869338
0.338629 -3.871706
0.323616 -3.861680
-0.024054 -3.868956
-0.116601 -3.943150
-0.154632 -3.918717
-0.142753 -3.960756
0.223677 -3.745010
0.208414 -3.727086
0.206649 -3.768528
-0.194681 -3.963804
-0.167890 -4.017797
-0.204561 -3.987131
0.270039 -3.677376
0.269533 -3.741550
0.245586 -3.718201
1.054788 -4.262745
1.006090 -4.210493
0.815771 -4.341011
1.040092 -4.140524
0.820000 -4.178812
0.898229 -4.252805
-0.049562 -4.729794
0.128125 -4.763398
0.122888 -4.698713
0.042005 -4.692146
0.235354 -4.657342
0.115085 -4.563277
-0.326512 -4.126803
-0.320337 -4.036304
-0.163901 -4.153223
-0.284590 -3.942241
-0.114747 -4.048069
-0.201692 -4.104339
0.289263 -3.717187
0.389814 -3.603964
0.431012 -3.847235
0.276025 -3.573122
0.380240 -3.722976
0.274209 -3.816383
-0.911877 -1.664074
-0.712403 -1.504121
-0.686369 -1.465456
-0.694564 -1.505868
-1.099733 -1.841682
-1.147208 -1.817159
-1.081973 -1.831907
-0.630558 -1.436531
-0.641281 -1.486033
-0.608835 -1.450472
-1.151747 -1.858710
-1.118448 -1.863244
-1.137415 -1.863152
-0.705086 -1.947329
-0.614449 -1.612523
-0.575944 -1.557181
-0.560404 -1.638551
-0.861819 -2.473161
-0.867452 -2.520698
-0.851714 -2.491604
-0.583167 -1.542755
-0.557308 -1.577626
-0.554831 -1.558235
-0.898009 -2.571738
-0.875341 -2.542453
-0.892326 -2.566510
-1.128459 -2.332260
-1.059890 -2.505815
-1.063492 -2.533038
-1.037663 -2.549986
-1.168881 -2.120799
-1.235894 -2.141912
-1.171271 -2.143629
-1.018380 -2.588475
-0.992117 -2.573665
-1.015955 -2.606328
-1.223441 -2.084653
-1.169825 -2.070113
-1.194281 -2.103124
-0.309908 -1.975300
-0.427462 -1.579491
-0.416760 -1.517602
-0.417822 -1.608477
-0.254651 -2.184322
-0.250724 -2.201309
-0.285027 -2.184889
-0.415987 -1.516706
-0.448481 -1.546558
-0.425779 -1.510368
-0.233357 -2.244866
-0.284656 -2.209293
-0.269216 -2.215105
-0.531716 -2.539883
-0.834747 -2.679394
-0.808647 -2.711319
-0.802041 -2.659062
-0.427614 -2.463771
-0.414598 -2.478790
-0.432680 -2.458692
-0.867954 -2.696325
-0.867971 -2.674699
-0.880651 -2.718787
-0.363995 -2.459332
-0.390311 -2.420766
-0.373019 -2.444680
-0.667341 -2.165966
-1.085158 -1.989451
-1.107850 -2.022602
-1.059777 -2.029176
-0.483567 -2.196336
-0.490608 -2.232614
-0.523830 -2.239228
-1.109775 -1.980924
-1.087501 -2.002665
-1.120594 -2.037925
-0.426174 -2.221465
-0.483647 -2.227280
-0.433394 -2.269331
-0.494928 -1.315287
-0.566378 -1.297153
-0.643813 -1.494521
-0.409789 -1.372128
-0.575852 -1.488976
-0.488306 -1.588521
-1.046297 -2.711642
-0.964596 -2.718842
-0.931889 -2.555287
-0.937939 -2.811342
-0.859567 -2.618124
-0.968023 -2.616491
-1.360002 -2.071527
-1.258870 -1.905161
-1.159889 -2.021868
-1.255878 -2.012157
-1.100927 -1.946092
-1.126697 -2.065834
-0.250830 -2.460217
-0.208261 -2.317712
-0.312961 -2.311259
-0.386440 -2.282607
-0.333844 -2.190985
-0.449730 -2.342128
