4941 2
-1.731322 0.485121
-1.603942 0.598607
-1.844718 0.354028
-1.776034 0.472852
2.068236 -0.857542
2.352405 -1.017018
1.914810 -0.850192
1.983879 -0.864235
2.257326 -0.811576
2.233072 -0.386599
2.220252 -0.369601
-3.913710 0.108976
-3.908802 0.113727
-3.411772 -3.460680
-3.402752 -3.453606
-2.906508 -3.668452
-2.907420 -3.596321
-2.904624 -3.723106
-1.756766 -3.869387
-1.775063 -3.853249
-1.754525 -3.850461
-1.780046 -3.858409
-1.801327 -3.861848
-1.741990 -3.896822
-1.790044 -3.798273
-1.762291 -3.914356
-1.822719 -3.930582
-1.820691 -3.849685
-1.968117 -3.839154
-1.995870 -3.760305
-1.851918 -3.990722
-2.918291 -3.595376
-3.004678 -3.500944
-2.916968 -3.595832
-2.805280 -3.626072
-3.012199 -3.494620
-3.004605 -3.496253
-3.029978 -3.488186
-3.038795 -3.440225
-2.965356 -3.599874
-3.036962 -3.469698
-2.920970 -3.679755
-3.176775 -3.314416
-3.046142 -3.455708
-3.234824 -3.268268
-2.902194 -3.838335
-2.885690 -3.797465
-2.935467 -3.894989
-1.578455 -4.470118
-1.574621 -4.473615
-0.657673 -4.995118
-0.660022 -4.978818
-0.768934 -4.923683
-0.728792 -4.906878
-0.807228 -4.923688
-2.641117 -3.824932
-2.621363 -3.843521
-2.645722 -3.814671
-1.978025 -3.732527
-1.970623 -3.741709
-1.941218 -3.709173
-1.988330 -3.730314
-2.950513 -3.905040
-2.912182 -3.873153
-2.950880 -3.906013
-1.817734 -4.149580
-1.864158 -4.114722
-3.020934 -3.498287
-1.940845 -3.560935
-1.927953 -3.605957
-1.950388 -3.596416
-2.508450 -3.857431
-2.560560 -3.831328
-2.310891 -3.915600
-2.447847 -3.799847
-2.522465 -3.790687
-2.358458 -3.803992
-2.107166 -3.296623
-2.130234 -3.295210
-2.196817 -3.277467
-2.019304 -3.365217
-2.471166 -3.376039
-2.225409 -2.707958
-2.143281 -3.349637
-2.172780 -3.310365
-2.485703 -3.384078
-2.489446 -3.381127
-2.505189 -3.390469
-2.522030 -3.359497
-2.704037 -3.710968
-1.941334 -3.449770
-1.860768 -3.624833
-2.561047 -3.845716
-2.200494 -3.943590
-2.588912 -3.831036
-2.667953 -3.727637
-2.646015 -3.817684
-2.160070 -3.848673
-2.064353 -3.740388
-2.086123 -3.748159
-2.528316 -3.344359
-2.534994 -3.354854
-2.946761 -3.133960
-3.188642 -3.002638
-2.290142 -3.525244
-1.840618 -3.650555
-1.866530 -3.572480
-1.872108 -3.642013
-1.603813 -4.454875
-1.614456 -4.473399
-2.810802 -3.817604
-3.368999 -3.504197
-3.330748 -3.549226
-3.384401 -3.454982
-3.405388 -3.462229
-0.627251 -4.924345
-3.051974 -3.388268
-3.141443 -3.243864
-3.396898 -3.486635
-3.389987 -3.480933
-3.370387 -3.376416
-3.359601 -3.339437
-3.365256 -3.361953
-3.387442 -3.429622
-3.345920 -3.315152
-1.694346 -4.312884
-1.552952 -4.486830
-2.630583 -3.812193
-2.626848 -3.801401
-2.610435 -3.770177
-1.715353 -3.932871
-1.738421 -3.892261
-2.210424 -2.645547
-2.223656 -2.641646
-2.186733 -2.643926
-2.230001 -2.646566
-2.216677 -2.687829
-1.985350 -3.043170
-1.981604 -3.058293
-2.356154 -2.635980
-2.020782 -2.587672
-2.399667 -2.594054
-2.749348 -2.539503
-2.090312 -2.419566
-1.372885 -4.028743
-2.294025 -3.448365
-2.291010 -3.473169
-2.306685 -3.429099
-0.579769 -4.843006
-0.591237 -4.934483
-0.584872 -4.760718
-0.545689 -4.854204
-0.562775 -4.974709
-1.803964 -4.155401
-2.311833 -3.494717
-2.233927 -3.590006
-2.287687 -3.485955
-2.351902 -3.496819
-2.301210 -3.503853
-2.110056 -3.716861
-3.193855 -3.176585
-3.222921 -3.136836
-3.289481 -3.065845
-3.401748 -2.905366
-1.629170 -4.402439
-1.771374 -4.224400
-2.727111 -3.575685
-0.718512 -4.971810
-1.677130 -4.249252
-1.737019 -4.017151
-3.418090 -3.470151
-3.436804 -3.492040
-3.409240 -3.456582
-3.355005 -3.466052
-3.404562 -3.482846
-0.425533 -5.021573
-2.055382 -3.702771
-2.010120 -3.754535
-1.959686 -3.765897
-0.945345 -4.362906
-3.328019 -3.560920
-3.310760 -3.573887
-3.368343 -3.506263
-1.785391 -4.246064
-1.943485 -4.121797
-1.736845 -4.386589
-1.679181 -4.598316
-1.829521 -3.537136
-1.966839 -3.598936
-2.846647 -3.749658
-2.854014 -3.809379
-2.688843 -3.755976
-2.246594 -3.970521
-2.804607 -2.756205
-2.874577 -2.738672
-1.903332 -3.620019
-1.396561 -4.106110
-1.487724 -4.035659
-1.081950 -4.189980
-3.169244 -3.635477
-3.374696 -3.533912
-0.552058 -4.699563
0.324216 -5.004230
-1.725434 -3.963032
-1.715214 -3.951381
-1.371750 -4.105280
-1.396031 -4.093482
-1.314343 -4.358652
-1.925024 -3.608282
-1.934099 -3.600278
-2.687819 -3.805107
-2.647627 -3.794112
-0.942018 -4.377112
-0.938756 -4.398521
-0.907549 -4.398835
-0.936963 -4.377329
-0.413998 -4.579428
-0.786547 -4.950465
-1.555171 -4.475473
-2.174041 -4.027138
-2.093408 -4.067897
-2.656772 -3.802416
-2.317805 -3.426180
-2.337513 -3.442118
-2.302211 -3.424222
-1.921045 -3.689660
-1.811173 -3.740488
-2.063397 -3.749917
-1.871580 -3.477212
-1.780993 -3.714867
-2.898869 -3.850148
-2.505493 -3.780278
-2.653976 -3.782828
-2.597295 -3.792302
-2.456204 -3.786797
-2.981001 -3.659737
-2.084493 -3.756509
-2.079722 -3.753319
-2.093452 -3.760893
-2.299763 -3.443464
-2.347414 -3.484062
-2.387374 -3.470706
-2.356381 -3.478726
-3.287732 -3.443688
-3.217600 -3.363627
-3.305410 -3.469061
-2.908461 -3.497636
-3.200502 -3.003057
-3.200189 -3.003948
-3.269492 -3.139051
-3.518320 -2.759114
-2.493509 -3.500293
-2.344969 -3.455769
-3.285826 -3.304129
-3.273058 -3.282798
-1.831187 -3.546099
-1.789649 -3.481432
-1.817549 -3.534855
-0.488836 -4.951291
-0.476488 -4.974639
-2.564786 -3.518476
-2.657225 -3.550205
-2.689958 -3.726353
-2.300060 -3.429667
-2.728973 -3.579175
-2.332858 -3.443000
-1.758583 -3.712473
-2.082695 -4.071608
-5.141896 1.284660
-5.336573 1.167635
-4.712553 1.533197
-5.071671 1.313516
-5.256011 1.798723
-5.159455 1.818386
-5.294324 1.804552
-5.311019 1.765393
-5.178255 2.072108
-5.169915 1.794565
-5.100554 1.723243
-5.407113 2.762162
-5.295701 2.667561
-5.509753 2.834243
-5.216341 2.548239
-5.282975 2.666898
-5.296237 2.699841
-5.247924 2.645028
-5.257267 2.609792
-5.323453 1.895838
-5.310620 1.952100
-5.317043 1.874024
-5.429099 2.105758
-5.409686 2.159616
-5.438933 2.058154
-5.323534 2.269081
-5.334933 2.276662
-5.414847 2.287521
-5.418326 2.434507
-5.380953 2.146641
-5.438785 2.278856
-5.436135 2.241488
-5.262691 2.310790
-5.302664 2.546127
-5.277625 2.557360
-5.259849 2.559286
-5.250713 2.562805
-5.224727 2.519858
-5.249866 2.560755
-5.231528 2.565969
-5.330863 2.504673
-5.445778 1.087556
-5.405651 1.119217
-5.522654 1.033203
-5.462788 1.073339
-5.478988 1.061231
-5.432540 1.136374
-5.411073 1.117931
-5.330119 1.181019
-5.992123 0.729821
-5.210122 2.424000
-5.202322 2.317331
-5.244485 2.352107
-5.128284 2.370628
-5.329985 2.145937
-5.469604 2.397011
-5.458736 2.402199
-5.449983 2.444318
-5.444435 2.422588
-5.370245 2.474745
-5.328539 2.308830
-5.190824 2.333168
-5.457138 2.470093
-5.640512 2.818700
-5.616808 2.779571
-5.566138 2.833411
-5.652525 2.822557
-5.636263 2.822915
-5.631586 2.841354
-5.547440 2.605585
-5.632078 2.801412
-5.601866 2.835075
-5.536644 2.581426
-5.516345 2.558846
-6.097340 0.632249
-6.039015 0.668905
-6.169885 0.598310
-5.616045 2.853734
-5.604910 2.849060
-5.167477 1.400512
-5.173451 1.408768
-5.641771 2.811990
-5.361470 1.746519
-5.355361 1.750942
-5.268693 1.590093
-5.421777 2.009566
-5.512147 1.986730
-5.519377 1.988525
-5.524776 1.987072
-5.524085 1.986123
-5.530598 1.982058
-5.526681 1.994282
-5.523545 1.989242
-5.518904 1.977201
-5.503982 2.862754
-5.495764 2.875093
-5.261055 1.950979
-5.230522 1.950266
-5.412762 2.180536
-5.212984 2.599306
-5.214190 2.578242
-5.200512 2.590497
-5.199018 2.586490
-5.202059 2.546759
-5.219096 2.587530
-4.262862 3.185551
-4.611879 1.593926
-4.567303 1.597815
-4.781245 1.574174
-4.392875 1.633911
-5.480062 1.994990
-5.461413 1.993626
-5.378630 2.145394
-5.157423 1.378096
-5.159947 1.386349
-5.166877 1.407812
-5.178420 1.447133
-5.335658 2.010222
-5.191326 2.588115
-5.170702 2.062983
-5.168233 2.048901
-5.228590 2.556104
-5.175453 1.395837
-5.420658 1.720852
-5.345534 1.790120
-5.426833 1.713256
-5.465631 1.696036
-5.213494 1.971982
-5.215024 1.929566
-5.266145 1.909047
-4.250149 1.675874
-3.756966 1.833711
-5.705979 0.900147
-6.178756 0.549250
-5.550706 1.947919
-5.236876 1.906378
-5.179839 1.798076
-5.190992 1.787024
-5.239285 2.326557
-5.160293 1.455928
-5.146243 1.450799
-5.318160 1.816154
-5.553609 2.858160
-5.414989 2.164991
-4.802613 1.539711
-4.815214 1.529069
-5.235381 1.532810
-5.569310 2.867897
-5.548247 2.879317
-5.665719 2.822519
-5.357126 1.769789
-5.335099 1.784850
-5.318245 1.740672
-5.240221 2.331986
-5.436587 2.061077
-5.415238 2.212780
-1.476722 0.813232
-1.467130 0.671207
-1.519452 0.755376
-1.550467 0.685018
-1.476054 0.839801
-1.444666 0.908311
-1.434821 0.923957
-1.620168 0.388671
-1.336778 0.850644
-1.418473 0.727329
-1.598515 0.602151
-1.601364 0.592180
-1.561056 0.677124
-1.687467 0.267072
-1.243913 1.476347
-1.247196 1.464381
-1.990484 0.443255
-1.912243 0.453886
-2.063256 0.444121
-1.220240 1.756862
-1.221108 1.743138
-1.255672 1.763147
-1.199827 1.707571
-1.197641 1.804549
-1.238386 1.579039
-1.335001 2.036313
-1.226925 1.799594
-1.297455 1.268428
-1.261735 1.927063
-1.655510 0.342509
-1.809198 -0.798849
-1.198530 1.617816
-1.190826 1.760938
-1.795570 0.441043
-2.073607 0.400529
-1.876654 -0.242153
-1.647833 0.342923
-1.656859 0.334848
-1.649575 0.344669
-1.643974 0.346306
-1.670387 0.482377
-1.394368 -0.080877
-1.865939 0.427357
-1.329909 2.039788
-1.335895 2.051940
-1.378379 2.185458
-1.555964 2.072540
-1.121607 2.219475
-1.189502 1.796667
-1.192988 1.797303
-1.181460 1.863784
-1.187264 1.774521
-1.807832 0.463119
-1.806930 0.473453
-1.789926 0.462978
-1.379537 2.199679
-1.452824 2.366929
-0.735248 2.422945
-0.867026 2.309948
-0.606339 2.543084
-1.359021 1.131615
-1.341811 1.172464
-1.359404 1.132943
-1.376809 1.085722
-1.400348 1.024188
-1.319071 1.239879
-1.328032 1.210176
-1.284180 1.336225
-1.277672 1.350226
-1.290005 1.302310
-1.299547 1.291309
-1.283030 1.349402
-1.762453 0.466964
-1.763873 0.453866
-1.023934 2.520101
-0.932534 2.866520
-1.027387 2.509728
-1.300703 1.271054
-1.316115 1.242328
-1.151102 1.071417
-0.541021 1.145259
0.234060 2.921410
-1.376169 1.078227
-1.504027 0.797685
-1.215949 1.540994
-1.224790 1.906736
-1.168765 1.880992
-1.114807 1.990461
-1.511390 2.066454
-1.511420 2.064445
-1.798204 2.087655
-1.065535 2.164360
-1.208846 1.538592
-1.193240 1.600753
-1.835773 0.514519
-1.801250 0.499567
-1.780659 0.467444
-1.799617 0.496912
-1.804219 0.474734
-1.816640 0.497249
-1.503626 2.068082
-1.100963 2.004411
-0.280622 -4.832051
-0.209791 -4.819290
-0.328909 -4.813538
-0.654426 -4.981843
-0.677951 -4.941037
-0.297197 -5.074945
-0.298830 -5.069298
-0.334995 -5.038458
-0.258521 -5.071563
-0.312816 -5.035454
-0.304353 -4.993093
-0.337196 -5.068796
-0.304957 -5.084752
-0.366395 -5.059320
-0.248734 -4.849136
-0.195508 -4.771297
-0.315388 -5.117609
-0.295667 -5.099160
-0.296520 -5.107468
-0.308228 -5.127647
-0.390522 -5.072747
0.147178 -5.056954
0.462630 -5.016725
-0.299001 -5.113675
-0.310075 -5.094693
-0.243406 -4.848669
-2.993039 4.073697
-3.026533 4.054697
-2.966383 4.081277
4.698136 -0.792274
4.787415 -0.640677
4.825567 -0.860613
4.612783 -0.474126
4.742340 -0.613141
4.531446 -0.946567
4.682396 -1.024088
4.627970 -0.619750
4.751260 -0.854658
4.714163 -0.849042
4.731425 -0.828764
4.576362 -0.834537
-0.822763 -4.371351
-0.822026 -4.378722
-0.825889 -4.411975
-0.932687 -4.405254
-0.756840 -4.370263
-0.539505 -4.354325
-0.549031 -4.359994
-0.548438 -4.369959
-0.577019 -4.354413
-0.689324 -4.432867
-0.498686 -4.335655
-0.904351 -4.518449
-0.834269 -4.470392
-0.937017 -4.552050
-1.065707 -4.834328
-1.099845 -4.810113
-0.933995 -4.723062
-1.088677 -4.866564
-1.059286 -4.802649
-1.092752 -4.859038
-1.098893 -4.872061
-1.135580 -4.983538
-1.125077 -4.932122
-1.139195 -5.001809
-1.140136 -4.996523
-1.151513 -4.946130
-1.134026 -4.929585
-0.975157 -4.592224
-0.977150 -4.579422
-0.970635 -4.598684
-0.985236 -4.602637
-0.991403 -4.600108
-0.984646 -4.607960
-1.662940 -4.734564
-1.671372 -4.739192
-1.377084 -1.749863
-1.336820 -1.782832
-1.325132 -1.791662
-1.326799 -1.793641
-1.338957 -1.780225
-1.291116 -1.830793
-1.250885 -1.895561
-1.481294 -1.800286
-1.652296 -4.595315
-1.855474 -4.713151
-1.845016 -4.858564
-0.538279 -4.341308
-0.543089 -4.343073
-0.717580 -4.371453
-0.528998 -4.339988
-0.519611 -4.329837
-0.659288 -4.225079
-0.654501 -4.210108
-0.574373 -3.949082
-0.530057 -4.353902
-0.512896 -4.324849
-0.810801 -4.391545
-0.757354 -4.416761
-0.829749 -4.727783
-0.789149 -4.712403
-0.878051 -4.723788
-0.836916 -4.742397
-0.776916 -4.715061
-0.797207 -4.683916
-1.226779 -4.725701
-1.152822 -4.766006
-1.067980 -4.747392
-1.113724 -4.900782
-1.130644 -4.915797
-1.271020 -4.673913
-0.924651 -4.658517
-0.915632 -4.666196
-0.853095 -4.708646
-0.894937 -4.518380
-0.907934 -4.604048
-0.861696 -4.530859
-0.770870 -4.615041
-0.802428 -4.678634
-1.143936 -4.947041
-0.445802 -4.322825
-0.460629 -4.323419
0.332902 -4.141395
-0.765108 -4.408013
-0.712708 -4.271930
2.136372 -4.158771
2.143615 -4.169261
2.130894 -4.146859
2.130709 -4.147875
2.131711 -4.148289
3.271282 -4.321584
3.250426 -4.346924
3.276097 -4.319497
3.281325 -4.310873
2.154866 -4.347764
2.158438 -4.343043
2.204846 -4.419663
2.136546 -4.292515
3.190767 -4.486709
3.221569 -4.482419
3.147506 -4.500062
2.777627 -4.690712
2.760243 -4.698087
2.790846 -4.668615
3.168457 -4.389462
3.169065 -4.388919
3.169885 -4.384941
3.260016 -4.341977
3.094127 -4.437209
3.246881 -4.353687
3.395843 -4.277676
2.865962 -4.535436
2.923889 -4.558215
3.313796 -4.330348
2.902534 -4.525171
3.189102 -4.385297
3.031223 -4.771225
3.031986 -4.769853
2.992154 -4.793146
3.012701 -4.779308
3.027417 -4.811524
3.038703 -4.672926
3.033801 -4.773447
2.110265 -4.020050
2.112481 -4.030409
2.257215 -4.473270
2.262983 -4.482498
2.273074 -4.499594
2.307902 -4.514699
2.108088 -4.004799
2.104805 -3.990824
2.122642 -4.064995
2.190915 -4.407781
2.187225 -4.408804
2.197124 -4.376488
2.154150 -4.404541
2.110790 -4.030295
2.107909 -4.023482
2.111333 -4.020181
2.109970 -4.018590
2.106356 -4.011658
2.109199 -4.009230
2.173306 -4.232224
2.183177 -4.251693
2.201674 -4.322418
2.176487 -4.245744
2.167941 -4.236626
2.187562 -4.321360
2.271250 -4.441651
2.125654 -4.286880
2.119919 -4.250829
2.147366 -4.233079
2.147146 -4.192372
2.167506 -4.229249
2.109200 -4.274289
3.226271 -4.357586
3.215617 -4.400423
3.177044 -4.380706
3.179899 -4.392673
3.172159 -4.408257
2.796525 -4.665498
2.828242 -4.667448
2.910029 -4.658094
2.989476 -4.793356
2.962704 -4.763972
3.033476 -4.490687
3.005882 -4.559697
2.916089 -4.597957
3.094929 -4.558060
3.021892 -4.783423
3.011517 -4.827357
3.029047 -4.693474
2.205879 -4.408695
2.125651 -4.064468
2.129142 -4.116452
2.936006 -4.756143
2.937929 -4.754313
2.883231 -4.753749
2.993493 -4.825507
2.948940 -4.772659
2.863892 -4.750400
3.190527 -4.382518
3.167205 -4.428688
3.551834 -4.221073
3.479877 -4.253842
3.629781 -4.183942
3.510207 -4.236870
3.594227 -4.202696
2.893675 -4.638680
3.015116 -4.608315
2.934285 -4.599257
3.293994 -4.293898
2.183551 -4.310986
3.119933 -4.484179
3.124143 -4.479023
3.088213 -4.542269
3.418429 -4.266469
3.457853 -4.254794
3.177499 -4.415613
2.740931 -4.695329
2.749046 -4.694610
2.924471 -4.592475
2.641465 -4.628758
3.021612 -4.821579
2.187874 -4.305934
2.151411 -4.291526
2.262589 -4.431563
2.165703 -4.232114
3.231004 -4.481719
2.252709 -4.417098
3.478670 -4.244524
3.312527 -4.331458
3.344106 -4.316431
3.153355 -4.453354
2.734898 -4.676692
3.078378 -4.662391
2.952959 -4.489438
2.943568 -4.490487
2.935021 -4.482881
2.931102 -4.589260
3.064644 -4.541191
3.001719 -4.828312
3.002710 -4.847281
2.152212 -4.221869
2.426405 -4.544284
2.441768 -4.549749
2.117810 -4.110553
3.609494 -4.195957
3.617059 -4.193184
3.107031 -4.538026
3.131497 -4.539882
3.653435 -4.171503
3.652411 -4.170949
3.635207 -4.180822
2.141839 -4.274153
3.521362 -4.232910
2.721142 -4.748456
2.738721 -4.730807
2.955435 -4.775544
2.748878 -4.708968
2.761397 -4.698846
2.107389 -4.273679
2.097698 -4.256438
2.780269 -4.683101
1.604200 -5.542270
3.598328 -4.200759
3.010014 -4.866284
3.150229 -4.563044
3.091780 -4.566308
2.256283 -4.427013
-3.009511 0.333097
-3.059333 0.284626
-2.935042 0.217075
-3.001342 0.453238
-3.045502 0.195266
-3.036455 0.150091
-3.162314 0.259644
-2.994575 0.429741
-2.941185 0.575015
-2.951010 0.578066
-3.183341 0.629864
-3.076118 0.599023
-3.219390 0.582167
-3.285487 0.564528
-3.209771 0.717273
-3.088503 0.622956
-3.106338 0.574301
-2.994042 0.521712
-3.144629 0.832205
-2.950220 0.586773
-2.833040 0.537865
-3.103829 0.774072
-3.428152 0.484485
-3.408657 0.483763
-3.052397 0.171541
-3.046295 0.195132
-2.985577 0.209053
-2.830881 0.141099
-2.970819 0.132870
-3.043321 0.025552
-2.644106 0.025947
-2.519854 -0.034305
-3.494647 0.403000
-3.615071 0.394599
-3.426805 0.466671
-3.493622 0.383353
-3.179133 0.252318
-3.285136 0.293264
-3.410411 0.347935
-3.172506 0.351396
-3.428386 0.377573
-3.165461 0.445611
-3.169302 0.430212
-3.223638 0.245341
-3.192466 0.276250
-3.213320 0.567726
-3.112468 0.556024
-3.266763 0.572098
-3.324201 0.569270
-3.673089 0.460127
-3.660718 0.345724
-3.452529 0.262322
-3.541466 0.361320
-3.229010 0.033621
-3.222898 0.031684
-3.230059 0.124863
-3.227027 0.163163
-3.234111 0.138834
-3.226248 0.006748
-3.207866 0.006548
-3.240891 -0.013630
-3.228167 0.024175
-3.191397 0.009853
-3.546836 0.437653
-3.683607 0.364135
-3.005101 -0.045251
-2.759563 0.499454
-3.169029 0.834265
-3.417196 0.524972
-3.428851 0.485159
-3.626408 0.304104
-3.708339 0.259608
-3.174857 0.876814
-3.334630 0.575033
-2.665408 0.491212
-2.187752 0.443682
-3.215579 1.058018
-3.216523 1.051960
-3.192578 0.949317
-3.134118 1.191449
-3.253682 1.078424
-3.171739 0.846289
-3.134784 0.968102
-3.428268 0.485227
-3.184735 0.844522
-3.126111 1.093753
-2.286538 0.442753
-3.537955 0.365399
-3.511595 0.377422
-3.119284 0.929133
-3.563850 0.357674
-3.127653 1.094041
-3.122368 1.185398
-3.147725 1.183120
-3.089009 1.310224
-3.122619 0.605612
-3.135553 0.553027
-3.007424 0.434440
-3.687120 0.339056
-3.694569 0.325286
-3.723030 0.297791
-2.055044 -4.928069
-1.892162 -4.885252
-2.310596 -5.025244
-1.860259 -4.920423
-1.800003 -4.831060
-1.967281 -4.816298
-1.948628 -4.851247
-2.055373 -4.844501
-1.947467 -4.848214
-1.990322 -4.744747
-1.909470 -4.993177
-1.938489 -4.942824
-1.706683 -4.765131
-1.696606 -4.758206
-1.967892 -5.007362
-1.952895 -5.086319
-1.968494 -4.996313
-1.960842 -5.018314
-2.061278 -5.003009
-2.048021 -5.031243
-1.954657 -4.948318
-1.958825 -5.006640
-1.970905 -5.010348
-1.959236 -5.009000
-1.970681 -4.996860
-1.989443 -5.000776
-1.972331 -5.010750
-1.967577 -5.016223
-1.978963 -5.101630
-2.018740 -5.189070
-1.928826 -5.120096
-1.989150 -5.114718
-2.068951 -4.996453
-2.032100 -5.162904
-2.014115 -4.998180
-2.055465 -5.016047
-2.043824 -5.036685
-2.071915 -4.690583
-2.089374 -4.866759
-2.093588 -4.842715
-2.020186 -4.430518
-1.913589 -3.815488
-1.802217 -3.204890
-1.631085 -2.203320
-0.915869 -4.164436
-0.919428 -4.166378
-0.890224 -4.187272
-1.878255 -5.124174
-1.970134 -5.207731
-1.938694 -5.171319
-1.751222 -4.917399
-2.350297 -5.087427
-2.299687 -4.951730
-2.482260 -5.157090
-2.102936 -5.147775
-2.386747 -5.099702
-2.377965 -5.043988
-2.345665 -5.156337
-2.229362 -5.096523
-2.322494 -4.998917
-2.486583 -5.111623
-2.594625 -5.219650
-2.517466 -5.174619
-2.604463 -5.223992
-2.596699 -5.219242
-2.599087 -5.220862
-2.603141 -5.222647
-2.590697 -5.217342
-1.953648 -5.164491
-1.939239 -5.203191
-1.955875 -5.163800
-1.954054 -5.173265
-2.023562 -5.226379
-2.017764 -5.222146
-2.033796 -5.197716
-2.234804 -4.892250
-2.214926 -4.921951
-2.219219 -4.970593
-2.107442 -5.190187
-2.146294 -5.264250
-1.784239 -4.878315
-2.220695 -5.076074
-2.229074 -5.130369
-2.212805 -5.090914
-2.099253 -4.924410
-2.095134 -5.168139
-2.215352 -5.188816
-2.166764 -5.379632
-2.099887 -4.984806
-2.151956 -4.948162
-2.169337 -4.928414
-2.170182 -4.961812
-2.056694 -5.021776
-2.116361 -4.955859
-2.163956 -5.093108
-2.132457 -5.064527
-2.153268 -4.978354
-2.237638 -5.041801
-2.202008 -4.944914
-2.528521 -5.123831
-2.519263 -5.111757
-2.535638 -5.123704
-2.532821 -5.123228
-2.561757 -5.114173
-2.524561 -5.110649
-2.188005 -5.453792
-2.198560 -5.473728
-2.197157 -5.480471
-2.196452 -5.484121
-2.206155 -5.489928
-2.214512 -5.484973
-3.927428 -2.514674
-3.938406 -2.502744
-3.916924 -2.524071
-3.730031 -2.513810
-3.709163 -2.523679
-3.803580 -2.498031
-3.669513 -2.537250
-3.887852 -2.470702
-2.867777 -2.479318
-2.854858 -2.469361
-3.028450 -2.529094
-2.699637 -2.443550
-2.875114 -2.521950
-2.830722 -2.615920
-2.755662 -2.621133
-2.845620 -2.614217
-2.879724 -2.688788
-2.869881 -2.535661
-2.806044 -2.663410
-2.548134 -2.638389
-2.821903 -2.552871
-3.895583 -2.489056
-3.872715 -2.406763
-3.893852 -2.483756
-3.887372 -2.526190
-3.854940 -2.515968
-3.766010 -2.531523
-3.918292 -2.500418
-4.004290 -2.505023
-3.752867 -2.524496
-3.692119 -2.570790
-3.733675 -2.525865
-3.735448 -2.601551
-3.411071 -2.530542
-3.882003 -2.481190
-4.232840 -2.414216
-4.215634 -2.422937
-4.212324 -2.427559
-4.179816 -2.453438
-4.243235 -2.404524
-4.235810 -2.414132
-4.195434 -2.464338
-4.168164 -2.426415
-4.180038 -2.436291
-4.142650 -2.502013
-4.224773 -2.411603
-4.115794 -2.538425
-4.111645 -2.480990
-4.129152 -2.487989
-2.745720 -2.463897
-2.614128 -2.508472
-2.703088 -2.433575
-2.822675 -2.475932
-2.829247 -2.480902
-2.710701 -2.443504
-2.625932 -2.513166
-2.624672 -2.481185
-3.384890 -2.591230
-2.617946 -2.518509
-2.847405 -2.598257
-2.845639 -2.671319
-4.005022 -2.477438
-4.143615 -2.425515
-4.094930 -2.443295
-3.446792 -2.749772
-3.435033 -2.630221
-3.447129 -2.798227
-2.481826 -2.523717
-2.585953 -2.469326
-2.501407 -2.483276
-4.122232 -2.493693
-3.520666 -2.714707
-3.514105 -2.579647
-3.927790 -2.560019
-3.756535 -2.622209
-4.077120 -2.508721
-3.700617 -2.644370
-4.145066 -2.483227
-4.081354 -2.530683
-3.364209 -2.593218
-2.828840 -2.478800
-2.841577 -2.482645
-2.625994 -2.449417
-4.238664 -2.411751
-4.249290 -2.398619
-4.237024 -2.397996
-2.306511 -2.620395
-2.260637 -2.607446
-2.887230 -2.725013
-2.902539 -2.734048
-2.873415 -2.554237
-2.639587 -2.428920
-2.567238 -2.443881
-2.632119 -2.431613
-3.444441 -2.811435
-3.881917 -2.402660
-4.232708 -2.403488
-3.894025 -2.398184
-4.126013 -2.475990
-4.091963 -2.485016
-4.012368 -2.494046
-3.667328 -2.545448
-4.002152 -2.500691
-4.009167 -2.529748
-3.997014 -2.499260
-2.810211 -2.662723
-2.868388 -2.471540
-2.870674 -2.480819
-2.857459 -2.478163
-2.847793 -2.471217
-3.529525 -2.587701
-2.839207 -2.471803
-3.997943 -2.579171
-2.382445 -2.601647
-1.982129 -2.524716
-2.334440 -2.618822
-2.346282 -2.617670
-2.374788 -2.572652
-2.247340 -2.601109
-2.786823 -2.508373
-0.755786 -2.252614
-4.150835 -2.424129
-2.694275 -2.428370
-2.704595 -2.411210
-2.234958 4.817685
-2.271674 4.760427
-2.268325 4.788083
-2.203536 4.882265
-2.261114 4.839440
-2.164820 4.861232
-2.324846 4.687726
-3.551684 2.059513
-3.504161 2.019318
-3.610884 2.043972
-3.594745 2.065195
-3.436124 2.074043
-3.527828 2.124807
-3.469064 1.922945
-3.479758 1.910489
-3.168418 2.053907
-3.265014 1.747404
-3.209847 1.777352
-3.288248 1.703881
-3.319093 1.802184
-1.077700 4.113252
-1.074603 4.218531
-1.092541 4.168873
-1.057667 4.033615
-1.059901 4.309830
-1.111454 4.653137
-1.133325 4.519747
-1.128285 4.699711
-1.145020 4.730900
-1.328894 4.638031
-0.942905 4.631685
-1.036549 4.612337
-1.175717 4.660989
-0.771862 4.418322
-2.403683 4.448987
0.877691 2.879527
0.900410 2.861199
0.862243 2.882964
0.871228 2.913900
0.863146 3.891126
0.781614 3.677169
1.002847 3.618130
0.592275 3.884710
0.756850 3.942458
0.963331 3.825998
0.728413 3.866776
1.228876 4.321445
0.901853 3.554475
0.035701 3.631961
-2.279544 3.469891
-2.272991 3.445188
-2.525198 3.573489
-2.010997 3.449345
-2.305754 3.449142
-2.264376 3.413894
-2.418752 3.475718
-1.205519 3.056315
-1.227735 3.045301
-0.415843 3.510958
-0.373407 3.513390
-0.548110 3.590512
-0.633919 3.386614
-0.357660 3.443956
-1.775971 3.342106
-1.838180 3.428719
-1.718861 3.295042
-1.189896 4.934323
-1.172201 4.826797
-1.275742 4.948358
-0.954125 4.947574
-1.183302 3.088295
-1.209503 3.094224
-1.081841 3.065295
-1.165667 3.083632
-4.265260 3.583945
-4.275506 3.578106
-4.221054 3.532743
-4.264068 3.592652
-1.438141 3.112469
-1.623648 3.160420
-3.022992 2.075382
-3.035274 2.001018
-3.067344 2.101788
-3.059004 2.131288
-3.066105 1.950669
-3.027585 2.093152
-2.939064 2.150821
-3.095468 2.012407
-2.794455 1.833784
-3.109354 2.296082
-3.043688 2.116880
-3.022367 2.197052
-3.071612 1.992265
-3.105407 1.848586
-4.115867 3.580683
-4.151659 3.550396
-3.940476 3.681463
-3.134250 2.312157
-2.972118 2.816233
-3.137896 2.312335
-3.231761 2.267911
-3.090884 2.421569
-3.105199 2.240792
-3.030007 1.733580
-2.713530 3.209397
-3.102327 1.515934
-3.407741 1.886286
-3.330185 1.968986
-2.996757 2.341304
-2.886492 1.479634
-4.301901 3.391722
-4.234227 3.350993
-4.326416 3.423935
-4.365840 3.387651
-4.339461 3.387896
-4.295586 3.274437
-4.030334 3.535992
-4.344688 3.382990
-4.402909 3.388343
-4.338542 3.416484
-4.339030 3.424438
-2.779056 1.804547
-2.668800 1.842415
-2.836285 1.764548
-2.276591 1.998440
-2.933385 1.707209
-1.756726 3.294431
-1.613290 3.168751
-1.796559 3.133819
-1.778604 3.277324
-1.515961 3.137896
-1.627027 3.174125
-1.637384 3.071741
-3.047886 4.331871
-3.056613 4.238685
-3.156198 4.220141
-3.000681 4.381868
-3.161292 4.313437
-3.005835 4.393502
-3.118237 4.292983
-3.011356 4.152167
-3.076531 4.241177
0.148728 3.988414
0.110266 3.983917
0.299781 3.988156
-0.074718 4.203479
0.177735 3.549567
0.099892 4.197005
-0.074500 4.054327
0.231932 3.871657
-3.744988 3.756927
-3.770159 3.642907
-3.447241 3.679523
-3.648389 3.892079
-3.774809 3.761992
-3.796272 3.884373
-0.481984 3.738376
-0.365025 3.804181
-0.515175 3.752071
-0.486564 3.738733
-0.433943 3.686565
-0.537262 3.736854
-0.372417 3.732643
-0.338525 3.755265
-0.357735 3.798048
-0.516650 3.594714
-0.067186 3.501482
-0.307932 4.235852
-1.177043 3.612149
-0.586023 3.981427
-0.348716 3.738495
-0.249833 3.546334
-0.483085 3.837738
-3.141998 2.365293
-2.765420 4.531579
-2.907032 4.485556
-2.751365 4.535427
-2.568317 4.574212
-0.232530 3.448139
-0.251242 3.443491
-0.706296 3.059987
-0.731083 3.100739
-0.685914 3.026143
-1.009847 4.102290
-1.026243 4.081519
-3.192316 1.453457
-3.184622 1.411825
-3.233819 1.488312
-1.013488 3.976089
-0.929945 3.915454
-1.054768 3.988678
-1.039174 4.165454
-1.055351 4.164457
-0.645753 4.058663
-1.493943 3.728456
-3.546857 3.788044
-3.591942 3.743703
-3.364564 3.910356
-3.573296 3.615044
-3.602893 3.967511
-3.501085 3.945343
-3.753816 3.693933
-3.779881 1.857066
-3.760670 1.886056
-4.010755 1.757811
-3.710759 1.929374
-3.660329 1.981058
1.096981 3.137087
1.108923 3.144047
1.293434 3.223783
0.898448 3.101388
0.017516 3.523804
0.376482 3.279021
-3.066953 1.418167
-3.057296 1.447809
0.383465 3.105579
-3.162548 1.631872
-3.186273 1.609087
-3.125973 1.647066
-3.255531 1.538747
0.456132 3.945081
0.593786 3.893044
-0.841841 4.949641
-0.712249 4.943019
0.556598 3.261729
0.523918 3.198791
0.871882 3.405440
3.653507 2.218349
-0.418121 4.815105
-0.410929 4.746790
-0.455813 4.875754
-0.375587 4.801743
-0.419503 4.270849
-0.567185 4.228999
-0.398923 4.330449
-2.729244 3.936086
-2.727386 3.672925
-2.729773 4.280834
-2.706846 4.062462
-0.405387 4.449087
-0.383792 4.736294
-0.316276 3.757304
-0.316777 3.754872
-2.134764 4.667575
-1.605237 4.670030
-2.056789 4.684573
-2.035487 4.699250
-2.367488 4.678940
-2.065339 4.681274
-2.664651 4.328697
-2.029058 4.762697
-2.019095 4.652164
-2.588059 3.293700
-2.587920 3.288744
-2.528472 3.200773
-2.697478 3.392788
0.017645 4.136436
-0.013988 4.277662
-2.931288 2.167451
-2.918678 2.160401
-0.645476 3.776278
-0.540943 3.758422
-2.994306 3.471113
-2.936151 3.457772
-3.091856 3.356514
-3.070146 3.136440
-3.221302 3.412031
-3.241774 3.419100
-2.627079 3.358824
-3.355029 3.619069
-2.733632 3.538271
0.789958 3.025815
0.741933 3.080750
0.801626 2.988173
0.557774 3.130942
-3.063894 4.329466
-3.091527 4.324291
-3.089056 4.327868
-2.952990 4.395898
-3.118977 4.262074
-2.839098 4.267448
-2.833609 4.160298
-3.026282 4.270462
-2.772135 4.338505
-0.226345 2.937094
-0.039670 3.158875
-0.331538 2.818707
-3.365660 1.141729
-3.344339 1.164936
-3.327811 1.121658
-3.393991 1.123513
-3.357283 1.219372
-3.312645 1.151682
-3.371964 1.178934
-0.996015 2.959258
-0.792974 3.219643
-1.088295 2.894630
-1.013592 2.906924
-2.509289 3.482796
-2.625318 3.495516
-2.486637 3.374469
-2.344771 3.458735
-2.674715 3.608046
-3.628003 2.055628
-3.326885 1.270147
1.493106 3.244739
1.448268 3.256897
1.824406 3.275009
1.517279 3.240608
1.240394 3.276928
-3.399392 4.124993
-3.312196 4.144806
-3.547943 4.016679
-3.367727 4.140032
-3.366865 4.156123
-3.014640 2.875288
-3.026368 2.907732
-3.018835 2.721862
-2.705119 3.218701
-2.267359 3.251025
-2.271335 3.256510
-2.650045 3.391733
-2.626499 3.573938
-2.747364 4.144595
-2.683470 4.144833
-2.756611 4.152693
-2.974024 4.093815
-3.114425 4.050793
-1.998825 4.735267
-2.009242 4.724355
-2.705379 4.366162
-2.722943 4.479910
-2.651321 4.347066
-2.693989 4.444860
2.262572 3.307286
2.580825 3.324655
1.932394 3.283276
-3.086867 4.064515
-4.313932 3.280036
-4.313902 3.325471
-2.473465 2.676147
-2.474628 2.726558
-2.469076 2.566454
1.107348 3.492511
1.072527 3.534039
1.185085 3.411129
3.354073 3.320674
0.203486 3.861330
-3.109527 2.131485
-3.068979 2.170411
-3.014096 2.144176
-3.190597 2.112588
-3.628819 3.770400
-3.590117 3.719854
1.045399 3.532611
1.038511 3.536787
1.099585 3.648795
-1.577933 3.177622
-2.715805 3.542419
-2.789730 3.541056
-2.705362 3.530261
-2.865330 3.388536
-1.734079 2.433244
-1.937099 2.216827
-1.540324 2.635334
-1.725207 2.400973
-1.653378 2.453480
-1.979528 2.202180
-1.579616 2.525594
-1.600183 2.496706
-2.286246 1.910279
-2.240466 1.958041
-2.297588 1.891984
-2.214125 1.995590
-2.032345 2.119731
-2.415815 2.219606
-2.430771 2.276222
-2.225277 2.144255
-2.604277 2.186504
-3.061863 3.055761
-3.015377 3.050964
-3.044327 2.960478
-3.068126 3.042750
-3.068649 3.050255
-3.097843 3.002070
0.420947 3.876135
0.500472 3.883588
-3.159093 4.030484
-3.287309 4.012950
-2.890851 4.531174
-2.964558 4.430993
-2.931639 4.471291
-2.240512 3.465232
-2.126938 3.456144
-2.012347 3.455393
-1.452686 2.349149
-2.135653 3.304235
-2.481924 5.098325
-2.477649 5.196723
-2.473936 5.205165
-2.454927 4.985260
-2.515613 5.100722
1.236349 3.721375
1.298019 3.718961
1.290426 3.763292
1.287251 3.735716
1.121284 3.737934
-2.990529 2.160263
-3.208673 1.142296
-2.932322 2.185127
-3.015083 2.229401
-0.907344 3.147808
-1.198005 3.066043
-1.030910 3.143634
-1.316850 2.842942
-1.206802 3.037525
-1.167770 3.034083
-1.185662 3.044449
-1.196562 3.057295
-1.317626 3.095867
0.379245 4.018707
-3.075932 0.751547
-2.954294 2.188606
1.070993 3.456961
1.132895 3.349406
-3.584877 3.702782
-1.606239 3.503937
-1.618289 3.513663
-1.664995 3.461960
-1.616429 3.533789
-1.552861 3.409348
-1.657131 3.495385
1.191257 3.329741
1.254127 3.303044
1.077845 3.346560
1.094049 3.347783
1.389354 3.268438
-0.620537 4.242440
-0.480322 4.296877
-0.513988 4.262997
-0.612094 4.201437
0.359291 3.185272
0.241753 3.442439
-1.969015 3.481842
-2.684780 3.512620
-2.475065 5.278770
-0.493859 2.653648
-0.659819 3.381217
-3.285669 1.329041
-3.202721 1.439936
-2.977161 2.162183
-2.046560 2.099420
-1.480225 2.563254
-1.480380 3.224239
-1.488916 3.267414
-1.520966 3.214728
-1.448739 3.197793
-0.654780 3.357075
-3.034157 1.274300
-3.121539 1.229102
-3.384918 1.184182
-1.008437 3.137631
-1.024251 3.130295
-1.199231 3.050727
-0.237226 3.541510
-0.721588 4.551395
-0.853051 4.550509
-0.607897 4.572850
-0.590856 4.687834
-0.694416 4.596458
-0.498666 4.111945
-3.680759 2.080723
-3.662396 2.079268
-3.647426 2.081769
-2.517566 4.960159
-2.472080 4.850309
-2.481353 4.971358
-2.523453 4.954115
-2.548356 5.017157
-2.529412 5.017878
-2.560462 5.013976
0.777240 3.096944
-3.197413 4.216298
-3.273234 4.192027
-3.237780 4.245513
-2.815129 4.001344
-3.238713 4.048535
-3.140954 4.265121
0.243899 3.762681
0.721668 3.945876
1.029373 4.230210
0.557293 3.103551
0.560508 3.075239
0.331740 3.216856
-2.457791 3.238481
-2.246778 3.187309
-2.440438 3.221041
-2.529103 1.888954
-1.255673 4.547953
-1.189352 4.425671
-1.283133 4.663193
-3.208652 1.439583
-3.207413 1.439205
-3.209041 1.437354
-3.231829 1.478480
-2.453562 2.352767
-0.643601 4.311825
-0.663266 4.170102
-1.267436 2.745802
-1.269885 2.746891
-1.987119 2.112198
-2.068033 2.066827
-1.962054 2.156831
-1.959897 2.170763
1.276997 3.292773
1.237544 3.347838
1.320734 3.282497
1.266402 3.283216
1.290559 3.287579
-1.288462 4.693945
-1.426040 2.589201
-0.632581 3.398499
-0.714243 3.310067
0.811255 3.097436
0.840738 2.986948
3.599972 1.947301
-3.010159 4.008879
-3.141838 4.037225
-2.976824 3.879076
-3.109718 4.109924
-3.107290 4.030252
-2.929775 4.002958
-4.082611 3.538301
-4.155684 3.546067
-4.181384 3.535387
-4.184345 3.561046
0.078362 3.729891
0.992986 3.784648
1.009000 3.765545
-3.281084 4.003007
0.081752 3.381039
-0.115511 3.523497
-2.031613 4.667442
-2.040009 4.674835
-2.237280 3.190487
-2.217062 3.202821
-2.294920 3.180364
-2.735565 3.501438
-2.672939 3.497847
-2.808724 3.524546
-2.954615 3.577065
-0.332298 4.125359
-0.369129 4.356875
-0.301685 4.300289
-0.304707 4.298008
-0.905589 3.073283
-0.964046 2.968578
-0.939193 3.051616
-0.625815 3.316533
-0.824670 3.192557
-0.533529 3.346597
-0.905526 3.643435
-1.912118 3.388248
-1.712273 3.421698
-2.006692 3.344866
-1.645036 3.595470
-2.179504 3.291375
-1.830516 3.403014
-1.836733 3.484150
-1.923524 3.391299
-3.119087 4.351137
-3.434069 2.225291
-3.430326 2.224283
-3.488580 2.189800
-3.376047 2.248939
-0.012940 4.359778
-3.366751 3.721802
-3.420465 3.676714
-3.397294 3.861995
-3.530288 3.638159
-2.289928 2.001888
-2.284924 2.103103
-2.387319 1.952322
-2.276920 2.002661
-2.033463 4.691927
-1.951932 3.518579
-3.837867 3.569517
-3.850658 3.542837
-3.105258 1.498144
-3.108629 1.361256
-3.114065 4.354368
-2.486478 2.903504
-2.491529 2.957145
-3.016057 2.967371
-2.991134 3.112651
-3.012821 3.033644
-2.445467 4.811691
-2.588142 4.673500
-2.482066 4.883794
-2.350113 4.870547
-2.487592 4.924654
-2.390734 4.562935
-2.532349 3.942704
-2.587314 4.639590
-0.566094 3.932724
-1.904526 3.123029
-2.052111 3.125474
-3.077739 1.906691
-3.101929 1.819915
-1.641083 3.600062
-1.707012 3.592426
-1.631207 3.576977
-2.475845 4.522192
-2.345383 4.562730
-2.372169 4.463003
-2.353435 4.473288
-0.415995 4.351088
0.173917 3.491199
0.177171 3.533241
0.336491 3.190162
-2.999274 1.668582
-3.034200 1.560405
-2.944078 1.685574
-1.899403 3.505458
-1.874523 3.579939
0.359532 3.154530
0.369429 3.133301
-2.473720 5.284582
-3.092249 1.869521
-2.983282 2.194930
-2.171638 3.256210
-2.183060 3.201480
-1.960571 2.152326
0.383524 3.109650
0.386855 3.107281
-1.915687 3.380049
-1.826107 3.400048
-2.685158 4.203872
-1.406516 3.155806
-1.311789 3.125494
-1.463577 3.156359
-2.461633 2.411836
-0.819746 4.566693
-2.708043 3.507130
-2.313734 3.198608
-2.737497 3.642294
-2.784815 3.528187
-2.864918 3.544809
-2.929311 3.831964
1.386298 3.716004
-1.079275 4.141924
-1.113593 4.169152
-0.967957 3.906607
-0.936265 4.483167
0.178459 3.555035
-1.009398 2.824078
-3.337617 1.840204
-0.918517 3.218492
-0.828837 3.257416
-0.940274 3.196467
0.108283 4.284738
-3.299146 1.586763
-3.332212 1.633070
-3.272741 1.535892
-2.228763 3.231628
-2.198073 3.221536
0.483353 3.880193
0.284577 3.978217
-0.196158 3.566790
-4.212510 3.540749
-0.352007 4.584485
-0.360722 4.588437
-1.055249 4.153012
-1.066017 4.151002
-1.091731 4.086258
-2.010051 4.677082
-3.806473 3.611364
-3.806085 3.585161
-3.799255 3.638204
-3.809308 3.577677
-3.817470 3.703680
-3.791934 3.612006
-3.758840 3.679086
-3.808815 3.633303
-3.389421 3.495124
-3.387792 3.486104
-3.786327 3.990574
-3.270426 4.250656
-3.252675 4.263363
-3.207531 4.284100
-2.720291 4.609768
-2.700970 4.481078
-2.733990 4.524364
-2.467052 2.484732
-2.828201 4.495213
-0.548461 4.612683
-0.479530 4.563799
-2.882305 4.395827
-2.518401 3.197270
-2.511370 3.110245
-2.939608 2.155988
-1.262810 4.467330
-1.235522 4.444933
-2.748427 4.395152
-0.593130 3.744105
-0.801287 3.824991
-0.619836 3.769759
-0.480883 4.898674
-0.379848 4.834967
-0.615055 4.938567
-0.495160 4.879203
0.595983 3.919595
0.595047 3.910409
-3.164246 2.353541
-1.841468 3.575413
-1.993179 3.428552
-1.957108 3.391250
-2.156861 3.565787
-2.466603 1.916697
-1.200464 3.101149
-1.429385 2.654933
-1.405373 2.609185
-1.369927 2.730114
-1.423156 2.660592
-1.412874 2.718108
-2.067516 3.108337
-2.148156 3.116268
-2.876899 3.384959
-2.912164 3.305132
-2.948869 3.221511
0.886883 3.952167
0.899656 4.000542
-2.239140 3.149729
-1.669673 3.256816
-1.592777 3.169582
-1.571529 3.174214
-1.560109 3.171827
-3.024467 4.379840
-2.101670 4.892309
-2.268222 4.896138
-0.864027 3.869572
0.301797 4.151937
0.340986 4.103238
0.207041 4.221154
1.179295 4.460128
1.147393 4.410117
1.230810 4.526693
0.907591 2.852647
0.915336 2.852987
0.364951 4.108013
0.218071 4.216103
0.423439 4.071092
0.616780 4.202120
0.379971 4.096944
-0.842171 4.524185
-0.790240 4.485300
-0.851837 4.531363
0.035364 4.281373
0.052464 4.273148
-0.760550 4.313300
-0.827533 4.385961
-0.697388 4.245932
1.333932 4.462598
1.211684 4.362776
1.267704 4.341482
1.211387 4.318361
1.296798 4.359505
1.295849 4.347386
1.263518 4.370026
1.249825 4.340493
-0.227636 3.563593
-0.155043 3.541938
-0.252818 3.580361
-2.743697 4.617649
-2.751804 4.642663
-2.709893 4.588393
-1.350943 4.937610
1.346609 3.747685
1.379085 3.738308
1.322895 3.753016
-2.510469 4.941741
-0.292206 4.759043
-1.215643 4.668739
-1.181623 4.656586
-1.528467 3.339412
-1.014539 3.058712
1.159784 4.339190
1.104717 4.344030
0.038723 4.356201
0.092887 4.255629
0.010157 4.408713
0.017022 4.412881
1.139964 4.408712
1.608119 4.588502
1.623374 4.592478
1.560512 4.576441
-0.716580 3.099183
-0.677514 3.006060
-0.670190 2.992361
-0.351926 4.295508
-0.334476 4.305569
-0.338514 4.319290
-0.406690 4.285811
-3.451335 3.985034
-3.486588 3.962913
-3.523206 3.949785
-3.507498 3.954726
-3.479833 3.966617
-3.493896 3.968780
-0.187064 4.651864
-0.081208 4.512788
-2.539879 5.055218
-2.969155 3.169376
-3.391734 3.984538
-3.340271 3.991668
1.524341 3.760985
1.497643 3.753037
1.524515 3.763078
0.070361 4.282747
0.565595 3.067164
0.582327 3.060037
1.402597 4.479741
1.365686 4.450119
1.421953 4.498013
-1.100246 4.084093
-1.075557 4.051331
-0.242274 4.427207
-0.112803 4.459122
-0.313888 4.516390
-0.030280 4.401980
-0.088370 4.522934
-0.569345 4.578683
-0.562750 4.529242
-0.651880 4.621147
-0.419515 4.562593
-1.197387 4.734515
-1.258746 4.706352
-1.237024 4.731987
-1.048143 4.646458
-0.438401 4.739416
-0.325576 4.767277
-0.351674 4.795438
1.626571 4.590775
-1.241799 4.712961
-1.264388 4.678001
-1.074534 4.026581
-1.076161 4.020114
-1.065126 4.031598
-0.358089 4.326534
-0.402768 4.393028
-1.451419 4.916823
-1.582806 4.934893
-1.395867 4.861312
-1.720413 4.935594
-2.749976 4.436014
-2.709731 4.460050
0.844949 2.907977
-2.277721 4.877266
-2.316086 4.890371
-2.000919 4.645678
-2.001722 4.643224
-1.999094 4.796063
-0.021848 4.460663
-0.086708 4.413612
-0.178456 4.614573
0.022379 4.478312
-3.327957 2.091146
-2.546339 5.028920
-1.370701 4.838445
-3.509006 2.163007
-3.322075 2.255029
-0.903905 4.517476
-0.903047 4.540806
-0.871400 4.465830
-0.972562 4.601921
-0.329925 3.635294
-0.374664 3.659796
-0.300665 3.612030
-1.629017 2.920079
-1.624494 2.894848
-1.642233 3.006567
-1.618636 2.882856
-3.657510 2.063049
-3.671261 2.060178
1.295824 3.747540
1.294603 3.743307
1.306548 3.739911
1.306914 3.757194
-0.365972 4.715971
-0.332440 4.677935
-2.089105 4.907029
-1.990752 4.887202
-1.211928 3.031978
-2.716678 4.421528
-2.652930 4.437375
-3.043575 2.629125
-3.073088 2.510361
0.440853 4.045109
0.455472 4.043801
0.413360 4.031875
-0.755889 4.362098
-0.774675 4.429633
-0.734958 4.296653
1.490358 4.614288
1.341567 4.473372
1.266968 4.508494
-2.705450 4.500793
-2.488166 5.076698
-2.494768 5.084285
-2.512596 5.091609
1.140548 4.295053
1.238023 4.348714
0.824243 2.942598
-1.554419 2.533677
-1.445491 2.629171
-0.243806 4.659873
-0.323467 4.607784
-0.121733 4.589985
-1.298161 4.759526
1.211102 4.474383
1.255075 4.506508
1.167670 4.418823
1.317324 4.361397
1.317877 4.369044
1.263225 4.391796
1.294457 4.446068
1.051817 3.765335
1.032259 3.766689
1.055819 3.771062
0.994328 3.757859
-2.513095 5.116582
-3.119072 4.362982
-3.114008 4.360298
-1.764982 3.269609
-1.740076 3.248847
-0.660873 4.382538
-0.662225 4.426072
-3.122239 2.969726
-3.122421 2.965907
-2.338175 4.888934
-1.116585 3.011438
-1.137909 3.014727
1.003187 4.323673
-2.506099 5.111661
-2.530166 5.076855
1.224601 3.802185
-0.263855 4.328835
-0.279240 4.326130
-0.240182 4.591715
1.019475 4.152926
1.006442 4.116752
1.026440 4.182905
-1.562196 3.177591
0.911027 4.006924
-0.559075 4.772733
-0.511678 4.835238
-0.320184 3.613641
0.501939 4.071407
0.471267 4.055371
0.485700 4.042854
-1.398789 2.576127
-1.395096 2.552301
0.391359 4.073943
0.380317 3.998692
1.406661 3.721816
1.404818 3.731086
-2.754130 4.690678
-1.446329 3.110610
1.162795 3.842406
-1.120815 4.763485
-0.904523 4.696973
-1.218570 4.767746
1.521324 3.759479
-3.198706 3.626447
-0.537665 3.760754
-3.015152 2.914465
-0.413553 4.409441
-0.480078 4.280253
-0.471721 4.271506
-0.521328 4.284793
-0.770885 4.647601
-0.862473 4.681223
0.668505 4.224451
-0.750660 4.480505
-0.618322 4.468552
-0.561499 4.345758
-1.630427 2.885351
1.061556 3.904886
1.626771 4.737618
1.574830 4.691731
1.667564 4.776228
1.660419 4.769458
1.536102 4.625958
-2.738232 4.710571
-2.736650 4.733389
-2.718196 4.789963
-1.135723 2.787872
1.236547 4.443440
-0.423053 4.270118
-1.907708 4.884682
-0.770214 3.827832
-0.787989 3.837692
-0.650952 3.334136
1.304731 4.364412
1.300718 4.360657
1.152761 4.398196
1.108727 4.361826
1.319100 4.412004
0.852501 4.283680
-0.576175 4.696116
-0.884656 4.563396
-0.317872 3.614115
-0.822793 4.502515
-3.324363 1.648240
0.980787 3.939732
1.069670 4.304769
1.674517 4.781271
1.677400 4.785279
0.449544 3.952182
-3.189549 1.414118
-1.713062 4.945639
0.815489 3.102270
0.938828 4.019610
0.990613 4.079673
-3.286661 3.997240
-1.381362 2.674802
-1.145501 4.160598
-1.399042 2.563682
0.018236 4.439912
-1.997275 4.676749
-3.172945 1.400376
-3.827602 3.524651
-3.845386 3.570787
-3.845191 3.517434
-1.434983 3.104934
-3.264785 1.508032
-1.849170 3.580775
-1.857647 3.594681
-0.205994 4.612531
-0.430233 4.644816
-0.436728 4.580287
-0.477282 4.637640
-1.270232 2.722461
-2.766105 4.406034
-2.798885 4.399685
-1.848327 3.587833
-2.475685 5.334106
-2.474291 5.365395
1.393335 4.477544
-1.744065 3.589739
-1.744680 3.263052
0.933239 3.966708
-2.204169 3.112757
-0.507665 4.281547
-2.627579 4.950335
0.097282 4.288167
-3.248804 1.505533
-3.233116 1.485069
-2.471781 5.374501
-2.219163 3.112440
-1.840472 3.586626
-0.417518 4.494936
-0.444728 4.495260
1.114343 4.380517
-3.838106 3.990573
-3.837139 3.967166
-3.836213 3.998759
-3.872553 3.998984
-3.845737 4.000422
-3.825753 3.994919
-0.899013 4.626291
-1.403150 2.592802
-1.400044 2.585344
-1.491031 3.155063
-3.408447 1.126201
-0.056797 4.572290
-3.168708 2.362474
-3.191529 2.385684
0.929763 3.988078
1.527116 4.557434
1.574330 4.592065
-1.779741 3.589520
-3.165568 2.344986
0.036561 4.499832
-3.080085 2.243113
1.668934 4.777001
-3.003702 3.034875
-0.387428 4.560151
-3.823915 3.701250
-3.833766 3.729076
-3.894725 3.970791
0.843042 2.976654
0.840477 2.973027
-0.209661 4.622248
-3.860056 4.003207
-3.825200 3.557683
-4.404959 3.387022
-4.405743 3.386378
-3.812863 3.580650
-3.880303 3.962595
-3.899727 3.940127
-3.894907 3.979365
-3.877117 3.823184
-3.800927 3.661900
-3.791713 3.663756
-4.362051 3.391150
1.279191 4.366495
0.028060 4.507823
0.018164 4.548200
-2.779707 4.386081
-0.115481 4.596204
-0.589353 4.628572
-2.798399 4.392384
0.027512 4.575020
1.548868 4.627756
-4.341228 3.427418
-4.340964 3.417664
1.565929 4.610333
-4.366952 3.384905
-4.213936 3.585896
-4.195730 3.564895
0.954689 4.004782
-2.662069 4.901841
-1.987866 4.736074
-0.705306 4.602496
-3.106750 4.033006
-2.384536 3.760822
-2.517280 3.862987
-2.290386 3.684245
-2.672564 3.948133
-2.126334 0.487924
-2.121428 0.474169
-2.124745 0.481745
-1.979086 -1.244138
-1.962529 -1.245626
-2.009689 -1.361107
-1.992531 -1.407272
-2.012673 -1.325134
-0.782189 -0.097597
-0.776642 -0.226357
-0.768040 -0.022972
-2.098244 0.458881
-0.890893 -1.384669
-1.016368 -1.429443
-0.809346 -1.359121
-1.337279 -0.305016
-1.360227 -0.329293
-1.325241 -0.287274
-1.324144 -0.239573
-1.225219 -0.184737
-1.519974 -0.265760
-1.258334 -0.084901
-1.300053 -0.095566
-1.232219 -0.085297
-1.260534 -0.123145
-1.175637 -0.135417
-1.317559 -0.117175
-2.018500 -1.402560
-1.954401 -1.435640
-1.981152 -1.445128
-2.039919 -1.394768
-1.833314 -0.704080
-1.835711 -0.707461
-1.843358 -0.580874
-1.861711 -0.686025
-1.846474 -0.511033
-1.821340 -0.606494
-1.856693 -0.510735
-1.843435 -0.611430
-1.854792 -0.647056
-1.843138 -0.604471
-1.862388 -0.393668
-1.892962 -0.611346
-1.863311 -0.523095
-1.927411 -1.035783
-1.732418 -1.512011
-1.804829 -1.320210
-1.953338 -0.620881
-1.629788 -0.433569
-1.718976 -0.489320
-1.526671 -0.383470
-1.483045 -2.131300
-1.489079 -2.126173
-1.506683 -0.492967
-1.417824 -0.508874
-1.575827 -0.486184
-1.507139 -2.127058
-1.325590 -0.509890
-1.261667 -0.157545
-0.979038 0.045255
-1.024663 -0.039597
-1.374842 0.021706
-0.750787 0.142248
-1.527795 -2.126490
-1.689651 -1.712482
-1.754380 -1.682409
-1.789377 -1.382819
-1.811197 -1.386659
-1.700353 -1.560935
-1.347775 -1.454839
-1.355135 -1.458517
-1.371500 -1.453026
-1.337214 -1.461819
-1.595097 -1.490546
-1.961185 -0.092689
-1.937138 -0.120601
-1.963662 -0.104935
-1.994731 -0.556998
-2.068758 -0.582291
-1.980067 -0.554257
-0.911988 -0.356524
-0.952318 -0.251696
-0.850217 -0.403500
-0.899554 -0.357960
-0.708335 -0.289154
-0.996646 -0.142971
-1.324231 -0.283875
-2.069435 -0.590587
-2.052253 -0.593591
-1.313041 -1.452037
-1.324787 -1.459441
-1.309978 -1.446310
-1.863188 -1.334968
-1.884158 -1.315136
-1.874590 -1.318857
-1.832092 -1.370169
-2.268988 0.777036
-2.281325 0.788229
-2.261567 0.767992
-0.787808 -0.333535
-0.787565 -0.335415
-0.754780 -0.371581
-0.842284 -0.347007
-0.814806 -0.269509
-0.762082 -0.289142
-0.967070 -0.212707
-0.514268 -0.348856
-0.431892 -0.332822
-1.082399 -0.173650
-2.191585 0.634955
-2.170002 0.606271
-2.207494 0.669129
-1.779396 -1.442037
-1.730477 -1.456990
-1.829733 -1.382114
-2.283779 0.785843
-2.142317 0.419582
-2.176625 0.405683
-1.714384 -1.676615
-1.694526 -1.743916
-1.694246 -1.714590
-1.591329 -1.980598
-1.183438 -0.742517
-2.019530 0.253221
-2.006765 0.136094
-1.038905 -0.950039
-0.939152 -1.103651
-2.437051 -0.063694
-2.240721 -0.111231
-2.051173 -1.241300
-2.028250 -1.230683
-2.067229 -1.244587
-2.066338 -1.240768
-2.049352 -1.240455
-2.028606 -1.237194
-2.023818 -1.243096
-1.990068 -1.236142
-2.051638 -0.156194
-2.184502 0.371497
-2.181097 0.377246
-2.175282 0.390553
-2.159412 0.408538
-1.692280 -1.493520
-1.697927 -1.493950
-1.672087 -1.484760
-1.720443 -1.493779
-1.997007 -0.563264
-1.934565 -0.541634
-2.035288 -0.578913
-2.134675 -0.003463
-1.960253 0.470863
-1.969380 0.458577
-2.196668 0.646253
-2.138843 0.441376
-2.122387 0.543368
-1.928481 -0.154702
-1.921552 -0.214559
-1.832525 -0.201304
-1.281275 -0.120595
-1.990124 -1.244655
-1.992715 -1.245527
-1.636035 -1.495950
-2.276600 0.757397
-2.287618 0.781767
-2.222982 0.681693
-1.967835 -1.320921
-1.740306 -1.669583
-1.740570 -1.693022
-1.827167 -1.843854
-2.189346 0.403954
-2.190436 0.405395
-2.154584 0.417541
-2.168188 0.433870
-2.269439 0.771632
-1.730183 0.117773
-1.904069 -1.268388
-0.610226 -1.525733
-1.918326 -1.409079
-1.914536 -0.535443
-1.854169 -0.522415
-1.844643 -0.528611
-1.858865 -0.528094
-2.056499 -0.594877
-2.066777 -0.595611
-1.815008 -1.405930
-1.823404 -1.396362
-1.846757 -1.369941
-1.845068 -1.348881
-2.041747 -0.602183
-2.199305 0.655053
-2.185130 0.634957
-1.458904 -0.356553
-1.910283 -1.278940
-1.944468 -1.244525
-1.563469 -2.172722
-1.567979 -2.170183
-1.563206 -2.166854
-1.446747 -2.110963
-1.337802 -1.983146
-1.920131 -1.282820
-1.362448 -0.292205
-1.847343 -0.634512
-1.534607 -2.145000
-1.630610 -2.331311
-1.738042 -2.547336
-2.214217 0.682967
-1.966956 -1.138236
-1.944955 -1.106385
-1.994691 -1.278965
-2.000426 -1.287355
-1.741421 -0.351932
-1.896167 -0.201922
-1.894953 -0.211844
-0.903513 -1.444187
-2.066759 -1.378180
-2.076950 -1.406863
-0.712460 0.134890
-0.570105 0.050574
-0.744234 0.064975
-0.680436 0.260023
-0.718132 0.198633
-0.694902 0.196064
-2.677498 -0.135739
-1.299563 -1.441441
0.919482 -0.045009
0.864158 -0.033723
0.940332 -0.066569
3.541166 2.567718
3.535659 2.574495
3.504010 2.638884
3.549904 2.545705
4.813732 -0.511458
4.822608 -0.702742
5.268293 -0.462514
5.314985 -0.475269
5.234516 -0.459662
3.654023 1.297084
3.688655 1.398766
3.543143 1.151680
3.660673 1.274590
4.400570 2.152254
4.755814 1.914164
4.079018 2.299628
5.167166 -0.719491
5.167549 -0.694689
3.545997 1.329142
3.540515 1.323702
3.533305 1.328407
3.570353 1.267908
3.520076 1.159168
3.540925 1.158507
3.528311 1.172394
4.147510 1.013774
3.627433 1.128251
4.156705 0.819890
3.838006 1.050384
3.926367 1.984708
4.085582 0.855671
4.352485 1.129508
4.367970 1.208545
4.170776 0.928765
4.166366 0.929180
4.151612 0.922785
4.457346 0.494425
4.376244 0.423077
5.084632 -0.407522
5.193902 -0.459772
4.624132 0.048188
5.147347 -0.598092
3.518896 1.189387
4.829444 1.721420
4.806103 1.720438
4.825271 1.739015
4.747380 2.009192
4.908826 1.626984
5.155403 1.495920
4.716189 1.671814
4.875135 1.630562
4.942580 1.668424
4.839623 1.741469
4.829446 1.726382
4.289307 2.159063
4.721697 1.639781
-1.494564 -4.700469
-1.523168 -4.571065
-1.050645 -4.837728
3.919626 2.104115
3.926289 2.125655
3.960574 2.127525
3.853267 2.063202
4.000408 2.172624
3.892200 2.176218
3.329731 0.737315
3.320495 0.724152
3.290655 0.711517
3.320371 0.743122
3.387479 0.803203
3.359902 0.765620
3.372661 0.783983
3.458445 0.916600
3.377617 0.766401
3.839966 2.321771
3.838857 2.419466
3.833055 2.279542
3.837669 2.350090
3.446129 3.303995
3.385523 3.271202
3.368282 3.318187
3.389106 3.437115
4.749955 1.869450
4.783185 1.814422
4.844724 2.089189
4.553326 2.124382
3.007498 1.420968
2.986021 1.414849
3.107675 1.476901
2.902817 1.374702
2.970737 1.393178
3.055717 1.454610
5.071155 0.230360
5.088092 0.479183
4.982714 -0.137720
5.163575 0.232210
3.383712 1.060271
3.393245 1.076149
3.368524 1.041406
3.277381 1.021958
3.938318 3.318479
3.928955 3.167199
3.939837 3.388068
3.953412 3.370246
3.905799 3.339345
3.855911 2.721447
3.581154 2.734110
3.458050 3.294959
3.484895 3.428552
3.427559 3.401754
3.924881 2.558713
3.866072 2.566810
3.378018 2.668684
3.462433 2.826172
3.432379 3.149453
3.571664 2.502961
3.519823 2.611709
3.529122 2.609042
3.539167 1.211686
3.549834 1.207263
4.600790 1.531310
4.627998 1.558981
4.539935 1.514507
4.594754 -0.349281
4.619153 -0.287345
4.576409 -0.343824
4.577089 -0.351437
2.779530 1.359432
2.794611 1.352666
2.681491 1.346437
2.804542 1.352471
2.819215 1.345788
2.941840 1.374650
2.933571 1.372416
4.960536 -0.018481
4.923976 0.071047
4.957469 0.000976
5.034630 1.630787
5.026783 1.685482
4.200264 0.790886
4.098894 0.809937
3.892045 2.150741
3.916286 2.197052
3.882797 2.146591
3.814420 2.487626
3.776022 2.446357
3.803000 2.455071
3.944431 2.655122
3.785331 2.383456
3.647066 2.462496
3.842080 2.310077
3.805452 2.392372
3.759281 2.397238
3.777307 2.357440
3.743742 2.454234
3.753450 2.464520
5.140649 -0.307127
5.077172 -0.342979
5.125648 -0.299062
3.460417 2.639153
3.493680 2.624557
3.459927 2.657092
3.473231 2.646546
3.479018 2.635488
3.888624 2.333392
4.450240 2.916955
4.462505 2.588739
4.272901 2.933996
4.466146 2.927238
4.510315 2.960327
4.987201 -0.516610
4.806797 -0.513519
4.724685 -0.420642
4.915123 -0.600653
4.758304 -0.586979
4.721785 0.367887
3.898476 2.648481
3.306051 1.491967
3.168908 1.483465
3.275557 1.512604
3.259548 1.507213
3.694875 1.411062
3.882622 1.360244
4.070022 1.305905
5.297256 -0.489113
5.217866 -0.513288
5.100435 -0.337547
5.054863 -0.531431
5.201478 -0.944868
5.192151 -0.942101
3.975837 2.500680
3.984149 2.585928
3.987111 2.643397
3.869051 2.096102
3.868627 2.366234
3.894608 2.196612
3.895660 2.160788
5.020008 -0.396090
4.976818 -0.397153
5.315718 -0.499068
5.327143 -0.511810
5.329192 -0.511988
4.873168 -0.579159
5.257610 -0.661790
5.351161 -0.664813
5.260579 -0.578109
5.276904 -0.673144
5.147171 -0.516112
5.160137 1.011398
5.131166 0.949575
5.191498 1.101303
5.166563 1.026212
5.514478 1.471133
5.429424 1.441658
5.486816 1.467763
5.530767 1.477565
5.531635 1.473674
5.491932 1.467242
5.533242 1.473152
3.911941 2.555417
3.830236 2.431771
3.843670 2.387077
4.245299 1.579811
3.465557 0.883386
3.467381 0.871991
3.473510 0.875339
4.167320 2.390079
4.479472 2.642514
4.473514 2.633450
4.559139 2.386232
4.470742 0.201778
4.481549 0.209204
4.472574 0.189180
4.470033 0.199357
3.527293 2.544188
3.526481 2.549318
3.530971 2.545585
3.963336 2.166649
3.986361 2.186493
3.962864 2.171955
4.108407 2.241450
4.107333 2.239817
5.098967 -0.527429
5.191220 -0.644335
5.172900 -0.531567
5.130667 -0.439716
5.200077 -0.549507
3.485436 2.556257
3.471071 2.580533
3.481649 2.562112
3.555736 2.530819
5.131766 -0.723037
5.071082 -0.776228
5.161234 -0.689638
3.828418 2.028399
3.828949 2.053505
4.538654 2.155275
4.157602 2.360638
4.238989 2.818462
4.173046 2.413148
3.593632 2.244809
3.496124 2.389638
4.246212 1.575982
4.032278 0.934655
4.145764 2.277915
4.144595 2.272471
4.934073 0.074246
4.896952 0.470408
4.857528 0.132086
4.949144 -0.083539
4.844857 0.456115
4.349320 1.364280
4.258131 1.474554
4.917474 1.472925
4.980635 1.569147
4.932969 1.641034
4.946235 1.649762
5.437033 1.505107
5.379882 1.320079
5.363736 1.428626
5.287089 1.450198
5.361729 1.450264
5.341272 1.518143
5.519333 1.540924
5.547403 1.555719
4.028183 1.745860
5.140304 -0.837932
4.937675 -0.781158
5.128317 -0.850909
5.093603 -0.848011
4.970173 -0.801545
5.095926 -0.770652
5.180715 -0.933841
5.159332 -0.878284
4.645974 0.259755
4.647185 0.269564
4.998052 -0.192074
4.735427 -0.634360
4.771876 -0.629645
4.719216 -0.630392
4.642607 1.015790
5.143664 0.494785
5.156520 1.045279
5.116665 1.076286
5.117606 1.090778
3.726180 1.467612
3.729512 1.470834
3.699214 1.437006
4.775622 -0.979806
4.776078 -1.001005
4.749587 -1.110199
4.806012 -0.906851
4.800337 -0.741336
4.806801 -0.941018
0.161711 -4.162195
5.317032 1.211764
5.185905 1.265808
5.200744 1.064172
5.279047 1.105815
4.732653 1.918319
4.221076 2.253002
4.797488 1.947604
4.816304 2.021490
4.798051 1.963164
4.709146 1.901424
4.731221 -0.637286
4.712169 -0.640839
4.782627 -0.621104
4.696158 -0.652541
4.864981 0.449267
4.874651 0.480325
5.275797 0.438512
5.307482 0.450048
5.161646 0.476498
5.134423 0.460507
5.370916 0.419925
3.793804 2.404490
5.112559 1.299420
5.059867 1.543887
5.120612 1.271123
5.166257 1.260898
5.070481 1.188763
5.003939 1.400046
5.013824 1.386761
5.037347 1.371057
5.232457 1.367183
5.112019 1.274179
5.054616 1.110365
5.116669 1.287517
5.133430 1.264623
5.180775 1.307086
5.117896 1.167939
5.119857 1.244786
5.122449 1.217693
5.129227 1.228219
4.703991 1.901914
4.471358 1.271532
4.917430 1.533812
0.321085 -4.585590
0.285112 -4.570018
0.548569 -4.555534
0.128164 -4.653703
3.833439 2.292923
3.852172 2.212991
3.274814 1.140336
5.047798 -0.246569
4.951886 -0.341741
4.974798 -0.234106
4.796067 0.853372
4.878350 0.781599
4.603647 1.104582
4.817032 0.799552
4.806639 0.806984
5.207891 -0.996085
5.198536 -0.966876
3.285474 2.863289
3.270639 2.882682
3.182549 2.910717
3.275263 2.838425
3.258903 2.772948
3.307310 2.751857
3.210958 2.654166
3.232667 2.660768
3.278059 2.670301
3.261750 2.646603
3.133647 2.719094
3.135559 2.726724
3.099138 2.660336
3.119913 2.663070
3.180817 2.659750
3.153063 2.661514
3.158163 2.680638
4.863850 2.117302
4.892435 2.156892
4.868152 2.131050
4.887735 2.152467
4.850385 2.123393
4.872019 2.138207
4.865829 2.155519
4.866999 2.167249
4.697792 1.902361
4.528447 1.627674
4.556324 1.636678
4.697727 1.857459
4.681715 1.851940
4.690426 1.870757
4.625898 2.007484
3.121339 1.488173
3.124380 1.493018
3.858491 2.023753
3.883028 2.017186
3.858333 2.019902
3.530203 1.161345
5.521749 1.489773
3.698523 1.424670
5.018764 1.391921
3.243118 1.297755
3.308705 1.278987
3.263316 1.290039
3.144583 1.336138
3.396621 1.489313
3.238937 1.310851
3.269030 1.349877
3.363757 1.244781
3.228438 1.301142
3.074910 1.347299
3.238189 1.300210
3.264699 1.297373
3.902702 2.033431
4.165960 2.304578
4.144096 2.276347
3.571653 1.271618
3.202268 2.693609
3.423019 2.374699
3.971402 1.510514
5.179682 -0.696807
5.213426 1.498433
5.239773 1.482081
5.258747 1.523395
3.538889 2.616149
4.929701 0.096741
4.341190 1.266755
4.309411 1.245132
3.726466 1.182705
3.433908 0.771112
4.128331 1.537658
4.474993 1.504401
4.430292 1.284482
4.290037 1.017827
4.553581 1.535275
4.484692 1.234604
3.485804 0.842238
4.050585 0.757398
4.051422 0.762002
4.239480 1.558514
4.239101 1.545940
4.202044 2.395987
4.012464 2.173461
4.100875 2.234032
4.377621 2.217458
3.813110 1.917586
4.115900 1.848537
4.035573 0.901806
5.013921 0.977874
0.538107 -4.317378
0.312180 -4.559918
4.456656 0.203800
4.343666 1.104028
4.305327 1.203180
3.908541 2.153424
3.880579 2.180193
4.408417 -1.183611
4.391066 -1.222100
4.429784 -1.119184
5.015532 -0.299332
5.079033 -0.238844
3.935366 2.353808
3.942074 2.342676
4.720503 1.684067
4.640633 1.600210
3.899726 2.599651
4.678586 -0.016625
4.006275 0.697726
3.826180 2.024389
4.003956 2.642868
3.992173 2.595158
3.983035 2.699362
4.019608 2.651525
4.007559 2.647170
3.965462 2.794836
3.945508 2.692064
3.950176 2.668609
3.995881 2.628846
3.980349 2.768575
3.967047 2.828461
3.965849 2.805549
3.967230 2.807930
3.952723 2.797067
3.962466 2.822712
3.972330 2.817230
3.971851 2.707620
3.986170 2.778922
3.977930 2.801534
4.233081 1.556567
4.487375 1.204926
4.995140 -0.427185
4.545791 1.513493
4.529713 1.505392
4.574154 1.527312
4.849726 -0.529126
4.756377 -0.988960
4.802382 -0.714925
4.779541 -0.908653
3.654767 1.261881
3.669497 1.273649
5.282098 1.396670
5.323437 1.347124
5.338051 1.370485
5.218267 -1.012272
3.157098 2.079334
3.171609 2.076343
3.165490 2.069901
4.108289 0.918092
4.156926 0.905590
4.235194 0.933825
4.205477 0.860601
4.220932 0.903766
4.201032 0.873863
4.190771 0.881505
4.203299 0.896528
4.162156 0.916047
4.677564 -1.069431
4.674030 -1.043539
3.243834 2.633013
5.184212 -0.654300
5.175600 -0.649091
3.557804 3.515180
3.461643 3.497302
3.736157 3.498273
3.503004 3.560883
3.644343 3.517694
3.537154 3.548550
3.550684 1.186376
3.274762 1.314692
5.450762 0.410190
5.428556 0.417644
3.383200 2.849507
4.166053 0.647566
4.166734 0.637550
4.164772 0.680292
4.518148 -0.936420
4.451062 -1.066226
3.178400 0.629304
3.127221 0.598598
3.098271 0.582759
4.813636 2.096650
4.871253 1.998446
4.836492 2.094637
4.838799 2.099337
4.821996 2.099796
4.458834 2.932502
4.528583 2.975626
4.154963 0.716602
4.163777 0.717379
4.157183 0.692659
4.916732 2.186101
4.920565 2.182944
4.929616 2.205710
5.372247 1.332372
5.374108 1.323266
5.169828 0.235201
5.171259 0.243737
5.166049 0.233531
5.164944 0.235702
4.334328 1.122359
3.433859 3.142717
3.396039 3.213924
3.217285 1.042727
3.271671 1.014000
3.261345 1.027547
3.253932 1.033411
3.265619 1.035493
3.260313 1.028430
4.150391 0.917468
3.932612 3.207555
3.944386 3.229421
4.376072 0.427527
3.414641 3.195494
3.398169 3.233118
3.205315 2.701123
5.075213 -0.352580
5.003956 -0.329144
3.413011 0.657487
3.419456 0.719892
3.408543 0.648905
3.410840 0.627532
3.416245 0.670698
5.039641 1.031238
5.034515 1.108417
5.025686 0.991814
2.793324 1.375198
2.733085 1.387116
3.294228 1.391461
3.938560 3.402991
3.940763 3.402209
3.931536 3.409718
3.967705 3.372058
3.889729 3.429986
3.947834 3.404999
5.554132 1.557763
3.385574 3.604697
3.424997 3.543362
3.400264 3.582102
3.339499 3.620071
4.790115 -0.966592
4.777700 -0.999417
5.338355 -0.496405
5.268959 -0.458161
4.538949 1.640402
4.216347 3.099465
4.211897 3.075883
3.739594 1.485867
3.725003 1.477529
4.139301 3.173724
4.260766 2.870919
4.155270 3.167204
4.840001 -0.512360
4.808191 -0.600156
4.886020 -0.453400
4.840322 -0.518869
4.800823 -0.511098
4.658978 -0.355354
3.014597 2.397522
3.017657 2.393956
4.509294 3.015259
4.511559 3.013771
3.089455 2.169856
3.093926 2.166589
2.883938 2.425161
2.897127 2.425877
3.066928 2.165578
3.068480 2.165348
3.172227 2.071304
3.173086 2.068995
4.593907 3.075063
4.592078 3.069597
3.186303 2.149316
3.196721 2.161554
2.975840 2.414410
2.978617 2.416049
4.977035 -0.247155
4.885610 -0.588331
5.397840 -0.677987
5.275159 -0.595039
3.426694 3.543138
3.418086 3.540458
3.495852 3.601500
3.498318 3.585816
3.084366 0.572580
3.078647 0.572691
3.056407 0.561365
3.386950 3.465411
4.474761 2.646200
4.480013 2.643003
3.392807 3.199946
3.355382 3.263233
3.389292 3.222610
4.561775 1.661845
3.739217 3.502574
3.822032 3.472858
4.724251 -1.187346
4.741320 -1.155507
4.731354 -1.145550
4.705856 -1.226946
4.764009 -1.070555
4.733209 -1.167205
4.743514 -1.163005
4.742317 -1.182309
4.735212 -1.162011
4.674428 -1.039627
4.675539 -1.056049
4.734610 -1.174720
4.388264 -1.236493
4.832374 0.139150
4.261990 2.858941
4.173288 2.416996
3.024370 0.551651
4.033725 0.905957
4.038671 0.932338
4.040493 0.923937
3.345810 3.313474
4.950173 -0.096661
4.949087 -0.088504
4.967950 -0.163068
3.266485 2.895808
4.257075 0.965641
4.215179 0.875262
4.765700 -1.037974
5.119615 -0.874262
5.084550 -0.853550
4.753897 -0.969903
4.744440 -0.841069
4.695653 -0.846611
4.730150 -0.852392
4.606826 -0.606950
3.836618 3.466622
4.998802 -0.327282
4.804989 -0.610291
3.046022 0.561516
3.045805 0.558034
4.891285 2.030718
4.893833 2.030186
4.897172 2.036556
5.377226 0.423679
5.489811 0.399024
5.416013 0.421965
5.386921 0.418575
5.381404 0.422476
5.458810 0.401703
5.401175 0.419173
5.367937 0.435898
5.359129 0.413053
3.966578 3.406940
4.828117 1.975041
4.802059 2.046956
4.808110 1.963441
5.139943 -0.277042
5.136030 -0.263552
5.137658 -0.272314
4.037873 0.894412
3.204742 2.388512
3.242464 2.390197
3.331664 2.093120
3.338212 2.103647
5.035632 1.375489
5.006309 1.389700
5.032642 1.373747
4.990685 1.569825
4.973831 -0.276462
3.177396 0.985484
3.190519 0.993789
3.171887 0.980828
3.207324 1.363625
3.214567 1.358603
3.211730 1.359974
4.819262 0.784878
4.817829 0.785323
4.320291 2.155407
4.355119 2.220344
3.116469 2.940951
3.101126 2.944396
3.119082 2.939384
3.102737 2.948575
3.112204 2.741518
3.120898 2.747591
4.988182 -0.200258
3.395503 2.417578
5.273417 1.092443
5.428328 0.416112
3.983686 0.654974
3.975338 0.635145
5.344505 1.485414
2.876902 2.421539
2.887904 2.423719
5.112459 1.288320
5.589010 0.387052
5.575848 0.387952
5.596798 0.382555
5.325580 1.506709
5.270473 1.523440
5.256972 1.521995
3.469973 2.397719
4.800193 -0.669716
4.864125 2.136691
4.854638 2.119371
4.839636 2.124575
5.604705 0.379276
5.600467 0.380105
2.648772 1.337935
2.672469 1.337619
2.612047 1.346138
3.261529 2.849090
4.206602 0.898840
4.567945 -0.829830
4.746380 -1.126527
4.777268 -1.012449
3.708257 1.135467
4.327752 1.072023
4.326086 1.065355
4.326288 1.047790
4.313735 1.054153
4.325974 1.040737
4.445718 1.276631
3.491134 0.834263
4.630730 2.008319
4.201159 2.389519
3.821313 1.921617
4.112020 1.793481
3.341568 3.275161
5.003298 0.967411
5.017898 0.947488
4.332356 1.110275
3.340202 3.318488
3.341769 3.312244
4.450837 -1.065331
5.016362 -0.275716
4.412833 -1.152022
4.713062 1.654948
3.202995 1.364315
4.454615 0.190483
4.453099 0.194193
3.484093 3.427866
5.151475 -0.695331
3.903310 1.981336
3.893088 1.996356
5.193181 -0.673588
5.189122 -0.660978
3.380314 3.613067
3.381846 3.607639
3.861777 2.088965
3.868813 2.371748
3.194606 2.077763
4.588825 2.379232
4.602450 2.358766
5.129409 1.193374
5.121126 1.171456
4.503665 2.992149
4.487388 2.965598
4.587408 3.061397
4.576319 3.045472
4.870571 -0.493850
3.975613 3.365983
3.365192 2.153314
3.217652 2.159682
3.342736 2.132282
3.288404 2.397049
3.096029 2.402207
3.199624 1.356751
5.126738 1.169930
4.980116 1.690244
4.983382 1.672686
4.971914 1.690371
2.931389 2.421576
2.992822 2.414907
3.038213 2.379780
3.031145 2.370624
3.123011 2.162289
5.105063 1.138108
5.125118 1.176499
3.164617 1.001793
3.169547 0.998288
5.140304 -0.269160
5.458919 0.400923
4.802994 -0.742204
3.201251 1.366949
4.796720 -0.756635
4.565557 2.113796
4.538682 1.525921
4.915475 1.535125
4.972218 1.670767
4.880451 2.197298
5.380363 1.297628
4.235610 1.559552
4.221853 1.537198
2.083016 -1.070940
2.232726 -1.031458
1.908719 -0.968568
1.919053 -1.170888
0.769489 -1.382767
0.736444 -1.380686
0.767726 -1.309524
0.779364 -1.363760
0.793142 -1.447048
0.882358 -1.418616
0.220238 -1.349054
2.207793 -2.292496
2.098749 -2.166955
2.244109 -2.338811
2.254017 -2.342385
2.159921 -2.330845
2.271186 -2.311158
2.022902 -2.125414
2.223765 -2.253088
1.983785 -2.094964
1.267801 -1.079885
1.431749 -1.015260
1.148919 -1.133175
1.771546 -0.844659
1.408671 -1.016775
1.399138 -1.027613
1.588201 -0.912127
0.068161 -2.017268
0.070273 -2.017855
0.027590 -2.010530
0.038091 -1.967585
-0.034618 -2.067677
1.604520 -2.348138
1.586180 -2.355120
1.713216 -2.342928
1.237690 -2.337137
2.075455 -0.517906
2.068566 -0.480208
2.078486 -0.513098
2.096172 -0.505653
1.899150 -0.503629
1.885123 -0.495518
1.824388 -0.659055
1.959761 -0.629227
1.854377 -0.694429
1.952515 -0.598213
1.996427 -0.566446
1.815466 -0.640743
1.870918 -0.830083
1.645834 -0.572245
0.864507 -1.655688
0.871880 -1.680498
0.833886 -1.723364
0.888756 -1.600794
0.859164 -1.695523
0.817903 -1.578624
2.055720 -2.210931
2.086294 -2.197483
2.073581 -2.151006
1.987234 -2.289136
1.995628 -2.215113
2.044045 -2.112188
2.023114 -2.123197
2.039437 -2.125823
2.095809 -1.872243
1.856595 -1.358109
1.803699 -1.261970
1.885746 -1.477889
1.823367 -1.200722
1.627375 -0.978748
1.760230 -1.058064
1.957605 -1.189386
1.841060 -1.237810
1.572994 -1.448395
0.915792 -1.428364
0.926330 -1.487256
0.804268 -1.525572
2.185569 -0.208438
2.073483 -0.245213
2.237084 -0.092461
2.217425 -0.312710
2.239771 -0.289875
1.718419 -0.468362
1.621928 -0.652910
1.725929 -0.438545
1.776543 -0.376184
1.708468 -0.385871
1.715724 -0.437576
1.817498 -0.486474
1.346632 -0.472135
1.616624 -0.653246
1.629215 -0.648842
1.637197 -0.789100
1.727716 -0.643031
-0.322118 -2.019933
-0.221310 -2.036030
-0.361194 -1.979234
2.318072 -0.719021
2.352982 -0.861044
2.422363 -0.675771
2.282592 -0.602517
2.266636 -0.620554
2.306468 -0.856040
1.248075 0.029114
1.188772 -0.087974
1.277086 0.150234
1.246728 0.033709
1.244287 0.035150
1.251535 0.036173
1.890896 -1.108174
1.812073 -1.186690
1.806505 -1.165652
0.492921 -1.753236
0.549323 -1.743094
0.482667 -1.765058
0.413543 -1.778878
0.519974 -1.710207
0.735238 -1.679302
0.103854 -1.882782
2.258362 -1.991413
2.061136 -1.966733
2.398388 -1.995667
2.269318 -2.365431
2.323075 -2.322100
1.971714 -1.081790
2.031300 -1.036447
1.995545 -1.087383
1.839423 -1.104249
1.894452 -1.049122
1.688810 -0.580172
1.848746 -0.984677
1.851336 -0.739291
1.847938 -0.889350
1.611364 -0.724955
0.832341 -1.766326
0.842413 -1.715150
0.918698 -1.955299
0.741208 -1.655236
0.539713 -1.640795
1.992300 -2.242824
2.104896 -2.323511
1.921137 -2.318050
1.773933 -1.969143
0.917921 -1.257542
0.563988 -1.263143
1.634750 -1.002139
0.668710 -0.729226
1.134604 -2.340575
1.174031 -2.447077
1.043405 -2.213164
1.113997 -2.352457
0.837463 -2.348165
2.033170 -2.463775
2.029326 -2.456275
0.464439 -0.325410
0.471366 -0.336459
2.052752 -1.962108
2.072143 -1.979652
2.187597 -1.996183
1.893025 -1.965708
2.064878 -1.942709
2.167683 -0.467149
2.153557 -0.342004
2.220106 -0.372375
2.045862 -0.564969
2.080472 -0.572366
2.132086 -0.524185
0.133123 -1.882107
-0.118295 -1.899521
1.204944 -0.039103
1.238468 0.014429
1.248987 -2.503783
1.231762 -2.384037
1.254952 -2.577763
1.278820 -2.597447
1.293417 -2.510265
1.272148 -2.507836
1.173713 -2.238903
1.173385 -2.555311
1.771481 -0.905742
1.768334 -0.941510
1.771291 -0.988477
1.778404 -0.906464
1.800305 -0.812819
1.803579 -0.859006
1.795848 -1.146601
1.692402 -0.929471
1.770313 -1.114306
1.765887 -0.966999
1.219139 -0.331464
0.655065 -0.436400
1.508042 -0.621971
1.123867 -0.352051
2.529151 -1.976677
2.598902 -1.997490
2.481898 -1.929506
2.508178 -2.000528
2.465154 -1.995687
2.070517 -0.223639
2.139445 -0.142108
2.077154 -0.269052
2.067777 -0.271290
2.003941 -0.203584
2.080110 -0.221722
2.085978 -0.222845
1.871213 -0.403309
1.959464 -2.296772
1.952241 -2.321063
1.937340 -2.324829
1.946716 -2.311967
2.124152 -1.245860
2.150897 -1.273860
2.037492 -1.237707
2.169038 -1.251855
2.277846 -1.189274
1.175708 -0.077621
1.046258 -0.182748
0.925609 -0.313664
0.468127 -0.413760
-0.014574 -0.261728
-0.030481 -0.273475
-0.009355 -0.263534
0.325134 -0.139392
0.325736 -0.124203
0.337023 -0.167084
1.871723 -1.955549
1.890090 -1.943099
1.896036 -1.950412
1.916117 -1.898368
1.942820 -1.862131
2.016166 -1.699064
2.018718 -1.701079
2.151107 -1.795243
2.004515 -1.735381
1.905482 -1.558517
-0.364428 -2.249497
-0.391879 -2.255281
2.257224 -0.032395
2.260702 -0.033791
2.263624 -0.011460
2.277339 0.007902
2.130399 -0.149437
2.586251 -1.056693
2.565188 -1.054690
0.867656 -0.704724
0.882430 -0.699240
0.864162 -0.705055
0.831517 -0.718756
-0.964096 -2.399686
-0.964868 -2.397675
2.009521 -1.087183
1.286131 0.190533
1.286183 0.179600
2.156983 -0.464058
2.155201 -0.457023
-0.980331 -2.403651
0.099147 -2.171100
0.101152 -2.153348
-0.379292 -2.253851
0.843507 -1.706442
0.806543 -1.575498
0.804083 -1.588411
2.212843 -0.019854
2.220977 -0.046533
1.241799 0.016000
2.254455 -0.273999
2.251651 -0.279500
2.212801 -0.303549
2.435097 -1.028532
2.430569 -1.000903
2.419368 -1.044618
1.308276 -2.695908
1.254285 -2.655284
1.312506 -2.697952
1.336280 -2.707661
1.221237 -2.647674
1.263404 -2.657795
0.149678 -1.877475
0.145963 -1.877349
1.251962 -2.616642
1.214325 -2.593450
1.264025 -2.607526
1.275713 -2.678737
1.262201 -2.663090
2.307940 -0.931332
2.269502 -0.944358
2.294669 -0.964324
2.256891 -1.020151
2.234381 -1.036927
2.292369 -0.935062
2.208162 -0.977480
2.249059 -1.090055
2.271981 -1.013667
2.283289 -0.979374
2.222325 -0.565305
2.355680 -0.624989
2.081903 -1.904817
1.851526 -0.591895
1.869598 -0.534972
1.816137 -0.673531
2.118640 -0.509790
2.268834 -0.005605
2.266868 -0.005491
2.279708 0.015569
1.886953 -0.823676
1.826587 -0.796927
2.372716 -1.028906
2.367131 -1.022726
2.608809 -1.999835
2.611384 -2.006183
2.615643 -2.011107
2.623835 -2.020767
2.570388 -1.980272
1.991511 -1.751984
1.968467 -1.829790
1.038652 -2.212765
0.988156 -2.093668
2.215470 -0.064958
2.267664 -2.354161
2.292252 -1.996340
2.185457 -1.810867
2.221948 -1.843603
2.075458 -0.295965
1.957552 -0.360138
1.897075 -0.446030
2.013065 -0.287217
1.944843 -2.325692
2.085235 -0.426819
2.076935 -0.402061
2.090788 -0.462529
1.998305 -1.090353
0.108238 -2.196558
0.119322 -2.205029
0.081319 -2.045761
0.014801 -1.992208
-0.001323 -1.965773
0.019124 -1.993851
2.249921 -0.379360
2.223003 -0.388834
2.436529 -0.668663
0.468105 -1.780287
0.439188 -1.790852
0.496893 -1.745234
1.215550 -2.602394
1.219912 -2.606481
2.116606 -2.158474
2.147874 -2.162823
2.117527 -2.170584
2.107074 -2.192665
1.848232 -0.581262
2.087191 -0.501800
2.081330 -0.382173
2.104181 -0.511526
2.092446 -0.520692
-0.155697 -2.041860
0.023162 -2.022853
2.579082 -1.049978
2.510924 -1.055845
1.682991 -0.346048
1.813902 -0.302588
2.519152 -1.896740
2.489548 -1.952027
2.567198 -1.872408
0.047521 -2.021314
2.367010 -1.153304
2.348442 -1.146680
1.173218 -2.661636
1.178619 -2.641233
2.507219 -0.669615
2.502644 -0.674070
2.471991 -0.690906
2.502300 -0.646360
2.508749 -0.659562
2.501209 -0.652366
2.520518 -0.657992
2.516872 -0.635154
2.524654 -0.634534
2.359647 -0.772341
1.866420 -0.945785
1.831188 -0.666707
1.758030 -1.543166
1.650965 -1.512238
1.838559 -1.556953
2.162390 -2.330378
2.542795 -2.014119
2.518331 -2.012710
2.658386 -2.045182
2.617232 -2.026231
2.589430 -2.024553
2.560513 -2.012750
2.506984 -1.993570
2.609014 -2.024638
1.821834 -0.738836
2.269812 -1.098813
2.235406 -1.181282
2.315783 -0.943235
1.702367 -0.424965
1.854863 -0.255552
1.938800 -0.215397
2.365910 -0.777853
1.692351 -0.295007
1.685852 -0.291048
1.699724 -0.340460
1.806455 -0.865256
0.004010 -2.142807
-0.006332 -2.131692
1.278181 0.188855
1.279962 0.180287
1.094531 -1.160586
1.074994 -1.159526
1.011031 -1.211032
0.863051 -1.699290
0.222910 -1.807373
0.187950 -1.800647
0.211241 -1.810606
0.250912 -1.809379
-0.313594 -2.127724
-0.309067 -2.112395
-0.090909 -2.064542
-0.000942 -1.953295
-0.043496 -1.895779
1.508772 -0.623877
-0.007452 -2.134923
1.189106 -2.631162
1.365910 -2.757939
1.391315 -2.795130
0.316521 -0.118562
1.290620 0.201447
1.114297 -2.354172
1.109915 -2.361842
2.325300 -2.321345
2.300363 -2.309720
2.019722 -0.201542
2.288039 -2.382964
2.290391 -2.382316
2.302395 -2.301389
2.301365 -2.301596
2.207199 -1.214078
1.952308 -2.327547
2.130530 -0.504735
2.163238 -1.267133
2.267776 -1.208709
0.905792 -1.546360
1.111737 -2.358899
1.114610 -2.366074
1.394154 -2.804156
1.393917 -2.808516
0.085018 -1.815969
1.410470 -2.810415
1.257328 0.047248
0.005450 -1.816656
-0.065071 -1.850941
1.737558 -2.341423
1.919096 -2.332898
2.007263 -2.417598
1.987977 -2.387999
2.260203 -0.829810
1.319910 -2.510785
1.329959 -2.522937
-0.198437 -1.814008
-0.204313 -1.790474
0.466009 -0.334583
2.000713 -2.284243
1.288601 -2.592027
2.155397 -1.269678
0.344467 -1.803155
2.583166 -1.860034
2.565425 -1.879885
1.944571 -2.325314
1.284350 -2.514354
1.282076 -2.518508
0.806497 -1.587573
0.940298 -1.990253
-0.022025 -2.108340
2.110815 -1.012543
0.068586 -2.033514
1.328964 -5.992873
1.409906 -6.039204
1.259647 -5.937436
1.122681 -5.929914
1.209186 -5.874294
1.144302 -5.998433
1.031495 -5.873452
1.064608 -5.880742
0.752605 -5.747205
0.776850 -5.761139
0.748744 -5.721961
0.742302 -5.741855
1.594873 -5.942348
1.597711 -5.869323
1.512639 -6.006421
1.745198 -5.925125
1.588213 -5.761734
2.124601 -5.793759
2.116498 -5.799752
2.116269 -5.838105
2.073731 -5.767510
2.099930 -5.777437
2.179792 -5.920295
2.213636 -5.963198
2.224991 -5.956012
1.525721 -5.815175
1.528565 -5.802614
1.302577 -5.794348
1.204986 -5.874557
1.198357 -5.877545
1.263349 -5.829983
1.173473 -5.609253
1.149454 -5.591894
1.214636 -5.803914
1.361172 -5.619011
1.147192 -5.602096
0.857924 -5.267323
1.335623 -5.742490
1.205690 -6.044675
1.077857 -5.737909
1.246262 -6.092891
1.317520 -6.100622
0.869470 -5.214661
1.629569 -5.684749
1.640229 -5.687166
1.615705 -5.754394
1.601656 -5.704738
1.660198 -5.636842
0.813724 -5.773289
1.877272 -5.804445
1.712762 -6.020878
2.018259 -5.803344
1.915765 -5.805416
1.954311 -5.799043
1.986126 -5.740468
2.030782 -5.780812
2.087657 -5.848073
1.870866 -5.829141
1.995059 -5.777170
1.802558 -5.916877
1.848304 -5.904432
2.037730 -5.847101
1.973167 -5.845493
1.624344 -5.620770
1.709789 -5.653182
1.458650 -5.591203
1.534617 -5.562845
1.242618 -5.376180
1.589641 -5.868210
1.603817 -5.803072
1.600747 -5.730621
1.662043 -5.668030
1.708213 -5.847273
1.454262 -5.588760
1.063722 -5.547070
1.675291 -5.596451
1.902932 -5.701150
1.688030 -5.587948
1.611981 -5.613992
1.723010 -5.573484
1.352569 -5.692413
1.815160 -5.731902
2.104458 -5.857491
2.097225 -5.878487
0.943172 -5.841615
0.982114 -5.831260
0.764905 -5.727697
2.184742 -5.810962
2.179753 -5.829062
2.234480 -5.783298
2.210606 -5.821008
2.203996 -5.827974
2.253250 -5.763061
2.156813 -5.864868
2.240810 -5.807417
1.880306 -5.806085
1.543908 -5.552873
1.548658 -5.543928
1.533809 -5.559952
1.490212 -5.980066
0.864733 -5.640833
0.756306 -5.718143
0.711575 -5.778563
1.733826 -6.087989
1.725864 -6.117085
1.225514 -6.114437
1.244635 -6.144203
1.213956 -6.121761
1.330906 -6.191500
0.963897 -5.781124
0.978139 -5.788403
0.980574 -5.801432
2.018278 -5.749036
1.721853 -6.325903
1.698691 -6.240000
1.727092 -6.350545
1.674713 -6.277386
1.262073 -6.102092
1.218688 -6.090687
1.218272 -6.135688
1.313665 -6.064497
1.633070 -6.259130
1.586879 -6.146734
1.724390 -6.361701
1.729357 -6.371196
1.702608 -6.333432
2.139776 -5.749736
2.163819 -5.751909
2.218386 -5.736837
1.442406 -6.304946
1.445717 -6.266154
1.746707 -5.565888
2.045541 -5.870504
2.167507 -5.895754
2.012148 -5.869372
2.074195 -5.856704
1.614878 -5.717225
1.493742 -5.697211
1.585461 -6.063511
0.681011 -5.823971
0.650938 -5.856067
0.687966 -5.855856
1.328133 -5.655576
1.343034 -5.674142
1.340341 -5.668486
1.327295 -5.667021
1.338570 -5.662628
1.344782 -5.676982
1.359239 -5.702507
1.798317 -5.936384
1.824817 -5.955593
1.786460 -5.939050
1.696034 -5.969619
1.244521 -6.097669
1.202276 -6.108410
1.238274 -6.107868
1.101801 -5.982561
1.282316 -6.109419
1.404767 -5.803187
1.397750 -5.785830
1.449629 -5.771153
1.682519 -5.627228
1.679943 -5.619884
1.348609 -5.697539
1.352530 -5.689709
1.393727 -5.687047
0.690765 -5.866008
0.710878 -5.864195
0.797994 -5.867435
2.260338 -5.760246
1.707568 -5.587263
1.475684 -5.678802
1.535903 -5.677784
0.837647 -5.866941
0.982583 -5.845290
1.010387 -5.875443
1.375840 -5.754217
1.175395 -5.345619
1.977315 -5.847547
1.445503 -5.894531
1.466502 -5.729610
1.444568 -5.777341
0.979148 -5.811757
1.014783 -5.780716
1.425243 -6.238202
2.185927 -5.919674
2.193012 -5.923128
2.216881 -5.944599
0.949917 -5.833836
0.906170 -5.856881
2.249080 -5.747160
1.320276 -6.079616
1.395709 -6.025005
1.307964 -5.655125
1.266101 -6.112731
1.310764 -6.092706
0.148220 1.418034
0.138243 1.404992
1.090241 1.306565
1.110104 1.275135
1.100036 1.273002
1.106263 1.450579
-0.725854 -2.012580
-0.762137 -1.899111
-0.689367 -2.120530
-0.794174 -1.802675
0.888803 0.841473
1.006488 1.036444
0.498240 1.484355
0.525162 1.493320
1.209282 1.394279
1.238279 1.398712
1.184478 1.398978
0.223874 1.402428
0.231728 1.387799
0.198624 1.418632
0.188615 1.426643
0.246440 1.387762
0.840002 1.602305
0.942264 1.597334
0.813407 1.605121
0.748157 1.589179
1.121038 1.268566
1.098032 1.232695
1.198599 1.307524
1.088598 1.183009
1.117036 1.273169
1.097986 1.209193
1.097301 1.369215
1.067733 1.108346
1.073272 1.131567
1.069750 1.144096
1.064670 1.095114
1.065499 1.105746
1.070953 1.127777
2.451539 1.396920
1.514050 1.436420
2.509001 1.381322
1.530787 1.450931
1.529819 1.487857
1.430043 1.442149
1.357302 1.417586
1.235912 1.311578
1.252782 1.340550
-0.005654 1.325926
0.467658 1.432316
0.239728 1.410874
0.940281 1.602702
0.949847 1.609581
1.069374 1.557145
1.086860 1.534911
1.107444 1.526786
1.163448 1.454745
1.105038 1.655970
1.103121 1.513988
1.125633 1.480440
0.074624 1.371877
0.011382 1.367585
0.008870 1.363089
-0.873903 -1.805627
1.086883 1.168153
1.091289 1.166807
1.176129 1.311135
1.074913 1.165548
1.254656 1.413178
1.324270 1.462799
-1.075942 -1.844050
0.008123 1.353861
0.623177 1.568546
0.647342 1.573713
0.596894 1.551120
2.430263 1.375272
2.448572 1.377751
2.430539 1.373316
2.478337 1.378818
1.107307 1.519818
1.109702 1.529644
2.474557 1.362256
2.495913 1.353468
-0.995017 -1.826971
0.269053 1.419951
1.063828 1.093350
-0.632087 -2.291202
1.047145 1.412011
1.012232 1.396793
1.316603 1.459093
1.132258 1.457683
0.686140 1.577796
0.571028 1.526790
1.455394 1.505512
1.441119 1.499132
1.408397 1.498373
1.487327 1.506118
1.380684 1.486896
1.367128 1.440488
1.068463 1.119077
1.237067 1.451141
2.449080 1.368517
2.466146 1.371625
1.157595 1.297386
2.500485 1.359779
1.187595 1.448360
1.332354 1.456606
1.190833 1.445299
2.476321 1.378787
0.457189 1.432367
0.493826 1.430193
0.318988 1.428889
1.550571 1.494131
-0.602403 -2.435454
-0.562708 -2.744532
-0.545312 -2.892418
-0.540390 -2.957937
-0.539634 -2.956880
0.807893 1.605717
0.228760 1.432004
0.241666 1.428657
0.194272 1.439577
0.200366 1.449166
-0.535327 -3.046035
1.115400 1.689358
1.128510 1.716172
1.123236 1.715330
1.123104 1.706348
0.005354 1.370710
0.640749 -4.620776
0.638096 -4.630361
0.610075 -4.662998
0.616966 -4.658726
0.611493 -4.641755
0.639425 -4.754742
0.639733 -4.626032
0.625369 -4.395406
0.529847 -4.101490
0.597539 -3.885030
0.406213 -4.184761
0.528469 -4.103734
0.415920 -3.960795
0.416096 -3.970167
0.418651 -3.934209
0.367824 -4.027945
0.464940 -3.949572
0.730241 -4.808944
0.604307 -4.820009
0.600154 -4.814685
0.715842 -3.780952
0.702851 -3.793832
0.718360 -3.783622
0.695988 -3.813903
0.650096 -3.837051
-0.915371 -3.894353
-0.831489 -3.774130
-1.013480 -3.979670
-0.850778 -3.793928
-0.800782 -3.847898
-0.895545 -3.748393
-0.533509 -3.040710
-0.527327 -3.362810
-0.529003 -3.385334
0.062171 -4.819538
0.049058 -4.822567
0.064244 -4.828269
0.053248 -4.801014
0.089734 -4.826183
0.061203 -4.866807
-0.606964 -3.433598
-0.611865 -3.482141
-0.601283 -3.433903
-0.603564 -3.413935
-0.601569 -3.437603
0.689779 -4.606013
0.466457 -4.950551
0.449211 -4.892470
0.466264 -4.962636
0.476245 -4.959567
0.475626 -4.984088
0.580602 -4.929333
0.678465 -5.116459
-0.737227 -3.694225
-0.799015 -3.751707
-0.827306 -3.782836
-0.801272 -3.863999
-0.796771 -3.847470
-0.796120 -3.851804
-0.511299 -3.348125
-0.506318 -3.348549
-0.535955 -3.563747
-0.506102 -3.325101
-0.473183 -3.307684
0.770812 -4.458680
0.540668 -4.315983
0.721080 -4.595694
-0.038320 -4.742127
0.030996 -4.729695
-0.220522 -4.757124
-0.379456 -4.541214
-0.699275 -4.894378
-0.556660 -4.856277
-0.732453 -4.883573
0.370594 -4.125295
0.776993 -4.281647
0.760444 -4.302348
0.799205 -4.284457
0.804843 -4.242600
0.799445 -4.275667
0.701562 -4.334725
0.718436 -4.322493
-1.079538 -4.182645
-0.852237 -4.003502
0.784899 -4.844908
0.781551 -4.938045
0.816872 -5.046932
0.815670 -4.265953
0.807665 -4.252605
0.130654 -4.707640
0.097073 -4.708773
0.110113 -4.718829
0.132565 -4.706978
0.140726 -4.708401
0.144531 -4.690886
-1.506536 -4.593181
-1.523805 -4.599646
0.299778 -3.839011
0.276475 -3.871462
0.281055 -3.895116
0.452833 -4.257850
0.382060 -4.213950
0.751677 -4.457114
0.769981 -4.453067
0.706410 -4.450339
0.912093 -4.425306
1.013632 -4.376503
0.931367 -4.429667
0.921410 -4.428109
0.893984 -4.458519
-0.726703 -3.668850
-0.703112 -3.610328
0.785765 -4.846208
0.790677 -4.849705
0.788847 -4.855102
-0.557702 -3.802621
-0.609082 -3.485536
-0.606316 -3.480149
-1.090549 -4.840689
-0.512274 -4.868529
-0.705123 -3.632271
-0.780744 -3.705809
-0.776733 -3.793457
-0.794783 -3.826555
0.725929 -4.334763
0.737849 -4.333965
0.610054 -4.336060
0.571454 -4.290478
0.589119 -4.308261
0.579880 -4.293628
0.582396 -4.297432
0.489280 -4.269827
1.019157 -4.370352
1.023694 -4.373194
1.014320 -4.374862
1.010391 -4.376395
0.717365 -4.458010
0.725641 -4.445437
0.703290 -4.456916
0.603633 -4.812542
0.714562 -4.461723
0.720740 -4.486996
-0.817138 -3.968837
-0.263630 -4.507105
-0.360157 -4.490833
-0.796094 -3.804507
-0.798129 -3.821398
0.682183 -3.731901
0.679704 -3.840092
0.252985 -3.865529
0.244962 -3.845086
0.252393 -3.855506
-0.606016 -3.481608
-0.718516 -3.628494
-0.665635 -3.573461
-0.912295 -4.167005
-0.911513 -4.176044
0.288744 -3.955288
0.268245 -3.920269
0.280506 -3.961104
0.717221 -3.671473
0.691447 -3.711497
0.683392 -3.701379
0.692304 -3.709773
0.693177 -3.697161
0.262998 -3.903656
0.259138 -3.912949
-0.504075 -3.316838
0.166020 -4.698178
0.370117 -3.989707
0.515665 -3.912379
0.633072 -4.329674
0.621312 -4.327807
0.623676 -4.330980
0.613136 -4.341864
0.240764 -3.801533
0.236230 -3.789827
0.251159 -3.811817
0.251195 -3.809052
0.889315 -5.326627
0.905470 -5.371696
0.824893 -5.017951
0.373305 -3.979923
0.400185 -3.938041
0.353843 -3.954575
0.365420 -3.968625
0.364186 -3.972493
-0.572048 -3.483242
-0.621473 -3.495796
0.392289 -4.159215
-0.698747 -3.624680
-0.699309 -3.623742
-0.719022 -3.647530
-0.683570 -3.607667
-0.707916 -3.640804
0.727128 -3.654693
0.732532 -3.650231
0.720967 -3.662978
0.721824 -3.660408
0.711763 -3.819906
0.393737 -4.154117
0.046863 -4.723786
0.889068 -4.455957
0.913074 -4.460513
0.888510 -4.452811
0.901685 -4.469073
0.930331 -4.460942
0.903772 -4.456933
0.738422 -4.615537
0.058435 -4.883259
0.063453 -4.875484
0.330356 -4.550574
0.737785 -3.803958
0.724968 -3.815143
-0.888362 -3.757700
-0.887420 -3.752879
-0.914735 -3.739690
-0.908610 -3.718093
0.518277 -3.908377
0.520221 -3.903394
-0.909304 -3.719631
-0.912788 -3.719863
-0.915091 -3.709365
0.390791 -3.923826
0.400495 -3.912857
0.403329 -4.131787
0.395699 -4.151733
-0.796265 -3.755089
-6.384177 0.361443
-6.493082 0.338046
-6.453949 0.366519
-6.344918 0.381312
-6.263369 0.473972
-6.311713 0.386946
-6.579968 0.175703
-6.573411 0.171489
-6.581905 0.270472
-6.585127 0.187038
-6.615986 0.208261
-6.315172 0.489677
-6.325222 0.487811
-6.605966 0.217387
-6.497886 0.432607
-6.472216 0.462080
-6.590443 0.336228
-6.629359 0.349101
-6.508346 0.406014
-6.479042 0.402998
-6.391397 0.467185
-6.762746 0.329434
-6.427527 0.462845
-6.590667 0.371430
-6.386873 0.479295
-6.368254 0.493829
-6.778866 0.322587
-6.797019 0.318185
-6.635594 0.244789
-6.888834 0.300762
-6.808781 0.312120
-6.723403 0.301039
-6.456702 0.474969
-6.593637 0.321523
-6.686552 0.300804
-6.727313 0.305411
-6.328612 0.508240
-6.267855 0.554937
-6.502841 0.333601
-6.640543 0.356424
-6.239209 0.499912
-6.248022 0.485309
-6.646616 0.317713
-6.443935 0.353286
-6.386015 0.376778
-6.461642 0.299273
-6.685445 0.298530
-6.796157 0.280477
-6.362067 0.471743
-6.307298 0.488604
-6.307786 0.495675
-6.388999 0.473588
-6.647007 0.299359
-6.604438 0.290028
-6.656531 0.299776
-6.586528 0.264575
-6.618968 0.222420
-6.621458 0.274483
-6.639158 0.204110
-6.389065 0.475731
-6.980867 0.299040
-6.935189 0.296584
-6.917355 0.293215
-6.194229 0.563258
-6.664738 0.241364
-6.694952 0.259845
-6.703194 0.269828
-6.346216 0.380859
-6.807952 0.315709
-6.636227 0.249067
-6.907438 0.290514
-6.849912 0.299058
-6.895150 0.287237
-6.768988 0.307450
-6.926643 0.296263
-6.903846 0.296927
-6.726537 0.285003
-6.241124 0.499701
-6.240630 0.493977
-6.300042 0.426521
-6.332291 0.419090
-6.879130 0.280821
-6.159173 0.605421
-6.983505 0.299343
-6.829283 0.278434
-6.771193 0.331540
-6.752534 0.327229
-6.724894 0.313436
-6.723258 0.259647
-6.401765 0.380690
-4.334802 1.658354
-4.340234 1.652852
-4.323505 1.655509
-4.272677 1.680740
-4.385695 1.574935
-4.364670 1.567850
-4.415004 1.590730
-5.323666 1.743688
-4.249544 1.629614
-4.281719 1.636986
-4.264928 1.651242
-5.476813 1.692039
-4.426014 1.629436
-4.192637 1.694582
-4.180785 1.701726
-4.187610 1.691219
-4.211582 1.686661
-1.616676 -4.467845
-1.757964 -4.815003
-1.748381 -4.822245
-1.618460 -4.731636
-1.632540 -4.740627
-1.627937 -4.730959
-1.601234 -4.797075
-1.624974 -4.753156
-1.618060 -4.752122
-1.649474 -4.733766
-1.669373 -4.731390
-1.664735 -4.720194
-1.640670 -4.732067
-0.798267 -4.942003
0.892897 -0.588269
0.860213 -0.715137
0.906275 -0.457957
0.849968 -0.792951
0.825241 -0.832593
-0.894349 -0.595696
-0.920047 -0.587303
-0.768596 -0.683414
-1.104304 -0.532816
-0.934958 -0.565382
0.701852 -0.940287
0.746065 -0.965790
0.666756 -0.911166
0.695168 -0.942251
1.343892 -1.447594
1.357779 -1.453780
1.358146 -1.467791
1.351245 -1.729976
1.345696 -1.729938
-0.190922 -0.626546
-0.066959 -0.551726
-0.313022 -0.652572
-0.202946 -0.593954
-0.113785 -0.655241
-0.285667 -0.681439
0.017229 -1.364045
1.354414 -1.454435
0.202066 -0.637798
0.515104 -0.306873
0.196881 -0.596315
-0.310813 -1.520114
0.738033 -0.729421
0.833101 -0.733238
0.756525 -0.743325
1.469868 -1.627608
1.616230 -1.793816
1.496600 -1.685770
1.432057 -1.698464
-2.293780 -0.371616
-2.462121 -0.371724
-2.046443 -0.364236
0.920546 -0.652752
0.951131 -0.859446
0.649763 -0.731846
-2.576978 -0.509859
-2.619062 -0.456521
-2.628397 -0.545488
-2.439384 -0.510211
-2.606377 -0.375202
-2.679678 -0.540262
1.009091 -0.425650
0.998121 -0.470272
1.019055 -0.372999
-0.055366 -0.326116
-0.133147 -0.430725
1.254658 -1.521515
1.346208 -1.638487
1.159600 -1.400680
0.867192 -0.179355
0.863597 -0.011163
0.833238 0.042219
0.825738 0.063435
0.681757 -0.273127
-1.544674 -0.400716
-1.336863 -0.465146
-1.512123 -0.369237
-1.567700 -0.392212
-0.054485 -0.538488
-0.136346 -0.489975
0.036531 -0.577302
0.914460 -0.356906
0.911160 -0.259578
0.985571 -0.530600
-2.697270 -0.617021
-2.674304 -0.588797
-2.682830 -0.589140
-2.718592 -0.651040
1.343619 -1.667479
1.343212 -1.701424
1.340133 -1.715965
1.359494 -1.645481
1.352032 -1.653976
-0.034997 -0.686016
-0.012726 -0.676743
0.097026 -0.669934
0.644823 0.106453
0.544757 0.065774
0.708154 0.121923
-2.065822 -0.397187
-1.915127 -0.353893
-2.190580 -0.432503
-1.875573 -0.339052
-0.359421 -0.699428
-0.443824 -0.687336
-0.222189 -0.524668
0.065382 -0.221247
0.139106 -0.622143
0.265921 -0.662495
0.789028 -0.893857
0.809850 -0.938406
0.657835 -0.836003
0.792314 -0.883178
0.927526 -0.211155
0.934663 -0.204247
0.963003 -0.256600
0.879681 -0.174532
0.803920 0.105290
0.764646 0.130026
0.413839 -0.096568
0.421109 -0.138248
0.454091 -0.015549
0.354330 -0.137009
0.414415 -0.194799
0.812292 -0.971389
0.832063 -0.957462
0.847834 -0.997952
0.529013 -0.115678
0.570500 -0.001960
0.422616 -0.500286
0.581830 -0.006874
0.653454 -0.035781
0.571368 0.032611
0.544444 0.065711
0.567035 0.006583
0.558384 -0.024177
0.579806 -0.003663
0.488077 0.089630
0.563515 -0.778899
0.560927 -0.812593
0.580522 -0.747917
0.881465 -0.216467
0.827850 -0.137373
0.407175 -1.219209
0.306128 -1.188306
-0.911948 -0.596636
-0.925111 -0.581513
0.611603 -0.893530
0.625823 -0.886292
1.079051 -1.048658
-0.491677 -0.721388
-0.636024 -0.726441
-0.512710 -0.725970
-0.287578 -0.424716
-0.384607 -0.409536
-0.340453 -0.409595
-0.562678 -0.381663
-0.469025 -0.379853
-0.583259 -0.382196
-0.586668 -0.394777
-0.488484 -0.396744
0.169432 -1.293378
0.211316 -1.266471
-0.071090 -1.388791
0.372893 -0.698099
0.348186 -0.872303
0.370298 -0.710586
0.372151 -0.701160
0.372214 -0.684214
0.210326 -1.284269
0.212088 -1.291206
0.219631 -1.282417
0.207135 -1.284446
-2.472265 -0.376471
-0.471457 -0.387519
-0.321840 -0.694200
-0.342250 -0.701476
0.806082 -0.118347
-1.852932 -0.313940
1.149235 -1.405077
1.172242 -1.422856
1.167137 -1.413613
1.172701 -1.420072
-2.310639 -0.473253
0.798187 0.088136
0.775389 0.109251
-0.601940 0.214829
-0.517888 0.054676
0.973188 -0.405345
0.460142 -0.010578
0.455369 0.001424
0.713638 -0.063183
0.976785 -1.196047
0.867242 -1.065490
0.168422 -0.676457
-1.855736 -0.322939
1.042268 -0.242429
1.043749 -0.293803
0.073570 -0.658090
1.017877 -0.373080
0.986691 -0.392386
0.995891 -0.127573
-0.775509 -0.729086
-0.742059 -0.748911
-0.775108 -0.739097
-0.779630 -0.737416
-0.778119 -0.730497
-0.747312 -0.754431
0.218618 -1.272580
0.274073 -1.218554
-0.353154 -0.462183
-0.300497 -0.508469
0.411060 -0.258547
0.298275 -0.175004
0.336182 -0.164631
-0.429009 -0.400278
0.156749 -0.588467
0.165707 -0.591676
0.475304 -0.659812
-0.610594 -0.709166
0.368737 -0.183333
-0.482511 -0.395193
1.085772 -0.261868
1.093370 -0.253307
0.761799 0.140115
-2.675240 -0.231405
-2.641602 -0.362608
1.170813 -1.186407
-0.476232 -0.383969
-0.483833 -0.372392
-0.468688 -0.400403
0.642481 -0.002256
-0.641417 -0.732519
-0.666250 -0.727992
-0.753183 -0.746774
-0.206730 -0.613818
-0.257524 -0.552846
0.566670 -0.777569
0.654131 -0.856776
0.348865 -0.679397
0.649999 -0.838964
0.310872 -1.180096
0.302556 -1.164311
0.359846 -0.691021
-1.456127 -0.341953
-1.505424 -0.380772
-0.276946 -0.573875
0.583459 0.048568
0.201930 -0.192999
-1.116739 -0.522762
-0.545914 0.444158
0.469373 -0.716184
0.523144 -0.741838
0.654289 -0.892827
-0.295588 -0.519055
0.799835 -1.012815
-0.740958 -0.760233
-0.762496 -0.763739
-0.766569 -0.773014
1.344138 -1.722809
-0.669188 0.349190
-0.658778 0.349549
-1.823119 -0.313112
0.088769 -0.196073
0.297107 -1.201737
0.858464 -1.030254
-0.598160 -0.417694
-0.350479 -0.414894
0.342541 -0.899962
0.334826 -0.888428
-1.441573 -0.337279
0.326826 -1.030646
0.822239 -0.965460
-2.721793 -0.217113
-2.753072 -0.129737
-2.942580 -0.081486
0.539194 0.100664
0.556511 0.133020
0.516212 0.083079
-2.714246 -0.483498
-0.455297 0.704192
-0.456446 0.714528
-0.481253 0.646332
-0.482315 0.595429
-0.464263 0.643530
-0.503602 0.543616
-0.498066 0.064262
-0.478177 0.078118
-0.471540 0.069064
-0.473648 0.064205
-0.507585 0.606878
-0.531631 0.607763
-0.490150 0.637694
-0.512047 0.597657
-0.523207 0.616039
-0.453598 0.681881
-0.449239 0.703454
-0.447547 0.726273
-0.563687 0.591665
-0.612198 0.533576
-0.491282 0.060372
-0.624823 0.498964
-0.648105 0.430361
-0.559676 0.595257
-0.558069 0.608627
-0.693255 0.433212
-0.691982 0.452113
-0.684340 0.412459
-0.575467 0.602166
-0.670432 0.396005
-0.696715 0.386664
-0.652127 0.393950
-0.679439 0.263937
-0.737255 0.207751
-0.742555 0.230496
-0.726784 0.202642
-0.626786 0.524377
-0.621206 0.567959
-0.554391 0.584087
-0.582249 0.544665
-0.696942 0.453498
-0.565710 0.411298
-0.525989 0.468874
-0.699944 0.455564
-0.690830 0.466927
-0.645570 0.379144
-0.588468 0.415638
-0.623541 0.402663
-0.701505 0.416295
-0.696350 0.387167
0.357092 -0.166238
0.334182 -0.176541
0.463736 0.082316
0.998807 -0.525019
1.004972 -0.516493
0.310347 -1.192870
0.312972 -1.189868
-0.721194 0.210409
-1.119682 -0.508845
-2.734728 -0.482349
-2.727995 -0.483847
-2.710958 -0.452393
-1.503924 -0.378962
-2.721351 -0.430949
-2.734825 -0.679309
-0.599814 -0.425061
-0.468595 -0.390083
-0.602355 -0.719710
-0.498526 -1.441535
-0.509021 -1.477830
-0.182089 -1.452927
-0.298362 -1.582227
0.403637 -1.570833
-0.225566 -1.597949
-0.225706 -1.772736
0.409041 -1.584423
0.416217 -1.589271
0.400179 -1.578765
0.352997 -2.345953
-0.078141 -2.276163
0.372590 -2.353433
0.626835 -2.352626
-0.745660 -1.458537
-0.690648 -1.468907
-0.569365 -2.351104
-0.461922 -2.304645
-0.637842 -2.367546
-0.642566 -2.401168
-0.662200 -2.413980
-0.686265 -2.413015
-0.079300 -1.482434
-0.092403 -1.493920
-0.098395 -1.500410
-0.214500 -1.590827
-0.287820 -1.857630
0.005176 -2.301038
-0.050144 -2.268729
-0.601598 -2.349395
-0.090614 -2.104975
-0.990729 -2.391219
-0.967354 -2.375087
-0.883957 -2.410243
-2.160062 -2.595698
-2.110431 -2.590535
-1.795035 -3.037135
-1.747742 -2.702692
-0.929676 -1.125686
-1.808560 -2.569203
-1.963425 -2.585202
-1.735904 -2.554787
-1.743279 -2.692265
-0.295037 -2.025753
-0.245202 -1.901882
-0.605908 -2.199625
0.023228 -1.377652
0.032616 -1.374263
0.195150 -1.463067
-0.191666 -2.233450
-0.125497 -2.186630
-0.237607 -2.237965
-0.688341 -2.379403
-0.699715 -2.400903
-0.828738 -2.410345
-1.751676 -2.538612
-0.372826 -2.247586
-0.401224 -2.256621
-0.344823 -2.251122
-0.112255 -2.193060
-0.190793 -1.837842
0.204081 -1.475299
0.411402 -1.581958
-0.948248 -2.350778
-0.980218 -2.368024
-0.975637 -2.364520
-0.985026 -2.373863
-1.007117 -2.396114
-0.357878 -2.245154
-0.992717 -2.368723
0.520179 -2.356660
-0.299672 -2.245667
-3.015880 -0.078786
-3.030397 -0.116370
-3.916967 0.109376
-3.872964 0.143274
-3.772172 0.216064
-3.817642 0.182793
-3.726195 0.268994
-3.731728 0.281668
-3.036697 -0.137321
