222 2
-1.198298 -0.476939
-1.236246 -0.515338
-1.336743 -0.368920
-1.209792 -1.335926
-1.260654 -0.436069
-4.024594 0.078844
2.050666 1.462098
-4.019096 0.074884
-1.921959 -0.235098
-1.808580 -0.203508
-1.974287 -0.325558
-1.926134 -0.232534
-3.569918 -0.476756
-4.053301 0.084072
2.258239 1.333165
2.284300 1.271330
0.083592 -0.201918
0.177928 -0.174936
1.825877 0.421068
1.879148 0.497913
-0.051120 0.284105
-0.100629 0.250454
-1.559330 -0.976684
-0.040344 -0.195073
1.023996 -0.194835
1.023650 -0.172135
-3.610990 0.095610
2.340096 0.132832
-3.847371 -0.300525
-0.618001 1.005543
-1.630672 -0.070919
1.823603 0.904397
1.800309 0.917979
-3.596117 0.081379
3.321388 1.075989
1.243024 0.062730
1.012318 0.026458
-3.162843 -0.298260
-1.097105 -0.884014
-1.141765 -0.807700
-0.553964 0.658800
-0.587031 0.630254
3.643129 0.935067
1.384090 0.120335
1.077286 0.052308
-1.685998 -0.415255
-1.600255 -0.140424
-1.624297 -0.569368
-1.686182 -0.539029
-0.597364 0.794479
0.482544 -0.137816
0.602327 -0.094156
-3.887038 -0.362233
2.177850 0.390327
-3.218143 0.136579
3.141816 0.476275
-2.107290 -1.201448
-1.481885 -0.072532
-1.464196 -0.130983
2.356115 0.768335
1.970891 0.825280
1.902674 0.928743
2.134521 1.373586
2.165146 1.400155
2.782362 0.622295
2.117102 1.428497
-0.611344 1.020742
-2.016852 -1.239986
-0.068626 -0.189571
-0.009358 -0.190253
-1.544274 -0.971466
2.012946 0.209312
1.901347 0.301299
2.009545 0.128407
2.124861 0.336590
3.638367 0.914219
3.611111 0.912089
0.999076 -0.235274
-1.203743 -1.343000
-4.036034 0.070988
-3.222515 0.112997
0.486885 -0.145880
2.110961 1.459585
3.329243 1.188738
-3.904759 -0.387616
-1.569208 -0.156435
-1.456497 -0.911000
-1.494173 -0.825945
1.799137 0.877498
2.498403 -0.007231
-2.140576 -1.122264
3.162795 0.815188
2.960499 0.848511
2.736131 0.630306
2.683965 0.684959
2.965388 0.738325
3.209152 0.828983
2.803391 0.673643
3.118150 0.550916
1.544994 0.315552
-3.244034 0.153229
-3.275678 0.112534
0.664327 0.687890
0.636853 0.631824
-1.341643 -0.598302
0.975124 0.021040
1.484771 0.307499
-2.047045 -1.231294
-2.047231 -1.125628
2.126528 1.424949
-1.229014 -1.336557
-1.231796 -1.311429
-1.224714 -1.296478
-0.051237 0.274073
2.258204 0.454323
-0.662352 -0.101575
-0.800883 -0.294104
3.135479 0.508372
2.529139 0.421308
2.122774 1.420991
-1.899345 -0.533751
-2.193005 -1.036122
2.505197 -0.023761
2.459347 0.059685
1.921198 1.049638
0.034920 -0.230174
-1.399228 -0.732149
-1.098088 -0.471819
-1.388835 -0.631749
-1.501117 -0.594579
-1.283024 -0.382610
-1.534424 -0.909080
-1.290875 -0.740232
2.598203 1.095867
2.527273 1.026455
2.497091 0.949963
2.104885 0.934989
-1.626964 -0.842625
-1.789903 -0.671194
2.522649 0.729702
2.469189 0.758978
2.445007 0.723418
-2.335903 -0.958135
1.903058 0.248235
1.785065 0.246754
2.330417 0.137503
-4.042846 0.083329
2.496517 0.000995
-2.386889 -0.383003
-2.031557 -1.155001
-2.124820 -1.280127
-3.540117 -0.324313
-3.698993 -0.216781
-3.592759 -0.168964
-3.577190 -0.189532
-3.576125 -0.332708
-3.437516 -0.218217
-3.940740 -0.407233
-3.711672 -0.234677
-3.416206 -0.362155
-3.593936 -0.297820
-3.605340 0.006050
-3.587159 -0.150592
-3.592968 -0.398201
-3.248818 -0.282787
2.149082 0.328139
-3.269673 0.070563
2.201513 0.361439
3.271793 1.207246
3.274268 1.150073
3.468047 0.701138
3.351131 0.754252
-0.632727 1.025632
-0.625715 1.009281
0.739456 -0.039264
1.355285 0.063209
1.347647 0.063905
-2.282722 -0.943071
3.136895 0.488653
-0.725504 -0.272931
0.776262 -0.090340
2.535937 0.473163
2.877603 0.926812
3.367135 0.987430
2.869260 0.895530
2.520966 0.543914
3.312413 0.851889
3.286623 0.957219
3.309041 0.985845
-2.323149 -0.939970
-2.181983 -0.958848
0.642041 0.677764
-2.020819 -1.216767
2.256348 1.199202
2.305331 1.049926
2.331401 1.031701
2.338470 1.090991
-0.551728 0.615952
-1.101289 -0.850864
-1.313201 -0.771088
-3.971411 -0.417371
-3.667119 -0.188499
-3.528356 -0.152117
2.385507 0.128715
2.357137 0.137222
2.356328 1.002988
2.299820 0.966813
2.262354 0.972470
0.348235 0.520449
-1.211916 -1.340442
2.477147 -0.006258
-0.644266 1.017795
-1.444027 -0.092553
-0.625080 1.027349
-2.317014 -0.914720
1.894589 0.918963
1.966680 0.970010
-2.357394 -0.392440
-2.310743 -0.403607
1.501055 0.296338
1.498923 0.278326
-2.328195 -0.928001
